2454345.86827 1.672
2454345.87187 1.684
2454345.87546 1.676
2454345.87903 1.73
2454345.88262 1.724
2454345.8862 1.763
2454345.88981 1.736
2454345.89342 1.696
2454345.89699 1.701
2454345.90058 1.68
2454345.90417 1.681
2454345.90774 1.714
2454345.9113 1.728
2454345.91489 1.717
2454345.91846 1.731
2454345.92203 1.705
2454345.92561 1.69
2454345.92919 1.686
2454345.93277 1.67
2454345.93635 1.684
2454345.93993 1.662
2454345.9435 1.673
2454345.94708 1.706
2454345.95065 1.699
2454345.95423 1.752
2454345.95781 1.766
2454345.96139 1.765
2454345.96499 1.746
2454345.96856 1.752
2454345.97214 1.719
2454345.97572 1.751
2454345.97929 1.721
2454345.98286 1.715
2454345.98642 1.692
2454345.99 1.687
2454345.99361 1.666
2454345.99721 1.662
2454346.00078 1.626
2454346.00436 1.609
2454346.00793 1.631
2454346.0115 1.612
2454346.0325 1.768
2454346.03608 1.759
2454346.03967 1.754
2454346.04327 1.757
2454346.04687 1.714
2454346.05046 1.68
2454346.07208 1.633
2454346.07569 1.637
2454346.07929 1.658
2454346.08424 1.622
2454346.09148 1.65
2454346.09506 1.666
2454346.09864 1.675
2454346.10223 1.69
2454346.10581 1.701
2454346.10941 1.738
2454346.11301 1.746
2454346.1166 1.729
2454346.12018 1.7
2454346.12377 1.688
2454346.12736 1.663
2454346.13094 1.7
2454346.13812 1.66
2454346.14172 1.648
2454346.1453 1.622
2454346.14889 1.629
2454346.15246 1.642
2454346.15604 1.653
2454346.15963 1.725
