2454357.87535 2.512
2454357.8791 2.517
2454357.88274 2.563
2454357.88652 2.575
2454357.89023 2.602
2454357.8939 2.597
2454357.89756 2.553
2454357.90122 2.574
2454357.90488 2.572
2454357.90853 2.558
2454357.91222 2.556
2454357.9159 2.55
2454357.91957 2.567
2454357.92328 2.54
2454357.92693 2.519
2454357.9306 2.512
2454357.93426 2.483
2454357.93796 2.446
2454357.94163 2.453
2454357.94534 2.499
2454357.94902 2.524
2454357.95267 2.536
2454357.95634 2.575
2454357.96004 2.589
2454357.96377 2.59
2454357.96748 2.585
2454357.97119 2.549
2454357.97486 2.58
2454357.99844 2.477
2454358.00216 2.457
2454358.00581 2.471
2454358.01122 2.527
2454358.01488 2.519
2454358.01855 2.557
2454358.02222 2.596
2454358.02596 2.613
2454358.02963 2.645
2454358.03333 2.647
2454358.03699 2.606
2454358.04065 2.554
2454358.04439 2.58
2454358.04813 2.603
2454358.05179 2.6
2454358.05545 2.605
2454358.06257 2.575
2454358.06623 2.554
2454358.06993 2.551
2454358.07373 2.563
2454358.07744 2.531
2454358.08111 2.504
2454358.08485 2.48
2454358.08856 2.461
2454358.1663 2.587
2454358.16996 2.61
2454358.17372 2.63
2454358.1774 2.618
