2454343.88911 1.074
2454343.89276 1.073
2454343.89649 1.07
2454343.90014 1.071
2454343.90379 1.047
2454343.90744 1.025
2454343.91109 1.03
2454343.91478 1.007
2454343.91844 1.023
2454343.92208 1.039
2454343.92573 1.083
2454343.92937 1.166
2454343.93306 1.171
2454343.93671 1.192
2454343.94038 1.197
2454343.94403 1.172
2454343.94768 1.16
2454343.95133 1.157
2454343.95497 1.17
2454343.95862 1.192
2454343.96227 1.216
2454343.96592 1.233
2454343.96958 1.284
2454343.97324 1.265
2454343.9769 1.25
2454343.98057 1.255
2454343.98423 1.254
2454343.98789 1.245
2454343.99153 1.244
2454343.99519 1.265
2454343.99884 1.286
2454344.0025 1.294
2454344.00615 1.265
2454344.00981 1.29
2454344.0135 1.29
2454344.01715 1.279
2454344.04067 1.245
2454344.04435 1.24
2454344.04802 1.215
2454344.05167 1.176
2454344.05534 1.191
2454344.05909 1.14
2454344.06274 1.156
2454344.06642 1.164
2454344.07009 1.175
2454344.07377 1.215
2454344.07749 1.213
2454344.08114 1.21
2454344.08482 1.175
2454344.08848 1.163
2454344.09219 1.133
2454344.09585 1.146
2454344.0995 1.156
2454344.10318 1.146
2454344.10684 1.13
2454344.1105 1.141
2454344.11416 1.082
2454344.11782 1.114
2454344.12152 1.087
2454344.12519 1.064
2454344.12889 1.096
2454344.13254 1.054
2454344.13619 1.09
2454344.13987 1.139
2454344.14354 1.187
2454344.14722 1.166
2454344.15087 1.175
2454344.15453 1.141
2454344.1582 1.133
2454344.16187 1.097
2454344.16554 1.111
2454344.1692 1.111
2454344.17286 1.097
2454344.17651 1.114
2454344.18023 1.095
2454344.18389 1.092
2454344.18755 1.068
2454344.19121 1.044
2454344.19493 1.013
2454344.1986 1.028
