2454358.86712 2.907
2454358.87065 2.92
2454358.87773 2.903
2454358.88124 2.9
2454358.88477 2.918
2454358.89459 2.912
2454358.89826 2.874
2454358.90201 2.887
2454358.90589 2.877
2454358.90956 2.844
2454358.91323 2.825
2454358.91689 2.825
2454358.92059 2.842
2454358.92426 2.871
2454358.92793 2.907
2454358.93159 2.91
2454358.93526 2.927
2454358.93894 2.897
2454358.94267 2.939
2454358.94667 2.902
2454358.9504 2.913
2454358.95406 2.889
2454358.95777 2.916
2454358.96167 2.866
2454358.96539 2.829
2454358.96914 2.841
2454358.97281 2.84
2454358.98826 2.808
2454358.99202 2.839
2454358.99577 2.873
2454358.99959 2.93
2454359.0033 2.925
2454359.00727 2.927
2454359.01105 2.921
2454359.01488 2.919
2454359.01864 2.898
2454359.02239 2.89
2454359.02616 2.885
2454359.02987 2.924
2454359.0337 2.925
2454359.03766 2.899
2454359.04148 2.884
2454359.04531 2.864
2454359.04907 2.847
2454359.0529 2.841
2454359.05679 2.83
2454359.06068 2.828
2454359.0645 2.866
2454359.06843 2.89
2454359.07219 2.92
2454359.07604 2.898
2454359.0798 2.906
2454359.08355 2.914
2454359.08746 2.931
2454359.09134 2.893
2454359.09523 2.895
2454359.099 2.864
2454359.10284 2.867
2454359.10659 2.843
2454359.11035 2.86
2454359.11411 2.82
2454359.11792 2.785
2454359.12175 2.786
2454359.12565 2.803
2454359.1294 2.829
2454359.13322 2.858
2454359.13703 2.911
2454359.14086 2.958
2454359.14468 2.936
2454359.1485 2.973
2454359.15228 2.973
2454359.15603 2.915
2454359.1598 2.916
2454359.16354 2.915
2454359.16729 2.935
2454359.17106 2.88
2454359.17501 2.905
2454359.17883 2.936
2454359.18259 2.923
2454359.18655 2.969
2454359.19056 2.93
2454359.19432 2.853
