2454341.87757 1.701
2454341.88066 1.766
2454341.90594 1.882
2454341.90987 1.733
2454341.94012 1.562
2454341.94404 1.599
2454341.95854 1.874
2454341.96162 1.839
2454341.97716 1.74
2454341.98024 1.885
2454341.99477 1.822
2454341.99869 1.859
2454342.03199 1.675
2454342.03506 1.777
2454342.04956 1.702
2454342.05264 1.709
2454342.06824 1.717
2454342.07131 1.704
2454342.08589 1.945
2454342.08982 1.883
2454342.10434 1.897
2454342.10743 1.766
2454342.12314 1.898
2454342.12622 1.882
2454342.14066 1.899
2454342.14374 1.693
