2454324.96577 1.479
2454324.96942 1.505
2454324.97654 1.473
2454324.98036 1.484
2454324.98413 1.485
2454324.98786 1.473
2454324.99156 1.472
2454324.99525 1.465
2454324.99894 1.451
2454325.00334 1.444
2454325.00699 1.474
2454325.01083 1.487
2454325.01459 1.462
2454325.02205 1.467
2454325.0257 1.436
2454325.02942 1.467
2454325.03315 1.46
2454325.03684 1.43
2454325.0406 1.432
2454325.04426 1.467
2454325.04792 1.46
2454325.0517 1.449
2454325.05553 1.472
2454325.0817 1.427
2454325.08539 1.438
2454325.08906 1.5
2454325.09305 1.508
2454325.11444 1.396
2454325.11867 1.441
2454325.12247 1.445
2454325.12629 1.488
2454325.13237 1.458
2454325.13651 1.494
2454325.14213 1.447
2454325.14597 1.408
2454325.15003 1.412
2454325.15388 1.478
2454325.158 1.454
2454325.16205 1.443
2454325.16708 1.464
2454325.17232 1.461
2454325.17663 1.538
2454325.18086 1.56
2454325.1849 1.491
2454325.18907 1.477
2454325.19292 1.553
2454325.19677 1.509
2454325.20122 1.504
2454325.20589 1.49
2454325.21 1.555
2454325.21432 1.526
2454325.2186 1.483
2454325.22305 1.457
