2455450.03353 3.241
2455450.03714 3.213
2455450.04071 3.184
2455450.0443 3.225
2455450.04788 3.235
2455450.05146 3.213
2455450.05503 3.246
2455450.0586 3.231
2455450.06217 3.162
2455450.06574 3.196
2455450.0693 3.228
2455450.07287 3.174
2455450.07755 3.166
2455450.08112 3.194
2455450.0847 3.2
2455450.08827 3.209
2455450.09185 3.212
2455450.09542 3.139
2455450.09899 3.205
2455450.14872 3.212
2455450.15231 3.207
2455450.15592 3.185
2455450.15952 3.255
2455450.16312 3.214
2455450.16673 3.225
2455450.17034 3.264
2455450.17396 3.25
2455450.17757 3.22
2455450.18118 3.22
2455450.18479 3.229
2455450.18838 3.265
2455450.19338 3.219
2455450.19699 3.2
2455450.20061 3.205
2455450.20422 3.164
2455450.21144 3.194
2455450.21507 3.169
2455450.21867 3.128
2455450.22227 3.17
2455450.22588 3.155
2455450.22948 3.177
2455450.2331 3.112
2455450.2419 3.174
2455450.24551 3.147
2455450.24911 3.169
2455450.25271 3.148
2455450.26357 3.185
2455450.27079 3.205
2455450.27441 3.135
2455450.27801 3.189
2455450.28315 3.238
2455450.28677 3.246
2455450.29037 3.209
2455450.29398 3.217
