2455450.94154 0.463
2455450.94512 0.481
2455450.95065 0.494
2455450.95424 0.48
2455450.95781 0.505
2455450.96138 0.459
2455450.9685 0.482
2455450.97209 0.487
2455450.97573 0.498
2455450.9793 0.512
2455450.98287 0.488
2455450.98644 0.379
2455450.99357 0.388
2455450.99717 0.397
2455451.00077 0.389
2455451.00434 0.409
2455451.00794 0.444
2455451.01152 0.481
2455451.01508 0.48
2455451.01868 0.367
2455451.0223 0.407
2455451.0259 0.446
2455451.0295 0.465
2455451.03307 0.418
2455451.03804 0.431
2455451.0416 0.401
2455451.04518 0.399
2455451.04874 0.39
2455451.05231 0.424
2455451.05589 0.425
2455451.05946 0.443
2455451.06303 0.389
2455451.06662 0.468
2455451.07023 0.482
2455451.07381 0.453
2455451.07737 0.406
2455451.08093 0.387
2455451.0845 0.412
2455451.08811 0.45
2455451.09168 0.494
2455451.09524 0.45
2455451.09884 0.458
2455451.10241 0.421
2455451.15588 0.462
2455451.15948 0.435
2455451.16309 0.425
2455451.16669 0.454
2455451.17029 0.47
2455451.17391 0.443
2455451.18111 0.448
2455451.18471 0.465
2455451.18832 0.464
2455451.19192 0.449
2455451.19552 0.488
2455451.19914 0.456
2455451.20274 0.473
2455451.20993 0.452
2455451.21354 0.467
2455451.21715 0.493
2455451.22075 0.483
2455451.22435 0.468
2455451.22795 0.488
2455451.23155 0.53
