2456098.665927 +16.564
2456098.668862 +16.572
2456098.671789 +16.582
2456098.674721 +16.574
2456098.677648 +16.532
2456098.680593 +16.542
2456098.683527 +16.480
2456098.720788 +16.512
2456098.743253 +16.505
2456098.746189 +16.505
2456098.749115 +16.488
2456098.752050 +16.496
2456098.754982 +16.505
2456098.757912 +16.482
2456098.760846 +16.490
2456098.768879 +16.539
2456098.771806 +16.569
2456098.774737 +16.589
2456098.777666 +16.564
2456098.780595 +16.594
2456098.792326 +16.571
2456098.795258 +16.544
2456098.802927 +16.497
2456098.805858 +16.492
2456098.808796 +16.488
2456098.811721 +16.510
2456098.814663 +16.510
2456098.817595 +16.518
2456098.820518 +16.548
2456098.823451 +16.540
2456098.826388 +16.521
2456098.836136 +16.531
2456098.839071 +16.481
2456098.841999 +16.519
2456098.844930 +16.523
2456098.847864 +16.501
2456098.859585 +16.544
2456098.862526 +16.555
2456098.869293 +16.553
2456098.875173 +16.499
2456098.878101 +16.510
2456098.881035 +16.540
2456098.908355 +16.484
2456098.917143 +16.508
2456098.920073 +16.529
2456098.923007 +16.518
