2456091.647152 +16.474
2456091.650087 +16.476
2456091.653014 +16.502
2456091.664760 +16.459
2456091.667692 +16.467
2456091.670626 +16.509
2456091.673551 +16.478
2456091.684545 +16.533
2456091.687470 +16.492
2456091.690406 +16.476
2456091.693337 +16.471
2456091.696264 +16.481
2456091.699196 +16.475
2456091.702126 +16.444
2456091.705050 +16.437
2456091.721473 +16.488
2456091.724406 +16.476
2456091.727337 +16.495
2456091.736123 +16.506
2456091.739055 +16.494
2456091.741987 +16.511
2456091.749604 +16.516
2456091.752533 +16.532
2456091.755466 +16.518
2456091.758394 +16.537
2456091.761324 +16.552
2456091.767181 +16.531
2456091.770116 +16.490
2456091.773057 +16.499
2456091.775983 +16.473
2456091.792236 +16.490
2456091.795172 +16.526
2456091.798104 +16.490
2456091.801033 +16.476
2456091.803966 +16.499
2456091.806902 +16.463
2456091.809827 +16.445
2456091.823210 +16.417
2456091.826137 +16.403
2456091.829072 +16.416
2456091.831998 +16.419
2456091.834933 +16.391
2456091.837865 +16.404
2456091.840794 +16.435
2456091.843725 +16.423
2456091.868947 +16.489
2456091.871884 +16.508
2456091.874814 +16.504
2456091.877740 +16.494
2456091.885077 +16.480
2456091.888007 +16.476
2456091.890934 +16.463
2456091.893866 +16.475
2456091.896798 +16.472
2456091.899722 +16.480
2456091.905588 +16.521
2456091.908524 +16.482
2456091.911459 +16.506
2456091.919158 +16.486
2456091.922091 +16.486
2456091.925028 +16.452
2456091.927954 +16.430
