2453871.8861 0.302
2453871.8908 0.307
2453871.89384 0.295
2453871.92576 0.605
2453871.92881 0.57
2453871.93185 0.594
2453871.95021 0.36
2453871.95325 0.331
2453871.95629 0.291
2453871.97456 0.368
2453871.9776 0.37
2453871.98068 0.41
2453871.99873 0.6
2453872.00177 0.544
2453872.00575 0.537
2453872.02311 0.292
2453872.02616 0.307
2453872.03014 0.317
2453872.06045 0.614
2453872.06443 0.604
2453872.06748 0.58
2453872.0857 0.34
2453872.08875 0.337
2453872.09179 0.299
2453872.10992 0.402
2453872.11296 0.458
2453872.11601 0.506
2453872.13204 0.63
2453872.13508 0.551
2453872.13812 0.495
2453872.1539 0.335
2453872.15701 0.297
2453872.16006 0.205
2453872.17503 0.367
2453872.17903 0.419
2453872.18207 0.472
2453872.19702 0.642
2453872.20101 0.634
2453872.20405 0.592
2453872.21904 0.31
2453872.22302 0.262
2453872.22606 0.265
2453872.24133 0.348
2453872.24437 0.374
