2453876.85263 0.459
2453876.85572 0.493
2453876.87242 0.582
2453876.87557 0.487
2453876.87867 0.467
2453876.89991 0.312
2453876.90393 0.325
2453876.90702 0.321
2453876.94637 0.515
2453876.95039 0.407
2453876.95349 0.398
2453876.97181 0.339
2453876.9749 0.349
2453876.978 0.361
2453876.99622 0.611
2453876.99932 0.672
2453877.00241 0.66
2453877.02073 0.399
2453877.02385 0.377
2453877.02694 0.376
2453877.07102 0.624
2453877.07503 0.602
2453877.07813 0.612
2453877.09562 0.323
2453877.09963 0.315
2453877.10275 0.32
2453877.11767 0.375
2453877.12168 0.424
2453877.12481 0.49
2453877.13976 0.608
2453877.14377 0.577
2453877.14687 0.508
2453877.16188 0.352
2453877.16498 0.382
2453877.1693 0.302
2453877.18426 0.383
2453877.18737 0.393
2453877.19137 0.476
2453877.20631 0.594
2453877.2094 0.588
2453877.21341 0.585
2453877.22833 0.324
