2456095.681078 +16.537
2456095.684011 +16.541
2456095.718065 +16.589
2456095.721007 +16.613
2456095.723939 +16.604
2456095.726868 +16.596
2456095.735660 +16.607
2456095.738595 +16.565
2456095.741521 +16.586
2456095.749254 +16.585
2456095.752187 +16.564
2456095.755122 +16.559
2456095.758054 +16.552
2456095.760987 +16.544
2456095.763928 +16.537
2456095.775662 +16.512
2456095.797316 +16.481
2456095.800248 +16.490
2456095.803181 +16.511
2456095.806108 +16.517
2456095.809049 +16.528
2456095.811985 +16.539
2456095.814914 +16.547
2456095.817852 +16.568
2456095.820788 +16.560
2456095.823721 +16.564
2456095.833250 +16.619
2456095.836183 +16.621
2456095.839118 +16.608
2456095.842043 +16.629
2456095.844977 +16.626
2456095.847903 +16.598
2456095.850857 +16.585
2456095.853789 +16.580
2456095.856724 +16.571
2456095.859653 +16.573
2456095.903556 +16.492
2456095.906490 +16.515
2456095.909423 +16.496
2456095.912349 +16.547
2456095.918233 +16.547
2456095.921169 +16.554
2456095.924100 +16.545
2456095.927040 +16.563
2456095.929977 +16.550
