2456087.669617 +16.462
2456087.672548 +16.491
2456087.675486 +16.485
2456087.695152 +16.441
2456087.701029 +16.447
2456087.703960 +16.462
2456087.709826 +16.453
2456087.751749 +16.354
2456087.754681 +16.361
2456087.757607 +16.388
2456087.760554 +16.404
2456087.763485 +16.408
2456087.766422 +16.412
2456087.769344 +16.392
2456087.772281 +16.410
2456087.775208 +16.445
2456087.778140 +16.427
2456087.785383 +16.447
2456087.788331 +16.470
2456087.791263 +16.455
2456087.794188 +16.470
2456087.797117 +16.463
2456087.800054 +16.458
2456087.802979 +16.410
2456087.805912 +16.426
2456087.808846 +16.407
2456087.811772 +16.400
2456087.820137 +16.418
2456087.823085 +16.462
2456087.826017 +16.431
2456087.828941 +16.455
2456087.831872 +16.458
2456087.834799 +16.441
2456087.837728 +16.430
2456087.840663 +16.419
2456087.874143 +16.339
2456087.877069 +16.391
2456087.880023 +16.398
2456087.887467 +16.381
2456087.893368 +16.406
2456087.899222 +16.437
2456087.902158 +16.399
2456087.905093 +16.433
2456087.908017 +16.443
2456087.910950 +16.444
2456087.913876 +16.417
