2456969.577626 +13.930
2456969.579212 +13.955
2456969.580807 +13.997
2456969.582389 +14.032
2456969.583990 +14.060
2456969.585577 +14.090
2456969.587172 +14.108
2456969.588757 +14.121
2456969.590353 +14.127
2456969.595510 +14.136
2456969.597105 +14.161
2456969.598697 +14.155
2456969.600283 +14.154
2456969.601876 +14.143
2456969.603458 +14.137
2456969.605055 +14.095
2456969.606641 +14.078
2456969.608241 +14.054
2456969.609830 +14.025
2456969.613515 +13.930
2456969.615097 +13.916
2456969.616689 +13.906
2456969.618272 +13.860
2456969.619866 +13.854
2456969.621454 +13.837
2456969.623047 +13.819
2456969.624642 +13.828
2456969.626233 +13.829
2456969.627822 +13.803
2456969.633065 +13.827
2456969.634653 +13.834
2456969.636245 +13.855
2456969.637827 +13.857
2456969.639426 +13.882
2456969.641007 +13.907
2456969.642609 +13.932
2456969.644193 +13.962
2456969.645790 +13.984
2456969.647378 +14.012
2456969.651125 +14.054
2456969.652716 +14.070
2456969.654309 +14.098
2456969.655901 +14.102
2456969.657494 +14.120
2456969.659093 +14.118
2456969.660677 +14.120
2456969.662273 +14.120
2456969.665457 +14.113
2456969.670608 +14.070
2456969.673788 +14.023
2456969.675385 +14.017
2456969.678563 +13.945
2456969.681735 +13.907
2456969.683321 +13.875
2456969.687883 +13.807
2456969.689468 +13.795
2456969.691065 +13.796
2456969.692676 +13.793
2456969.694264 +13.788
2456969.695861 +13.795
2456969.697449 +13.822
2456969.699047 +13.821
2456969.700634 +13.848
2456969.702231 +13.864
2456969.705804 +13.941
2456969.707404 +13.965
2456969.709000 +14.006
2456969.710593 +14.038
2456969.712189 +14.063
2456969.713790 +14.102
2456969.715399 +14.115
2456969.716985 +14.127
2456969.718589 +14.132
2456969.720177 +14.128
2456969.723836 +14.124
2456969.725432 +14.123
2456969.727041 +14.126
2456969.728629 +14.108
2456969.730224 +14.103
2456969.731813 +14.079
2456969.733407 +14.034
2456969.734990 +14.023
2456969.736590 +13.971
2456969.738177 +13.965
2456969.743749 +13.877
2456969.745338 +13.843
2456969.746932 +13.848
2456969.748531 +13.830
2456969.750121 +13.824
2456969.751712 +13.821
2456969.753303 +13.808
2456969.754904 +13.819
2456969.756489 +13.815
2456969.758082 +13.813
2456969.761990 +13.856
2456969.763575 +13.868
2456969.765171 +13.882
2456969.766758 +13.904
2456969.768354 +13.923
2456969.769943 +13.950
2456969.771546 +13.985
2456969.773140 +13.999
2456969.774733 +14.012
2456969.776335 +14.040
2456969.779899 +14.065
2456969.781480 +14.091
2456969.783078 +14.100
2456969.784682 +14.118
2456969.786274 +14.114
2456969.787868 +14.140
2456969.789458 +14.123
2456969.791054 +14.115
2456969.792641 +14.093
2456969.794234 +14.095
2456969.799089 +14.047
2456969.800683 +14.021
2456969.802277 +13.996
2456969.803879 +13.944
2456969.805469 +13.930
2456969.807059 +13.893
2456969.808658 +13.875
2456969.810261 +13.868
2456969.811866 +13.848
2456969.813455 +13.826
2456969.817032 +13.808
2456969.818634 +13.807
2456969.820229 +13.795
2456969.821829 +13.816
2456969.823424 +13.817
2456969.825021 +13.823
2456969.826622 +13.848
2456969.828216 +13.853
2456969.829815 +13.893
2456969.831407 +13.917
2456969.834985 +14.010
2456969.836577 +14.035
2456969.838174 +14.063
2456969.839767 +14.097
2456969.841371 +14.104
2456969.842962 +14.127
2456969.844550 +14.129
2456969.846145 +14.130
2456969.847739 +14.137
2456969.849335 +14.146
2456969.854491 +14.141
2456969.856087 +14.114
2456969.857672 +14.107
2456969.859262 +14.069
2456969.860854 +14.040
2456969.862451 +13.997
2456969.864040 +13.977
2456969.865635 +13.947
2456969.867232 +13.910
2456969.868830 +13.897
2456969.872474 +13.882
2456969.874070 +13.822
2456969.875661 +13.831
2456969.877255 +13.809
2456969.878841 +13.806
2456969.880441 +13.805
2456969.882026 +13.818
2456969.883619 +13.809
2456969.885207 +13.830
2456969.886800 +13.831
2456969.893721 +13.912
2456969.895304 +13.943
2456969.896900 +13.982
2456969.898482 +14.001
2456969.900082 +14.031
2456969.903282 +14.053
2456969.904873 +14.091
2456969.909409 +14.105
2456969.911005 +14.097
2456969.912595 +14.151
2456969.914185 +14.129
2456969.915774 +14.140
2456969.917368 +14.126
2456969.918967 +14.137
2456969.920560 +14.109
2456969.922147 +14.105
2456969.923737 +14.092
2456969.927301 +14.025
2456969.928890 +13.992
2456969.930486 +13.976
2456969.932070 +13.934
2456969.933666 +13.915
2456969.935252 +13.897
2456969.936852 +13.903
2456969.938447 +13.874
2456969.940044 +13.831
2456969.975368 +14.145
2456969.976978 +14.142
2456969.978560 +14.171
2456969.982453 +14.119
2456969.984049 +14.092
2456969.985652 +14.079
2456969.987252 +14.044
2456969.988844 +14.026
2456969.990441 +13.969
2456969.992041 +13.973
2456969.993634 +13.935
2456969.995237 +13.910
2456969.996829 +13.881
