2456971.577912 +13.953
2456971.579492 +13.931
2456971.581085 +13.911
2456971.582672 +13.891
2456971.584267 +13.863
2456971.585802 +13.842
2456971.587407 +13.832
2456971.589000 +13.827
2456971.590597 +13.821
2456971.595778 +13.809
2456971.597364 +13.834
2456971.598958 +13.840
2456971.600543 +13.874
2456971.602138 +13.892
2456971.603726 +13.922
2456971.605325 +13.947
2456971.606909 +13.994
2456971.608509 +14.034
2456971.610096 +14.064
2456971.613661 +14.103
2456971.615245 +14.115
2456971.616838 +14.109
2456971.618423 +14.142
2456971.620026 +14.139
2456971.621610 +14.153
2456971.623204 +14.145
2456971.624790 +14.147
2456971.626388 +14.137
2456971.627972 +14.133
2456971.633070 +14.023
2456971.634659 +14.002
2456971.636251 +13.967
2456971.637839 +13.938
2456971.639432 +13.910
2456971.641016 +13.893
2456971.642604 +13.873
2456971.644193 +13.851
2456971.645783 +13.834
2456971.647375 +13.821
2456971.650942 +13.805
2456971.652527 +13.796
2456971.654125 +13.806
2456971.655710 +13.809
2456971.657304 +13.818
2456971.658893 +13.830
2456971.660487 +13.831
2456971.662071 +13.853
2456971.663669 +13.871
2456971.665255 +13.890
2456971.668944 +13.935
2456971.670532 +13.969
2456971.672125 +13.983
2456971.673731 +14.005
2456971.675320 +14.031
2456971.676914 +14.054
2456971.678503 +14.067
2456971.680109 +14.094
2456971.681691 +14.109
2456971.683293 +14.115
2456971.687789 +14.122
2456971.689374 +14.115
2456971.690972 +14.103
2456971.692557 +14.104
2456971.694153 +14.080
2456971.695738 +14.074
2456971.697336 +14.060
2456971.698922 +14.035
2456971.700508 +14.007
2456971.702105 +13.962
2456971.705875 +13.910
2456971.707478 +13.889
2456971.709064 +13.854
2456971.710659 +13.834
2456971.712245 +13.834
2456971.713841 +13.817
2456971.715432 +13.814
2456971.717030 +13.806
2456971.718628 +13.810
2456971.720224 +13.806
2456971.723802 +13.825
2456971.725400 +13.836
2456971.726999 +13.866
2456971.728593 +13.878
2456971.730183 +13.929
2456971.731782 +13.967
2456971.733377 +14.003
2456971.734974 +14.026
2456971.736574 +14.062
2456971.738168 +14.081
2456971.742700 +14.145
2456971.744303 +14.131
2456971.745897 +14.142
2456971.747507 +14.151
2456971.750705 +14.153
2456971.752287 +14.157
2456971.753885 +14.138
2456971.755487 +14.127
2456971.757075 +14.090
2456971.760652 +14.023
2456971.762256 +13.997
2456971.763845 +13.976
2456971.765441 +13.944
2456971.767039 +13.909
2456971.768637 +13.887
2456971.770225 +13.861
2456971.771820 +13.844
2456971.773417 +13.836
2456971.775028 +13.816
2456971.778612 +13.811
2456971.780207 +13.817
2456971.781803 +13.817
2456971.783399 +13.814
2456971.784991 +13.815
2456971.786592 +13.833
2456971.788180 +13.846
2456971.789777 +13.855
2456971.791363 +13.882
2456971.792961 +13.901
2456971.797882 +13.989
2456971.799486 +13.986
2456971.801088 +14.016
2456971.802682 +14.043
2456971.804268 +14.063
2456971.805873 +14.086
2456971.807452 +14.112
2456971.809050 +14.111
2456971.810638 +14.133
2456971.812232 +14.119
2456971.815920 +14.128
2456971.817509 +14.107
2456971.819102 +14.102
2456971.820691 +14.093
2456971.822284 +14.077
2456971.823873 +14.069
2456971.825468 +14.040
2456971.827060 +14.019
2456971.828665 +13.966
2456971.830272 +13.957
2456971.833950 +13.901
2456971.835558 +13.862
2456971.837150 +13.859
2456971.838750 +13.825
2456971.840352 +13.836
2456971.841940 +13.805
2456971.843535 +13.785
2456971.845132 +13.798
2456971.846730 +13.798
2456971.848319 +13.795
2456971.852706 +13.860
2456971.854303 +13.880
2456971.855900 +13.905
2456971.857506 +13.948
2456971.859095 +13.973
2456971.860691 +14.017
2456971.862279 +14.035
2456971.863874 +14.078
2456971.865477 +14.104
2456971.867074 +14.105
2456971.870957 +14.136
2456971.872543 +14.149
2456971.874136 +14.138
2456971.875726 +14.150
2456971.877323 +14.148
2456971.878911 +14.144
2456971.880517 +14.138
2456971.882107 +14.113
2456971.883697 +14.082
2456971.885296 +14.047
2456971.889101 +13.995
2456971.890686 +13.969
2456971.892280 +13.938
2456971.893865 +13.889
2456971.895465 +13.899
2456971.908122 +13.826
2456971.909714 +13.826
2456971.911316 +13.834
2456971.912925 +13.848
2456971.914518 +13.852
2456971.916114 +13.869
2456971.917699 +13.895
2456971.919294 +13.892
2456971.920885 +13.944
2456971.922484 +13.949
2456971.926064 +14.000
2456971.927658 +14.011
2456971.929252 +14.059
2456971.930850 +14.075
2456971.932440 +14.088
2456971.934036 +14.108
2456971.935621 +14.108
2456971.937228 +14.125
2456971.938812 +14.131
2456971.940409 +14.133
2456971.944095 +14.116
2456971.945681 +14.116
2456971.947274 +14.116
2456971.948862 +14.076
2456971.950460 +14.077
2456971.952043 +14.059
2456971.953631 +14.021
2456971.955221 +13.985
2456971.956825 +13.966
2456971.958408 +13.935
2456971.962907 +13.893
2456971.964494 +13.849
2456971.966105 +13.835
2456971.967697 +13.838
2456971.969289 +13.822
2456971.970892 +13.811
2456971.972482 +13.821
2456971.974075 +13.829
2456971.975664 +13.835
2456971.977267 +13.851
2456971.981026 +13.883
2456971.982621 +13.916
2456971.984204 +13.970
2456971.985806 +13.998
2456971.987395 +14.015
2456971.988993 +14.061
