2456967.580566 +14.164
2456967.582287 +14.112
2456967.584013 +14.104
2456967.585735 +14.068
2456967.587463 +14.053
2456967.589180 +14.011
2456967.590913 +13.994
2456967.592630 +13.969
2456967.594351 +13.951
2456967.596079 +13.922
2456967.599792 +13.906
2456967.601512 +13.920
2456967.610112 +13.953
2456967.611832 +13.972
2456967.615293 +14.010
2456967.618995 +14.047
2456967.624165 +14.139
2456967.634514 +14.240
2456967.642091 +14.203
2456967.643817 +14.172
2456967.645539 +14.174
2456967.647260 +14.149
2456967.648986 +14.110
2456967.650711 +14.066
2456967.652432 +14.032
2456967.654145 +14.004
2456967.655873 +13.993
2456967.659571 +13.931
2456967.661284 +13.909
2456967.663002 +13.914
2456967.664741 +13.915
2456967.666462 +13.894
2456967.668193 +13.888
2456967.669925 +13.909
2456967.671645 +13.918
2456967.673366 +13.906
2456967.675079 +13.952
2456967.678785 +13.981
2456967.680499 +14.026
2456967.682222 +14.066
2456967.683944 +14.099
2456967.685656 +14.140
2456967.687371 +14.166
2456967.689092 +14.208
2456967.690815 +14.211
2456967.694261 +14.211
2456967.700099 +14.240
2456967.701831 +14.204
2456967.703564 +14.221
2456967.705333 +14.206
2456967.707052 +14.151
2456967.708781 +14.146
2456967.710501 +14.118
2456967.712232 +14.061
2456967.713941 +14.038
2456967.715654 +14.000
2456967.719361 +13.936
2456967.721080 +13.926
2456967.722800 +13.894
2456967.724519 +13.891
2456967.726237 +13.882
2456967.727960 +13.884
2456967.729683 +13.887
2456967.731408 +13.894
2456967.733124 +13.900
2456967.734847 +13.900
2456967.738555 +13.927
2456967.740279 +13.950
2456967.742007 +13.971
2456967.743732 +13.999
2456967.745457 +14.011
2456967.747176 +14.049
2456967.754054 +14.139
2456967.759345 +14.207
2456967.761061 +14.202
2456967.762787 +14.195
2456967.764514 +14.235
2456967.766234 +14.212
2456967.767962 +14.202
2456967.769689 +14.202
2456967.771411 +14.184
2456967.773130 +14.166
2456967.774848 +14.133
2456967.780560 +14.016
2456967.782288 +13.986
2456967.784013 +13.975
2456967.785742 +13.946
2456967.787474 +13.912
2456967.789206 +13.910
2456967.790927 +13.885
2456967.792661 +13.869
2456967.806693 +14.025
2456967.808412 +14.052
2456967.810126 +14.094
2456967.811847 +14.127
2456967.813564 +14.152
2456967.819886 +14.219
2456967.821615 +14.210
2456967.823335 +14.201
2456967.825055 +14.216
2456967.826766 +14.206
2456967.828485 +14.223
2456967.830198 +14.203
2456967.831923 +14.174
2456967.833638 +14.150
2456967.835351 +14.109
2456967.854760 +13.865
2456967.860465 +13.912
2456967.862187 +13.887
2456967.863908 +13.920
2456967.865629 +13.930
2456967.867358 +13.968
2456967.869083 +13.992
2456967.870806 +14.001
2456967.872527 +14.019
2456967.874250 +14.060
2456967.880426 +14.154
2456967.882145 +14.161
2456967.883873 +14.186
2456967.885593 +14.184
2456967.887320 +14.200
2456967.889042 +14.195
2456967.890763 +14.207
2456967.892490 +14.195
2456967.894206 +14.184
2456967.895934 +14.157
2456967.901358 +14.104
2456967.903084 +14.064
2456967.904805 +14.041
2456967.906533 +14.000
2456967.908250 +13.974
2456967.909973 +13.951
2456967.911693 +13.930
2456967.913414 +13.910
2456967.915140 +13.888
2456967.918848 +13.879
2456967.920575 +13.896
2456967.929171 +13.939
2456967.930894 +13.992
2456967.932611 +14.004
2456967.934341 +14.036
2456967.939890 +14.118
2456967.967743 +13.989
2456967.969464 +13.978
2456967.971182 +13.953
2456967.972900 +13.937
2456967.974616 +13.898
2456967.978314 +13.884
2456967.980034 +13.899
2456967.981754 +13.877
2456967.983472 +13.869
2456967.985193 +13.893
2456967.986927 +13.885
2456967.988659 +13.893
2456967.990379 +13.903
2456967.992099 +13.943
2456967.993811 +13.943
2456967.999596 +14.029
2456968.001317 +14.055
2456968.003044 +14.099
2456968.004767 +14.107
