2456970.576879 +13.805
2456970.578472 +13.805
2456970.580065 +13.797
2456970.581655 +13.803
2456970.583250 +13.812
2456970.584844 +13.827
2456970.586432 +13.850
2456970.588027 +13.864
2456970.589622 +13.907
2456970.591215 +13.927
2456970.594898 +14.011
2456970.596492 +14.042
2456970.604477 +14.129
2456970.606066 +14.141
2456970.607653 +14.149
2456970.609248 +14.131
2456970.633356 +13.823
2456970.634945 +13.800
2456970.636540 +13.792
2456970.638128 +13.788
2456970.639723 +13.789
2456970.641310 +13.792
2456970.642904 +13.785
2456970.644490 +13.795
2456970.646085 +13.803
2456970.647673 +13.814
2456970.651418 +13.855
2456970.653015 +13.879
2456970.654610 +13.900
2456970.656212 +13.926
2456970.657803 +13.951
2456970.659397 +13.973
2456970.660983 +13.998
2456970.662578 +14.017
2456970.664163 +14.041
2456970.665757 +14.065
2456970.669317 +14.081
2456970.670906 +14.098
2456970.672498 +14.110
2456970.674084 +14.107
2456970.675680 +14.106
2456970.677263 +14.108
2456970.678864 +14.086
2456970.680454 +14.070
2456970.682050 +14.062
2456970.683632 +14.047
2456970.688113 +13.974
2456970.689701 +13.940
2456970.691293 +13.924
2456970.692880 +13.892
2456970.694476 +13.883
2456970.696062 +13.850
2456970.697658 +13.830
2456970.699243 +13.817
2456970.700840 +13.812
2456970.702425 +13.799
2456970.706172 +13.784
2456970.707763 +13.783
2456970.709361 +13.794
2456970.710959 +13.818
2456970.712552 +13.823
2456970.714139 +13.844
2456970.715727 +13.866
2456970.717317 +13.895
2456970.718913 +13.934
2456970.720508 +13.966
2456970.724070 +14.025
2456970.725665 +14.057
2456970.727251 +14.084
2456970.728836 +14.096
2456970.738375 +14.117
2456970.743498 +14.080
2456970.745087 +14.045
2456970.746676 +14.017
2456970.748272 +13.977
2456970.749859 +13.961
2456970.751450 +13.932
2456970.753040 +13.911
2456970.754636 +13.880
2456970.756226 +13.873
2456970.757828 +13.841
2456970.761502 +13.815
2456970.763088 +13.809
2456970.764684 +13.794
2456970.766271 +13.802
2456970.767865 +13.810
2456970.769449 +13.809
2456970.771049 +13.812
2456970.772634 +13.806
2456970.774235 +13.827
2456970.775821 +13.830
2456970.779568 +13.879
2456970.781159 +13.902
2456970.782751 +13.936
2456970.784337 +13.948
2456970.785930 +13.970
2456970.787522 +14.001
2456970.789112 +14.018
2456970.790699 +14.043
2456970.792299 +14.049
2456970.793883 +14.086
2456970.798606 +14.094
2456970.800205 +14.105
2456970.801797 +14.102
2456970.803390 +14.101
2456970.804986 +14.080
2456970.806584 +14.093
2456970.808173 +14.048
2456970.809773 +14.057
2456970.811370 +14.036
2456970.812971 +13.997
2456970.816548 +13.950
2456970.818139 +13.908
2456970.819736 +13.871
2456970.821334 +13.858
2456970.822917 +13.835
2456970.824507 +13.815
2456970.826096 +13.792
2456970.827695 +13.797
2456970.829287 +13.788
2456970.830884 +13.770
2456970.834458 +13.790
2456970.836047 +13.797
2456970.837645 +13.799
2456970.839238 +13.814
2456970.840831 +13.840
2456970.842422 +13.856
2456970.844013 +13.906
2456970.845606 +13.927
2456970.847198 +13.952
2456970.848790 +13.996
2456970.853366 +14.074
2456970.854964 +14.077
2456970.856547 +14.108
2456970.864506 +14.107
2456970.866098 +14.108
2456970.867688 +14.095
2456970.871365 +14.054
2456970.872952 +14.019
2456970.874546 +13.991
2456970.876130 +13.969
2456970.877727 +13.931
2456970.879317 +13.903
2456970.880908 +13.883
2456970.882499 +13.863
2456970.884093 +13.836
2456970.885674 +13.822
2456970.889422 +13.799
2456970.891025 +13.796
2456970.892605 +13.789
2456970.895799 +13.795
2456970.897401 +13.800
2456970.898979 +13.805
2456970.900577 +13.818
2456970.902158 +13.831
2456970.903753 +13.849
2456970.908158 +13.906
2456970.909741 +13.935
2456970.911330 +13.969
2456970.912921 +13.971
2456970.914521 +14.027
2456970.916106 +14.040
2456970.917703 +14.062
2456970.919286 +14.088
2456970.920887 +14.093
2456970.922477 +14.093
2456970.926215 +14.095
2456970.927810 +14.114
2456970.929404 +14.097
2456970.930996 +14.105
2456970.932585 +14.090
2456970.934171 +14.085
2456970.935767 +14.059
2456970.937361 +14.051
2456970.938951 +14.034
2456970.940544 +14.001
2456970.944105 +13.923
2456970.945692 +13.904
2456970.947286 +13.887
2456970.948873 +13.848
2456970.950472 +13.853
2456970.952055 +13.836
