2456966.581691 +13.909
2456966.583414 +13.870
2456966.585146 +13.877
2456966.588595 +13.863
2456966.593764 +13.877
2456966.595485 +13.877
2456966.597196 +13.910
2456966.600909 +13.945
2456966.602623 +13.971
2456966.604345 +13.988
2456966.609506 +14.072
2456966.627011 +14.164
2456966.628728 +14.170
2456966.632167 +14.152
2456966.635611 +14.092
2456966.642883 +13.943
2456966.644607 +13.930
2456966.646336 +13.907
2456966.648052 +13.904
2456966.649776 +13.884
2456966.651502 +13.867
2456966.653225 +13.863
2456966.654944 +13.854
2456966.656658 +13.866
2456966.658387 +13.873
2456966.662313 +13.907
2456966.664030 +13.917
2456966.665748 +13.953
2456966.667558 +13.977
2456966.669276 +14.025
2456966.670989 +14.077
2456966.672710 +14.096
2456966.674436 +14.120
2456966.676151 +14.140
2456966.677877 +14.169
2456966.681909 +14.175
2456966.683631 +14.198
2456966.685352 +14.194
2456966.687073 +14.176
2456966.688792 +14.181
2456966.690518 +14.169
2456966.692240 +14.151
2456966.693964 +14.124
2456966.695688 +14.108
2456966.697409 +14.072
2456966.703629 +13.956
2456966.705350 +13.916
2456966.708803 +13.875
2456966.710527 +13.894
2456966.712251 +13.871
2456966.713969 +13.860
2456966.715691 +13.854
2456966.717406 +13.864
2456966.719125 +13.863
2456966.723142 +13.890
2456966.724866 +13.887
2456966.726593 +13.912
2456966.728311 +13.935
2456966.730036 +13.970
2456966.731754 +13.997
2456966.733473 +14.020
2456966.735249 +14.040
2456966.736980 +14.071
2456966.738702 +14.084
2456966.742726 +14.159
2456966.744455 +14.142
2456966.746181 +14.177
2456966.747902 +14.195
2456966.749623 +14.181
2456966.751354 +14.182
2456966.753072 +14.166
2456966.754803 +14.156
2456966.758240 +14.131
2456966.764301 +14.039
2456966.766020 +13.998
2456966.767751 +13.979
2456966.769477 +13.949
2456966.771196 +13.921
2456966.772915 +13.897
2456966.774641 +13.886
2456966.776358 +13.875
2456966.778084 +13.873
2456966.779801 +13.867
2456966.783507 +13.839
2456966.785226 +13.856
2456966.786953 +13.869
2456966.788671 +13.891
2456966.790404 +13.899
2456966.792121 +13.940
2456966.797288 +14.052
2456966.799011 +14.077
2456966.803045 +14.116
2456966.804772 +14.128
2456966.806497 +14.143
2456966.808215 +14.154
2456966.809927 +14.158
2456966.811657 +14.149
2456966.813379 +14.173
2456966.815098 +14.157
2456966.816815 +14.166
2456966.818538 +14.146
2456966.823576 +14.051
2456966.825304 +14.024
2456966.827031 +13.986
2456966.828752 +13.971
2456966.830474 +13.938
2456966.832197 +13.915
2456966.833919 +13.897
2456966.835639 +13.882
2456966.837357 +13.869
2456966.839081 +13.854
2456966.849683 +13.857
2456966.851398 +13.869
2456966.853117 +13.889
2456966.854842 +13.906
2456966.856559 +13.921
2456966.858277 +13.952
2456966.863921 +14.047
2456966.865647 +14.083
2456966.869091 +14.117
2456966.870809 +14.137
2456966.872540 +14.165
2456966.876001 +14.159
2456966.877715 +14.152
2456966.885920 +14.078
2456966.887647 +14.069
2456966.889365 +14.048
2456966.891084 +14.006
2456966.892802 +13.974
2456966.894522 +13.952
2456966.896245 +13.929
2456966.897962 +13.899
2456966.899684 +13.889
2456966.901408 +13.873
2456966.908884 +13.839
2456966.910608 +13.832
2456966.912332 +13.850
2456966.914052 +13.883
2456966.915786 +13.873
2456966.917515 +13.904
2456966.919238 +13.929
2456966.920969 +13.966
2456966.924677 +14.054
2456966.926393 +14.098
2456966.928129 +14.116
2456966.929854 +14.135
2456966.931579 +14.156
2456966.933300 +14.167
2456966.935025 +14.158
2456966.936749 +14.169
2456966.940210 +14.168
2456966.945757 +14.108
2456966.947471 +14.092
2456966.949197 +14.052
2456966.950918 +14.029
2456966.952637 +13.993
2456966.954372 +13.968
2456966.956092 +13.941
2456966.957815 +13.917
2456966.959532 +13.910
2456966.961255 +13.879
2456966.964967 +13.840
2456966.966689 +13.834
2456966.968406 +13.828
2456966.970123 +13.830
2456966.971837 +13.831
2456966.973573 +13.853
2456966.975301 +13.870
2456966.977025 +13.905
2456966.978747 +13.900
2456966.980466 +13.915
2456966.984170 +13.974
2456966.987622 +14.032
2456966.989340 +14.037
2456966.991066 +14.038
2456966.992785 +14.086
2456966.994512 +14.086
2456966.996229 +14.132
2456967.005369 +14.153
2456967.007100 +14.135
