2457427.730036 +16.933
2457427.735832 +16.954
2457427.741632 +16.929
2457427.744528 +16.931
2457427.747431 +16.947
2457427.753245 +16.956
2457427.756150 +16.980
2457427.762561 +16.953
2457427.765454 +16.967
2457427.771254 +16.963
2457427.777048 +16.962
2457427.779949 +16.943
2457427.782847 +16.947
2457427.785746 +16.933
2457427.788644 +16.918
2457427.796716 +16.939
2457427.799615 +16.958
2457427.802512 +16.927
2457427.805410 +16.953
2457427.808308 +16.949
2457427.811207 +16.973
2457427.814109 +16.924
2457427.817007 +16.926
2457427.819905 +16.917
2457427.822804 +16.921
2457427.828941 +16.940
2457427.831840 +16.926
2457427.837639 +16.944
2457427.840536 +16.930
2457427.843433 +16.968
2457427.846330 +16.968
2457427.849226 +16.963
2457427.852123 +16.941
2457427.855022 +16.961
2457427.862309 +16.953
2457427.865207 +16.957
2457427.868106 +16.941
2457427.871006 +16.944
2457427.876800 +16.924
2457427.879700 +16.926
2457427.882598 +16.948
2457427.888395 +16.942
2457427.894530 +16.939
2457427.897432 +16.910
2457427.900337 +16.951
2457427.903233 +16.947
2457427.906131 +16.948
2457427.909029 +16.933
2457427.911928 +16.958
2457427.914825 +16.953
2457427.917723 +16.950
2457427.920619 +16.943
2457427.927667 +16.933
2457427.930569 +16.932
2457427.933471 +16.947
2457427.936373 +16.929
2457427.939281 +16.938
2457427.942187 +16.910
2457427.950881 +16.946
2457427.953780 +16.914
2457427.962808 +16.960
2457427.965708 +16.973
2457427.968605 +16.980
2457427.971501 +16.988
2457427.974401 +16.945
2457427.977299 +16.961
2457427.980200 +16.919
2457427.983098 +16.931
2457427.985999 +16.924
2457427.994037 +16.956
2457427.996937 +16.913
2457427.999837 +16.916
2457428.002740 +16.918
2457428.005645 +16.932
2457428.008553 +16.945
2457428.011456 +16.962
2457428.014356 +16.944
2457428.017254 +16.926
2457428.020152 +16.924
2457428.026572 +16.953
2457428.029470 +16.916
2457428.032368 +16.920
2457428.038164 +16.921
2457428.041069 +16.931
2457428.043969 +16.953
2457428.046875 +16.919
2457428.049782 +16.951
2457428.052685 +16.918
