2457424.765418 +16.900
2457424.768371 +16.926
2457424.774894 +16.951
2457424.777842 +16.937
2457424.789642 +16.941
2457424.792595 +16.931
2457424.795551 +16.929
2457424.798499 +16.922
2457424.801451 +16.907
2457424.817702 +16.919
2457424.820647 +16.906
2457424.823602 +16.929
2457424.826558 +16.927
2457424.832468 +16.949
2457424.835420 +16.944
2457424.844716 +16.966
2457424.850629 +16.974
2457424.856540 +16.951
2457424.859490 +16.960
2457424.862433 +16.948
2457424.865378 +16.921
2457424.868327 +16.927
2457424.878367 +16.944
2457424.881318 +16.919
2457424.884270 +16.922
2457424.887221 +16.909
2457424.890168 +16.903
2457424.893110 +16.909
2457424.896058 +16.917
2457424.899010 +16.912
2457424.901957 +16.924
2457424.908393 +16.901
2457424.911339 +16.912
2457424.914288 +16.912
2457424.917240 +16.914
2457424.923134 +16.891
2457424.926087 +16.886
2457424.929037 +16.889
2457424.931982 +16.907
2457424.934929 +16.899
2457424.951147 +16.920
2457424.975364 +16.901
2457424.978312 +16.908
2457424.990104 +16.917
2457424.993056 +16.909
2457424.996005 +16.924
2457424.998949 +16.910
2457425.032095 +16.902
2457425.035042 +16.922
2457425.042430 +16.925
2457425.045380 +16.929
2457425.051277 +16.930
2457425.054226 +16.941
2457425.057166 +16.925
2457425.060110 +16.943
2457425.063059 +16.941
