2457425.771311 +16.867
2457425.777210 +16.857
2457425.783122 +16.845
2457425.786076 +16.875
2457425.789023 +16.881
2457425.791979 +16.861
2457425.794932 +16.894
2457425.797877 +16.871
2457425.805266 +16.882
2457425.811156 +16.884
2457425.817057 +16.894
2457425.820006 +16.881
2457425.822956 +16.895
2457425.838026 +16.849
2457425.840970 +16.871
2457425.843927 +16.866
2457425.846883 +16.883
2457425.849834 +16.890
2457425.852789 +16.896
2457425.874924 +16.871
2457425.877867 +16.862
2457425.880812 +16.885
2457425.883758 +16.877
2457425.886717 +16.856
2457425.889667 +16.846
2457425.892611 +16.845
2457425.898500 +16.847
2457425.916536 +16.866
2457425.919484 +16.869
2457425.922428 +16.857
2457425.925374 +16.868
2457425.928321 +16.876
2457425.931268 +16.896
2457425.941522 +16.853
2457425.947421 +16.845
2457425.956272 +16.873
2457425.959224 +16.872
2457425.962176 +16.879
2457425.965123 +16.891
2457425.974302 +16.900
2457425.977252 +16.893
2457425.980203 +16.886
2457425.983156 +16.878
2457425.986104 +16.883
2457425.989052 +16.900
2457425.991996 +16.899
2457425.994945 +16.864
2457425.997890 +16.871
2457426.017071 +16.867
2457426.020021 +16.888
2457426.022973 +16.889
2457426.025928 +16.869
2457426.028873 +16.874
2457426.047171 +16.881
2457426.050127 +16.882
2457426.053077 +16.865
2457426.056031 +16.851
