2453998.92919 1.47
2453998.93254 1.458
2453998.93637 1.428
2453998.9394 1.379
2453998.94454 1.356
2453998.94756 1.384
2453998.95126 1.35
2453998.95486 1.365
2453998.95854 1.359
2453998.96157 1.382
2453998.96572 1.414
2453998.96909 1.415
2453998.97293 1.44
2453998.97647 1.455
2453998.98032 1.462
2453998.98335 1.439
2453999.0094 1.432
2453999.01243 1.452
2453999.01761 1.418
2453999.02121 1.445
2453999.0254 1.427
2453999.02843 1.414
2453999.03262 1.456
2453999.03564 1.468
2453999.03942 1.461
2453999.04297 1.432
2453999.04681 1.416
2453999.04983 1.417
2453999.05403 1.409
2453999.05705 1.418
2453999.06856 1.349
2453999.07158 1.344
2453999.13945 1.378
2453999.15148 1.466
2453999.1545 1.481
2453999.1668 1.465
2453999.16994 1.468
