2454003.91187 0.581
2454003.91495 0.583
2454003.924 0.607
2454003.92709 0.572
2454003.93626 0.546
2454003.93934 0.523
2454003.94838 0.496
2454003.95216 0.48
2454003.96028 0.521
2454003.96434 0.556
2454003.97753 0.594
2454003.98061 0.583
2454003.99397 0.548
2454003.99775 0.545
2454004.01099 0.54
2454004.01411 0.54
2454004.02723 0.584
2454004.03131 0.594
2454004.04428 0.58
2454004.04736 0.565
2454004.06581 0.49
2454004.06888 0.493
2454004.08569 0.606
2454004.08984 0.609
2454004.1072 0.549
2454004.11098 0.548
2454004.12848 0.54
2454004.13156 0.556
2454004.14981 0.625
2454004.1529 0.611
2454004.16722 0.547
2454004.1703 0.524
2454004.18345 0.477
2454004.18653 0.479
2454004.19944 0.555
2454004.20357 0.597
2454004.21678 0.553
2454004.21986 0.55
