2454001.92347 1.37
2454001.92654 1.381
2454001.93029 1.393
2454001.93412 1.415
2454001.93788 1.434
2454001.94101 1.454
2454001.94565 1.441
2454001.94873 1.426
2454001.9525 1.433
2454001.95655 1.401
2454001.96036 1.388
2454001.96344 1.375
2454001.96811 1.363
2454001.97118 1.348
2454001.97504 1.35
2454001.97908 1.321
2454001.98724 1.409
2454001.99128 1.429
2454002.00044 1.456
2454002.00352 1.428
2454002.01231 1.382
2454002.01539 1.382
2454002.02435 1.405
2454002.02743 1.398
2454002.03694 1.376
2454002.04002 1.398
2454002.04898 1.402
2454002.05206 1.433
2454002.06602 1.417
2454002.06987 1.414
2454002.08282 1.392
2454002.08589 1.383
2454002.09901 1.413
2454002.103 1.423
2454002.11597 1.468
2454002.11907 1.451
2454002.12984 1.424
2454002.13292 1.418
2454002.14573 1.425
2454002.14995 1.413
2454002.16297 1.436
2454002.16605 1.449
2454002.17905 1.489
2454002.18292 1.457
