2455538.63729 17.279
2455538.64023 17.216
2455538.64731 17.177
2455538.65026 17.145
2455538.65318 17.136
2455538.65612 17.148
2455538.65906 17.197
2455538.66201 17.196
2455538.67376 17.175
2455538.68086 17.192
2455538.68379 17.225
2455538.68673 17.234
2455538.68967 17.207
2455538.69261 17.152
2455538.69554 17.158
2455538.69848 17.218
2455538.70142 17.223
2455538.70437 17.191
2455538.70731 17.214
2455538.71451 17.196
2455538.71744 17.244
2455538.72038 17.23
2455538.72331 17.248
2455538.72625 17.218
2455538.72919 17.216
2455538.73212 17.146
2455538.75093 17.098
2455538.75386 17.101
2455538.7568 17.139
2455538.75974 17.091
2455538.76267 17.156
2455538.76561 17.159
2455538.76855 17.116
2455538.77149 17.16
2455538.77443 17.192
2455538.78157 17.159
2455538.7845 17.121
2455538.78743 17.134
2455538.79036 17.133
2455538.79918 17.199
2455538.80506 17.254
2455538.81562 17.209
2455538.81857 17.213
2455538.82152 17.23
2455538.82446 17.216
2455538.82741 17.199
2455538.83329 17.155
2455538.83625 17.139
2455538.83919 17.101
2455538.84214 17.147
2455538.8496 17.147
2455538.85254 17.181
2455538.85548 17.194
2455538.85842 17.186
2455538.88353 17.252
2455538.88646 17.228
2455538.89236 17.266
2455538.89531 17.268
2455538.89826 17.218
2455538.90121 17.225
2455538.90416 17.172
2455538.90711 17.16
2455538.9232 17.152
2455538.92614 17.18
2455538.92908 17.151
2455538.93201 17.191
2455538.93496 17.196
2455538.94086 17.206
2455538.94381 17.231
2455538.95135 17.192
2455538.95429 17.167
2455538.96311 17.197
2455538.96606 17.299
2455538.96901 17.264
2455538.97785 17.198
2455538.9852 17.252
2455538.98814 17.194
2455538.99109 17.193
2455538.99403 17.194
2455538.99698 17.165
2455538.99992 17.121
