2455536.55857 17.211
2455536.62335 17.178
2455536.62632 17.172
2455536.62931 17.181
2455536.66478 17.11
2455536.70379 17.186
2455536.70677 17.185
2455536.70975 17.276
2455536.71273 17.191
2455536.71572 17.277
2455536.71871 17.242
2455536.73008 17.162
2455536.74801 17.078
2455536.75099 17.089
2455536.75399 17.131
2455536.76235 17.15
2455536.76534 17.178
2455536.76832 17.17
2455536.7966 17.179
2455536.79959 17.207
2455536.80258 17.187
2455536.81671 17.154
2455536.8197 17.169
2455536.84974 17.146
2455536.85272 17.12
2455536.85572 17.135
2455536.85871 17.079
2455536.86171 17.123
2455536.86767 17.143
2455536.87066 17.162
2455536.87363 17.229
2455536.87662 17.186
2455536.88456 17.219
2455536.88755 17.227
2455536.89055 17.198
2455536.89355 17.169
2455536.89654 17.111
2455536.89953 17.186
2455536.90252 17.146
2455536.90551 17.172
2455536.90848 17.129
2455536.91148 17.131
2455536.91894 17.124
2455536.92192 17.105
2455536.9249 17.178
2455536.9279 17.193
2455536.93089 17.162
2455536.93387 17.226
2455536.93686 17.196
2455536.93984 17.159
2455536.94284 17.248
2455536.94584 17.224
2455536.95641 17.197
2455536.9654 17.138
2455536.96839 17.17
2455536.97136 17.129
2455536.97435 17.152
2455536.97734 17.192
2455536.99067 17.141
2455536.99666 17.106
2455536.99966 17.108
2455537.00862 17.092
2455537.01161 17.157
2455537.01462 17.119
2455537.03107 17.198
2455537.03406 17.234
2455537.03705 17.193
2455537.04005 17.211
2455537.04304 17.222
