2456252.54993 17.515
2456252.55296 17.53
2456252.55601 17.493
2456252.55905 17.523
2456252.5621 17.489
2456252.56516 17.513
2456252.56821 17.495
2456252.57732 17.463
2456252.58342 17.435
2456252.58647 17.399
2456252.58951 17.422
2456252.59256 17.475
2456252.59561 17.431
2456252.59865 17.436
2456252.60168 17.445
2456252.60473 17.47
2456252.61381 17.446
2456252.61684 17.494
2456252.6199 17.431
2456252.62296 17.447
2456252.62906 17.438
2456252.63213 17.412
2456252.63517 17.409
2456252.63823 17.519
2456252.64129 17.511
2456252.6495 17.475
2456252.65255 17.532
2456252.65559 17.514
2456252.65865 17.477
2456252.69085 17.487
2456252.69391 17.471
2456252.69697 17.518
2456252.70002 17.565
2456252.70306 17.529
2456252.70607 17.529
2456252.7091 17.494
2456252.71215 17.546
2456252.73179 17.519
2456252.73483 17.518
2456252.73788 17.516
2456252.74093 17.494
2456252.74397 17.518
2456252.74702 17.527
2456252.75312 17.556
2456252.75617 17.58
2456252.75919 17.513
2456252.76758 17.545
2456252.77063 17.603
2456252.77367 17.56
2456252.77671 17.584
2456252.77976 17.629
2456252.78281 17.596
2456252.78586 17.598
2456252.78893 17.566
2456252.79198 17.544
2456252.79503 17.599
2456252.80501 17.586
2456252.80806 17.622
2456252.81111 17.599
2456252.81418 17.615
2456252.81724 17.631
2456252.82026 17.603
2456252.82333 17.657
2456252.82638 17.613
2456252.82945 17.619
2456252.83251 17.62
2456252.84102 17.663
2456252.84406 17.641
2456252.84711 17.608
2456252.85012 17.67
2456252.85317 17.628
2456252.85622 17.688
2456252.8593 17.652
2456252.86235 17.695
2456252.86537 17.655
