2456238.5533 17.224
2456238.55632 17.238
2456238.5624 17.251
2456238.56547 17.237
2456238.56852 17.239
2456238.57155 17.25
2456238.57459 17.264
2456238.57761 17.206
2456238.5925 17.229
2456238.59555 17.236
2456238.59858 17.211
2456238.60161 17.252
2456238.60467 17.216
2456238.60771 17.24
2456238.62223 17.269
2456238.62526 17.259
2456238.62829 17.256
2456238.63133 17.242
2456238.64654 17.295
2456238.64958 17.273
2456238.65897 17.253
2456238.66202 17.242
2456238.66505 17.297
2456238.6681 17.289
2456238.67723 17.256
2456238.68027 17.257
2456238.68333 17.246
2456238.68639 17.271
2456238.6951 17.297
2456238.69816 17.31
2456238.70121 17.292
2456238.70426 17.316
2456238.7073 17.263
2456238.71033 17.296
2456238.71337 17.31
2456238.71641 17.279
2456238.71946 17.298
2456238.72252 17.261
2456238.73236 17.27
2456238.73542 17.272
2456238.73847 17.295
2456238.74152 17.304
2456238.74457 17.308
2456238.74762 17.281
2456238.75986 17.292
2456238.77001 17.29
2456238.77306 17.283
2456238.7761 17.308
2456238.77914 17.272
2456238.78221 17.29
2456238.78524 17.328
2456238.78828 17.349
2456238.79132 17.33
2456238.79437 17.317
2456238.7974 17.306
2456238.80667 17.325
2456238.80971 17.348
2456238.81276 17.337
2456238.8158 17.357
2456238.82796 17.323
2456238.831 17.342
2456238.83404 17.326
2456238.84235 17.357
2456238.84542 17.333
2456238.84846 17.36
2456238.8515 17.358
2456238.85455 17.36
2456238.85759 17.381
2456238.87811 17.335
2456238.88114 17.343
2456238.88419 17.368
2456238.88721 17.344
2456238.89025 17.354
2456238.89331 17.331
2456238.89636 17.362
2456238.89941 17.357
2456238.90245 17.33
