2456246.58143 17.168
2456246.58448 17.137
2456246.58754 17.176
2456246.59057 17.15
2456246.60847 17.171
2456246.6115 17.178
2456246.61453 17.162
2456246.61755 17.191
2456246.62056 17.179
2456246.62664 17.18
2456246.635 17.219
2456246.63804 17.214
2456246.64108 17.215
2456246.64413 17.219
2456246.64717 17.229
2456246.6502 17.208
2456246.65321 17.174
2456246.65625 17.199
2456246.66234 17.192
2456246.67077 17.185
2456246.67985 17.218
2456246.6829 17.241
2456246.68594 17.219
2456246.689 17.234
2456246.69202 17.196
2456246.70639 17.248
2456246.70943 17.236
2456246.7216 17.2
2456246.72465 17.233
2456246.72767 17.206
2456246.73071 17.217
2456246.73377 17.216
2456246.74238 17.233
2456246.74543 17.247
2456246.74847 17.217
2456246.75151 17.243
2456246.75456 17.248
2456246.75762 17.223
2456246.76068 17.257
2456246.76372 17.253
2456246.76676 17.252
2456246.76981 17.256
2456246.77855 17.269
2456246.78159 17.262
2456246.78463 17.245
2456246.78768 17.215
2456246.79073 17.258
2456246.79376 17.219
2456246.79683 17.281
2456246.79988 17.272
2456246.80291 17.285
2456246.80599 17.291
2456246.8158 17.253
2456246.81885 17.247
2456246.82189 17.217
2456246.82494 17.24
2456246.82799 17.277
2456246.83104 17.253
2456246.8341 17.259
2456246.83715 17.242
2456246.84021 17.251
2456246.84327 17.301
2456246.85158 17.249
2456246.85464 17.252
2456246.85771 17.245
2456246.86075 17.246
2456246.86382 17.261
2456246.86687 17.263
2456246.87298 17.276
2456246.87603 17.293
2456246.87908 17.303
2456246.88775 17.334
2456246.8908 17.313
2456246.89385 17.261
2456246.89687 17.256
2456246.89993 17.315
2456246.90299 17.325
2456246.90606 17.298
2456246.90911 17.296
2456246.91213 17.296
