2456243.58224 17.043
2456243.5914 17.076
2456243.59751 17.043
2456243.60056 17.071
2456243.60662 17.083
2456243.61894 17.06
2456243.62499 17.09
2456243.62802 17.093
2456243.63102 17.078
2456243.63402 17.058
2456243.64011 17.065
2456243.64311 17.058
2456243.65253 17.1
2456243.65553 17.07
2456243.65856 17.059
2456243.66759 17.077
2456243.6706 17.076
2456243.67361 17.116
2456243.67964 17.115
2456243.69062 17.106
2456243.69364 17.129
2456243.69664 17.133
2456243.70267 17.146
2456243.70568 17.11
2456243.70869 17.133
2456243.71172 17.09
2456243.71474 17.108
2456243.72279 17.173
2456243.72582 17.114
2456243.72883 17.153
2456243.73187 17.148
2456243.73491 17.173
2456243.73794 17.173
2456243.74098 17.166
2456243.74403 17.116
2456243.74705 17.134
2456243.75006 17.122
2456243.75787 17.183
2456243.76091 17.181
2456243.76394 17.165
2456243.76698 17.19
2456243.77302 17.168
2456243.77603 17.176
2456243.77904 17.157
2456243.78206 17.213
2456243.78507 17.179
2456243.79302 17.182
2456243.79605 17.195
2456243.79906 17.209
2456243.80207 17.187
2456243.8051 17.259
2456243.80811 17.21
2456243.81112 17.284
2456243.81414 17.283
2456243.81716 17.296
2456243.82017 17.282
2456243.82808 17.293
2456243.83109 17.291
2456243.83712 17.315
2456243.84013 17.336
2456243.84315 17.363
2456243.84616 17.324
2456243.84917 17.369
2456243.85218 17.337
2456243.85519 17.39
2456243.88758 17.47
2456243.89876 17.494
2456243.90177 17.486
