2456239.57903 17.461
2456239.58511 17.441
2456239.59116 17.447
2456239.6116 17.452
2456239.61465 17.437
2456239.61769 17.426
2456239.62073 17.415
2456239.62683 17.415
2456239.62987 17.397
2456239.6329 17.387
2456239.63594 17.436
2456239.64732 17.409
2456239.65034 17.389
2456239.65337 17.4
2456239.65642 17.435
2456239.65945 17.391
2456239.66246 17.36
2456239.66551 17.371
2456239.66854 17.348
2456239.67156 17.393
2456239.67459 17.401
2456239.6832 17.375
2456239.68623 17.334
2456239.68926 17.334
2456239.69228 17.324
2456239.69534 17.322
2456239.6984 17.359
2456239.70144 17.344
2456239.70447 17.331
2456239.70749 17.322
2456239.71052 17.313
2456239.71859 17.249
2456239.72163 17.265
2456239.72467 17.3
2456239.72771 17.287
2456239.73077 17.263
2456239.73382 17.292
2456239.73684 17.237
2456239.73988 17.208
2456239.74291 17.23
2456239.74595 17.229
2456239.7549 17.21
2456239.75794 17.182
2456239.76099 17.217
2456239.76406 17.138
2456239.76709 17.125
2456239.77316 17.109
2456239.77622 17.16
2456239.77929 17.078
2456239.78235 17.136
2456239.7915 17.066
2456239.79455 17.071
2456239.79759 17.06
2456239.80063 17.037
2456239.80366 17.05
2456239.80669 17.022
2456239.80972 16.999
2456239.81583 17.024
2456239.81887 17.014
2456239.82843 16.971
2456239.83455 16.971
2456239.8376 16.979
2456239.84065 16.923
2456239.8437 16.979
2456239.84982 16.979
2456239.85285 16.963
2456239.85589 16.9
2456239.86409 16.936
2456239.86713 16.9
2456239.87018 16.9
2456239.87321 16.87
2456239.87624 16.888
2456239.8793 16.872
2456239.88236 16.864
2456239.88846 16.876
2456239.90032 16.879
2456239.90338 16.885
2456239.90642 16.871
2456239.90946 16.863
2456239.91249 16.868
