2456245.54713 17.584
2456245.55019 17.549
2456245.55325 17.611
2456245.5563 17.55
2456245.56241 17.515
2456245.56549 17.551
2456245.5716 17.527
2456245.57464 17.476
2456245.58362 17.515
2456245.58668 17.455
2456245.58972 17.465
2456245.59277 17.441
2456245.59581 17.431
2456245.59886 17.405
2456245.60191 17.411
2456245.60496 17.45
2456245.60799 17.421
2456245.61104 17.399
2456245.61973 17.418
2456245.62277 17.374
2456245.62583 17.341
2456245.62888 17.362
2456245.63191 17.322
2456245.63803 17.276
2456245.64107 17.359
2456245.64412 17.317
2456245.64714 17.346
2456245.65575 17.279
2456245.6588 17.328
2456245.66186 17.3
2456245.6649 17.299
2456245.66795 17.257
2456245.67102 17.258
2456245.67407 17.276
2456245.67709 17.29
2456245.68016 17.23
2456245.68321 17.199
2456245.69147 17.197
2456245.69453 17.162
2456245.69758 17.207
2456245.70063 17.185
2456245.70368 17.172
2456245.70673 17.136
2456245.70978 17.15
2456245.71284 17.134
2456245.71589 17.11
2456245.71894 17.099
2456245.72741 17.065
2456245.73045 17.102
2456245.73351 17.107
2456245.73657 17.092
2456245.73962 17.075
2456245.74267 17.078
2456245.74571 17.068
2456245.74877 17.08
2456245.75181 17.092
2456245.75486 17.082
2456245.76327 17.069
2456245.76632 17.084
2456245.76937 17.04
2456245.77242 17.036
2456245.77547 17.058
2456245.77852 17.035
2456245.78158 17.098
2456245.7846 17.028
2456245.78766 17.025
2456245.79072 17.026
2456245.79941 17.067
2456245.80244 17.054
2456245.80549 17.032
2456245.80853 17.03
2456245.81157 17.028
2456245.81459 17.062
2456245.81764 17.083
2456245.83831 17.053
2456245.84136 17.101
2456245.84438 17.074
2456245.85049 17.051
2456245.85354 17.099
2456245.85659 17.124
2456245.85965 17.142
2456245.86271 17.133
2456245.87173 17.123
2456245.87478 17.083
2456245.87783 17.111
2456245.88089 17.1
2456245.88394 17.07
2456245.887 17.112
2456245.89006 17.088
2456245.89309 17.156
2456245.89613 17.188
2456245.89919 17.175
2456245.90773 17.144
2456245.91079 17.192
