2456248.56425 17.241
2456248.56729 17.24
2456248.57032 17.25
2456248.57337 17.256
2456248.5764 17.281
2456248.57944 17.269
2456248.58549 17.181
2456248.59412 17.187
2456248.59717 17.159
2456248.60019 17.132
2456248.60324 17.142
2456248.60626 17.127
2456248.60929 17.161
2456248.61232 17.155
2456248.61534 17.139
2456248.61838 17.172
2456248.62141 17.181
2456248.63093 17.192
2456248.63396 17.145
2456248.63699 17.15
2456248.64002 17.154
2456248.64306 17.158
2456248.64611 17.096
2456248.64914 17.12
2456248.65218 17.125
2456248.65522 17.141
2456248.65826 17.075
2456248.6681 17.107
2456248.67114 17.13
2456248.67419 17.108
2456248.67726 17.106
2456248.6803 17.075
2456248.68335 17.082
2456248.68641 17.098
2456248.68945 17.087
2456248.6925 17.125
2456248.69555 17.083
2456248.70541 17.093
2456248.70843 17.057
2456248.71147 17.063
2456248.71452 17.088
2456248.71757 17.085
2456248.72061 17.045
2456248.72367 17.06
2456248.72671 17.104
2456248.72976 17.094
2456248.7328 17.067
2456248.74098 17.099
2456248.74402 17.068
2456248.74708 17.062
2456248.75012 17.064
2456248.75316 17.099
2456248.75621 17.079
2456248.75928 17.112
2456248.76233 17.063
2456248.76539 17.057
2456248.79211 17.085
2456248.79518 17.087
2456248.79822 17.114
2456248.80127 17.064
2456248.8043 17.052
2456248.81262 17.055
2456248.81567 17.12
2456248.81872 17.117
2456248.82179 17.101
2456248.82481 17.1
2456248.82786 17.091
2456248.83091 17.114
2456248.83395 17.065
2456248.837 17.114
2456248.84003 17.13
2456248.84851 17.142
2456248.85157 17.094
2456248.86682 17.122
2456248.86985 17.142
2456248.87291 17.137
2456248.876 17.175
2456248.88487 17.234
2456248.88791 17.234
2456248.89097 17.195
2456248.89404 17.252
2456248.89708 17.284
2456248.90011 17.253
