2453695.54109 0.214
2453695.54314 0.211
2453695.5452 0.205
2453695.54935 0.199
2453695.55139 0.184
2453695.60706 0.216
2453695.61111 0.222
2453695.61514 0.224
2453695.6191 0.23
2453695.62311 0.23
2453695.62948 0.213
2453695.63349 0.204
2453695.63749 0.199
2453695.64147 0.201
2453695.6454 0.203
2453695.64942 0.197
2453695.65346 0.194
2453695.65744 0.199
2453695.66143 0.2
2453695.66549 0.2
2453695.67192 0.215
2453695.67588 0.207
2453695.67995 0.223
2453695.68397 0.221
2453695.69199 0.222
2453695.70393 0.213
2453695.70791 0.21
2453695.72233 0.201
2453695.72633 0.194
2453695.73037 0.187
2453695.73441 0.188
2453695.74242 0.183
2453695.74634 0.187
2453695.75676 0.196
2453695.7607 0.192
2453695.76463 0.189
2453695.76869 0.205
2453695.77273 0.207
2453695.77674 0.216
2453695.78076 0.22
2453695.82258 0.209
2453695.82658 0.203
2453695.83062 0.202
2453695.83464 0.212
2453695.84066 0.216
2453695.84449 0.21
2453695.84838 0.233
2453695.85229 0.234
2453695.88634 0.209
2453695.8904 0.197
2453695.89443 0.195
2453695.89845 0.192
2453695.9025 0.188
2453695.90655 0.198
2453695.91065 0.195
2453695.9147 0.193
