2456607.70205 16.938
2456607.70501 16.941
2456607.70796 16.973
2456607.71684 17.04
2456607.72307 17.155
2456607.72603 17.157
2456607.72899 17.178
2456607.73194 17.133
2456607.73785 17.059
2456607.74081 17.058
2456607.74377 17.067
2456607.74672 17.067
2456607.74968 17.014
2456607.75735 17.005
2456607.76031 16.983
2456607.76326 16.966
2456607.76622 16.968
2456607.76917 16.973
2456607.77212 17.006
2456607.77508 17.004
2456607.77803 17.008
2456607.78098 16.995
2456607.79313 17.142
2456607.79609 17.122
2456607.79904 17.141
2456607.802 17.157
2456607.80496 17.161
2456607.80792 17.129
2456607.81088 17.111
2456607.81384 17.047
2456607.81679 17.011
2456607.82442 17.072
2456607.82737 17.029
2456607.83033 16.953
2456607.83328 16.912
2456607.83625 16.933
2456607.86628 17.094
2456607.86923 17.133
2456607.8722 17.116
2456607.87515 17.152
2456607.87811 17.143
2456607.88106 17.102
2456607.88402 17.097
2456607.89102 17.123
2456607.89398 17.073
2456607.89693 17.043
2456607.89989 17.015
2456607.90284 17.018
2456607.9058 17.04
2456607.90876 17.017
2456607.91171 17.013
2456607.91762 16.977
2456607.92689 16.981
2456607.92984 16.997
2456607.9328 16.987
2456607.95816 17.162
2456607.96111 17.153
2456607.96408 17.083
2456607.96703 17.034
2456607.96999 17.082
2456607.97295 17.092
2456607.9759 16.995
2456607.97885 17.01
2456607.9818 16.999
2456607.98476 16.952
2456608.01465 17.043
2456608.02395 17.167
2456608.02692 17.203
2456608.03283 17.15
2456608.03579 17.119
2456608.03874 17.121
2456608.0417 17.045
