2453327.637960 -0.484
2453327.640240 -0.465
2453327.644320 -0.454
2453327.645800 -0.422
2453327.647290 -0.462
2453327.649880 -0.480
2453327.651360 -0.504
2453327.655440 -0.520
2453327.656910 -0.511
2453327.658400 -0.485
2453327.660980 -0.482
2453327.662460 -0.513
2453327.663940 -0.556
2453327.666530 -0.558
2453327.668030 -0.579
2453327.669510 -0.619
2453327.672110 -0.588
2453327.673590 -0.644
2453327.675070 -0.635
2453327.677640 -0.634
2453327.679120 -0.657
2453327.680610 -0.654
2453327.683200 -0.655
2453327.684680 -0.648
2453327.734690 -0.448
2453327.736170 -0.428
2453327.738770 -0.488
2453327.740260 -0.502
2453327.741730 -0.502
2453327.744320 -0.537
2453327.745800 -0.551
2453327.747290 -0.563
2453327.749880 -0.617
2453327.751360 -0.639
2453327.752850 -0.623
2453327.755440 -0.637
2453327.756930 -0.660
2453327.762570 -0.661
2453327.764800 -0.623
2453327.768880 -0.599
2453327.770370 -0.585
2453327.771860 -0.568
2453327.774450 -0.554
2453327.775920 -0.576
2453327.777400 -0.577
2453327.779990 -0.519
2453327.781470 -0.540
2453327.782960 -0.508
2453327.785550 -0.517
2453327.787030 -0.519
2453327.788510 -0.518
2453327.791090 -0.512
2453327.792590 -0.494
2453327.794070 -0.492
2453327.796660 -0.475
2453327.798140 -0.478
2453327.799620 -0.466
2453327.802220 -0.465
2453327.803700 -0.464
2453327.805190 -0.435
2453327.807770 -0.447
2453327.809250 -0.451
2453327.810750 -0.474
2453327.819840 -0.530
2453327.821340 -0.540
2453327.822820 -0.546
2453327.825410 -0.620
2453327.826890 -0.614
2453327.828370 -0.647
2453327.830960 -0.672
2453327.832440 -0.669
2453327.833920 -0.677
2453327.845040 -0.662
2453327.847640 -0.635
2453327.849140 -0.617
2453327.850620 -0.611
2453327.853200 -0.586
2453327.854680 -0.569
2453327.856160 -0.584
2453327.858750 -0.550
2453327.860240 -0.555
2453327.861720 -0.529
2453327.864310 -0.489
2453327.865790 -0.492
2453327.867270 -0.465
2453327.869850 -0.470
2453327.871340 -0.476
2453327.903190 -0.546
2453327.904670 -0.563
2453327.906150 -0.555
2453327.908730 -0.611
2453327.910230 -0.622
2453327.911710 -0.663
2453327.914300 -0.656
2453327.915780 -0.640
2453327.917260 -0.649
2453327.919860 -0.647
2453327.921330 -0.621
2453327.922820 -0.597
2453327.925410 -0.604
2453327.926900 -0.587
2453327.928390 -0.586
2453327.930980 -0.564
2453327.932460 -0.572
2453327.933940 -0.560
2453327.936530 -0.555
2453327.938010 -0.542
2453327.939500 -0.531
2453327.942090 -0.517
2453327.943570 -0.504
2453327.945060 -0.510
2453327.947660 -0.491
2453327.949140 -0.486
2453327.950620 -0.483
2453327.953220 -0.454
2453327.954720 -0.475
2453327.956200 -0.479
2453327.958790 -0.458
2453327.960270 -0.461
2453327.961750 -0.421
2453327.964330 -0.427
2453327.965810 -0.428
2453327.967300 -0.445
