2454926.63674 14.861
2454926.64454 14.907
2454926.65231 14.845
2454926.66014 14.781
2454926.68962 14.690
2454926.69797 14.712
2454926.70692 14.788
2454926.71680 14.855
2454926.72533 14.916
2454926.75628 14.620
2454926.76364 14.614
2454926.77100 14.683
2454926.77838 14.745
2454926.80807 14.866
2454926.81547 14.803
2454926.82290 14.755
2454926.83034 14.663
2454926.83782 14.636
2454926.84533 14.682
2454926.85280 14.711
2454926.86030 14.777
2454926.88304 14.905
2454926.90145 14.761
2454926.90909 14.648
2454926.92440 14.627
2454926.93209 14.720
2454926.93977 14.774
2454926.94748 14.812
2454926.95519 14.848
