2456634.75619 16.295
2456634.75917 16.288
2456634.82829 16.4
2456634.83128 16.432
2456634.83426 16.417
2456634.83723 16.436
2456634.84021 16.455
2456634.85647 16.383
2456634.85945 16.338
2456634.8773 16.269
2456634.88405 16.343
2456634.88703 16.384
2456634.89001 16.4
2456634.89299 16.432
2456634.89596 16.47
2456634.89894 16.434
2456634.90191 16.419
2456634.90787 16.389
2456634.91933 16.321
2456634.92231 16.319
2456634.92528 16.321
2456634.92826 16.323
2456634.93124 16.32
2456634.93421 16.32
2456634.93719 16.327
2456634.94314 16.394
2456634.94611 16.436
2456634.9556 16.506
2456634.96749 16.338
2456634.97047 16.36
2456634.97345 16.333
2456634.97642 16.294
2456634.98744 16.258
2456634.99041 16.275
2456634.99338 16.316
2456634.99636 16.332
2456635.0053 16.457
2456635.00826 16.419
2456635.01422 16.39
2456635.02111 16.349
2456635.02409 16.308
2456635.02706 16.3
2456635.03003 16.25
2456635.03597 16.27
2456635.03893 16.335
2456635.04486 16.313
