2456631.78854 16.749
2456631.81855 16.62
2456631.82154 16.594
2456631.82452 16.574
2456631.83047 16.677
2456631.83345 16.676
2456631.83642 16.745
2456631.84237 16.75
2456631.84537 16.66
2456631.86424 16.623
2456631.86722 16.599
2456631.87019 16.619
2456631.87316 16.635
2456631.89802 16.799
2456631.90099 16.788
2456631.90396 16.751
2456631.90694 16.713
2456631.90992 16.677
2456631.91288 16.694
2456631.92872 16.604
2456631.93169 16.586
2456631.93467 16.636
2456631.94062 16.601
2456631.94359 16.671
2456631.95745 16.673
2456631.96043 16.661
2456631.96341 16.669
2456631.96639 16.634
2456632.00011 16.661
2456632.00309 16.728
2456632.01501 16.798
2456632.01798 16.721
2456632.02653 16.663
