2456628.74503 16.556
2456628.75315 16.548
2456628.75613 16.542
2456628.75911 16.533
2456628.7621 16.517
2456628.76508 16.551
2456628.76806 16.521
2456628.77103 16.561
2456628.77402 16.58
2456628.77699 16.639
2456628.77997 16.635
2456628.78961 16.57
2456628.7926 16.553
2456628.79557 16.553
2456628.79856 16.559
2456628.82836 16.601
2456628.83134 16.657
2456628.83431 16.692
2456628.83729 16.721
2456628.84324 16.657
2456628.87659 16.557
2456628.87957 16.541
2456628.88256 16.54
2456628.90833 16.545
2456628.91132 16.536
2456628.94205 16.631
2456628.94504 16.696
2456628.95892 16.618
2456628.97383 16.569
2456628.97681 16.56
2456628.98275 16.516
2456628.98574 16.526
2456629.00161 16.591
2456629.00757 16.686
2456629.01055 16.628
2456629.01353 16.572
2456629.0165 16.552
2456629.04391 16.562
2456629.04688 16.571
2456629.04986 16.594
2456629.05581 16.597
