2455484.65192 16.36
2455484.65493 16.395
2455484.65793 16.385
2455484.66094 16.419
2455484.66696 16.45
2455484.67394 16.348
2455484.67995 16.328
2455484.68297 16.31
2455484.692 16.262
2455484.70105 16.31
2455484.70803 16.329
2455484.71104 16.362
2455484.71407 16.348
2455484.7291 16.385
2455484.74215 16.433
2455484.74515 16.438
2455484.75119 16.462
2455484.7542 16.415
2455484.7572 16.387
2455484.7602 16.377
2455484.7632 16.369
2455484.76622 16.399
2455484.76923 16.386
2455484.77618 16.323
2455484.79451 16.348
2455484.80052 16.326
2455484.80352 16.345
2455484.80652 16.36
2455484.80954 16.413
2455484.81858 16.396
2455484.82158 16.376
2455484.8285 16.326
2455484.83152 16.299
2455484.83453 16.313
2455484.83754 16.287
2455484.84656 16.29
2455484.85258 16.329
2455484.86556 16.341
2455484.86857 16.381
2455484.87157 16.354
2455484.87458 16.384
2455484.88058 16.393
2455484.88359 16.406
2455484.88659 16.398
2455484.8896 16.43
2455484.89652 16.402
2455484.90556 16.394
2455484.90857 16.373
2455484.91158 16.369
2455484.92062 16.329
2455484.92362 16.36
2455484.934 16.338
2455484.93702 16.32
2455484.94003 16.32
2455484.94305 16.326
2455484.94606 16.315
2455484.94907 16.333
2455484.95208 16.327
2455484.97747 16.335
2455484.98048 16.308
2455484.98349 16.289
2455484.98949 16.284
2455484.99984 16.309
2455485.00284 16.343
2455485.00586 16.362
