2456648.60427 16.909
2456648.60654 16.906
2456648.60881 16.857
2456648.61109 16.852
2456648.61337 16.848
2456648.61565 16.863
2456648.61792 16.846
2456648.6202 16.821
2456648.62247 16.872
2456648.62474 16.871
2456648.62701 16.848
2456648.62929 16.899
2456648.63157 16.856
2456648.63384 16.872
2456648.63612 16.868
2456648.64331 16.865
2456648.64559 16.902
2456648.64787 16.871
2456648.65014 16.892
2456648.65242 16.907
2456648.6547 16.929
2456648.65697 16.938
2456648.65925 16.986
2456648.66152 16.921
2456648.6638 16.923
2456648.66607 16.925
2456648.66835 16.936
2456648.67062 16.948
2456648.6729 16.947
2456648.67977 16.881
2456648.68204 16.895
2456648.68431 16.898
2456648.68659 16.872
2456648.69114 16.85
2456648.69341 16.888
2456648.71165 16.901
2456648.74183 16.979
2456648.74411 16.942
2456648.74638 16.989
2456648.74867 16.978
2456648.75547 16.896
2456648.75775 16.896
2456648.76004 16.906
2456648.76458 16.861
2456648.76689 16.854
2456648.76917 16.833
2456648.77372 16.906
2456648.77599 16.931
2456648.77827 16.93
2456648.78055 16.926
2456648.78282 16.906
2456648.7851 16.925
2456648.78737 16.894
2456648.79252 16.924
2456648.79479 16.909
2456648.79707 16.867
2456648.79936 16.914
2456648.80163 16.931
2456648.8039 16.97
2456648.80617 16.938
2456648.80846 16.918
2456648.81072 16.917
2456648.81299 16.896
2456648.81527 16.947
2456648.81754 16.922
2456648.81982 16.878
2456648.82209 16.901
2456648.82436 16.891
2456648.83229 16.901
2456648.83457 16.846
2456648.83685 16.832
2456648.83912 16.865
2456648.84141 16.843
2456648.84369 16.833
2456648.84595 16.863
2456648.84822 16.859
2456648.85051 16.861
2456648.85279 16.829
2456648.85506 16.838
2456648.85733 16.855
2456648.8596 16.872
2456648.86187 16.87
2456648.8693 16.909
2456648.87158 16.944
2456648.87385 16.941
2456648.87612 16.953
2456648.8784 16.972
2456648.88067 17.004
2456648.88294 16.966
2456648.88522 16.989
2456648.8875 16.966
2456648.88977 16.947
2456648.89205 16.965
2456648.89434 16.985
2456648.89661 16.968
2456648.89888 16.935
2456648.90116 16.924
2456648.90745 16.863
2456648.90972 16.855
2456648.91199 16.866
2456648.91426 16.87
2456648.91654 16.863
2456648.91882 16.844
2456648.92109 16.919
2456648.92336 16.885
2456648.92564 16.907
2456648.93474 16.934
2456648.93701 16.889
2456648.93929 16.921
2456648.94423 16.902
2456648.9465 16.91
2456648.94879 16.911
2456648.95106 16.92
2456648.95333 16.975
2456648.9556 16.957
2456648.95788 16.973
2456648.96015 16.936
2456648.96242 16.943
2456648.96699 16.896
2456648.96926 16.914
2456648.97153 16.92
2456648.97381 16.932
2456649.02031 16.996
2456649.02258 16.979
2456649.02487 17.03
2456649.02714 17.062
2456649.02941 17.048
2456649.03169 17.047
2456649.03397 17.069
2456649.03624 17.04
2456649.03851 16.999
2456649.04079 16.961
2456649.04307 16.972
2456649.04534 16.94
2456649.04761 16.897
2456649.05217 16.925
2456649.06124 16.862
2456649.06579 16.881
2456649.06806 16.918
2456649.07261 16.886
