2456641.64214 16.757
2456641.64442 16.775
2456641.64669 16.805
2456641.64896 16.766
2456641.6535 16.833
2456641.65578 16.859
2456641.66032 16.911
2456641.66258 16.915
2456641.66714 16.955
2456641.67434 16.875
2456641.6789 16.857
2456641.68345 16.823
2456641.688 16.775
2456641.71255 16.773
2456641.71482 16.79
2456641.71938 16.772
2456641.72165 16.801
2456641.72392 16.775
2456641.7262 16.796
2456641.72847 16.793
2456641.73075 16.815
2456641.73302 16.852
2456641.73529 16.85
2456641.73758 16.879
2456641.75866 16.834
2456641.76094 16.814
2456641.76321 16.828
2456641.76776 16.81
2456641.77003 16.802
2456641.79461 16.769
2456641.79688 16.816
2456641.79916 16.81
2456641.80371 16.856
2456641.80599 16.855
2456641.80826 16.889
2456641.81053 16.866
2456641.81281 16.881
2456641.82251 16.836
2456641.82478 16.875
2456641.82705 16.813
2456641.82932 16.813
2456641.83158 16.815
2456641.83386 16.816
2456641.84068 16.787
2456641.84296 16.759
2456641.84524 16.775
2456641.84751 16.73
2456641.85207 16.772
2456641.86055 16.76
2456641.86737 16.788
2456641.86965 16.757
2456641.88559 16.896
2456641.89961 16.854
2456641.90188 16.87
2456641.90416 16.866
2456641.90643 16.848
2456641.9087 16.836
2456641.91097 16.836
2456641.9178 16.8
2456641.92462 16.793
2456641.9269 16.765
2456641.93616 16.761
2456641.94072 16.767
2456641.943 16.829
2456641.94982 16.892
2456641.9521 16.88
2456641.95437 16.906
2456641.95664 16.941
2456641.96573 16.892
2456641.97302 16.866
2456641.97758 16.862
2456641.99804 16.801
2456642.01344 16.827
2456642.01571 16.829
2456642.01798 16.826
2456642.02025 16.843
2456642.02253 16.811
2456642.0248 16.836
2456642.02708 16.866
2456642.02934 16.847
2456642.03161 16.894
2456642.0339 16.916
2456642.03617 16.918
2456642.03844 16.862
2456642.043 16.837
2456642.04791 16.839
2456642.05473 16.841
2456642.05701 16.853
2456642.05928 16.834
2456642.06155 16.839
