2455241.62284 19.557
2455241.62454 19.340
2455241.62624 19.283
2455241.62795 19.339
2455241.63480 19.352
2455241.63656 19.428
2455241.63826 19.109
2455241.63997 19.466
2455241.64514 19.422
2455241.64685 19.422
2455241.64857 19.671
2455241.65029 19.519
2455241.65578 19.602
2455241.65751 19.622
2455241.66785 19.641
2455241.66958 19.679
2455241.67302 19.594
2455241.67475 19.420
2455241.67993 19.528
2455241.68166 19.510
2455241.68512 19.463
2455241.68686 19.443
2455241.69390 19.403
2455241.69563 19.347
2455241.69916 19.390
2455241.70091 19.488
2455241.70613 19.568
2455241.70788 19.717
2455241.71136 19.614
2455241.71311 19.798
2455241.72015 19.694
2455241.72365 19.805
2455241.72540 19.848
2455241.73066 19.752
2455241.73241 19.800
2455241.73593 19.665
2455241.73768 19.708
2455241.74296 19.341
2455241.74472 19.496
2455241.74824 19.354
2455241.75001 19.365
2455241.75706 19.505
2455241.76060 19.751
2455241.76237 19.530
2455241.76767 19.743
2455241.76944 19.676
2455241.77303 19.781
2455241.77480 19.732
2455241.78015 19.730
2455241.78194 19.729
2455241.78550 19.696
2455241.78729 19.654
2455241.79262 19.601
2455241.79439 19.673
2455241.79975 19.405
2455241.80511 19.410
2455241.80689 19.412
2455241.81047 19.446
2455241.81230 19.467
2455241.81768 19.304
2455241.81947 19.569
2455241.82310 19.651
2455241.82489 19.301
2455241.83028 19.720
2455241.83210 19.743
2455241.83573 19.797
2455241.83753 19.979
2455241.84293 19.860
2455241.84473 19.860
2455241.84833 19.754
2455241.85014 19.667
2455241.85555 19.503
2455241.85736 19.469
2455241.86097 19.569
2455241.86277 19.590
2455241.86820 19.399
2455241.87002 19.433
2455241.87364 19.573
2455241.87546 19.781
2455241.88091 19.544
2455241.88273 19.908
2455241.88635 19.897
2455241.88818 19.516
2455241.91342 19.279
2455241.91505 19.286
2455241.91837 19.498
2455241.92002 19.136
2455241.92496 19.453
2455241.92660 19.478
2455241.92991 19.681
2455241.93157 19.388
2455241.93660 19.567
2455241.93827 19.966
2455241.94822 19.795
