2455240.62423 19.782
2455240.62591 19.851
2455240.77362 19.324
2455240.77529 19.376
2455240.77698 19.417
2455240.77866 19.390
2455240.78543 19.435
2455240.78712 19.373
2455240.78884 19.511
2455240.79051 19.536
2455240.79731 19.564
2455240.79900 19.711
2455240.80070 19.777
2455240.80240 19.657
2455240.80923 19.639
2455240.81093 19.763
2455240.81263 19.829
2455240.81434 19.750
2455240.82116 19.568
2455240.82287 19.456
2455240.82458 19.456
2455240.82629 19.452
2455240.83316 19.297
2455240.83487 19.313
2455240.83658 19.515
2455240.83831 19.373
2455240.84524 19.453
2455240.84699 19.486
2455240.84872 19.455
2455240.85046 19.672
2455240.86964 19.693
2455240.87140 19.705
2455240.87314 19.686
2455240.87491 19.682
2455240.88191 19.330
2455240.88366 19.265
2455240.88542 19.335
2455240.88718 19.289
2455240.89599 19.320
2455240.89952 19.511
2455240.90660 19.314
2455240.91012 19.582
2455240.91188 19.730
2455240.91899 19.645
2455240.92076 19.816
2455240.92253 19.761
2455240.93143 19.795
2455240.93320 19.586
2455240.93497 19.939
2455240.93675 19.686
2455240.94391 19.683
2455240.94569 19.528
2455240.94747 19.391
2455240.96174 19.582
