2455242.61792 19.439
2455242.61958 19.660
2455242.62123 19.597
2455242.62290 19.714
2455242.62957 19.682
2455242.63123 19.749
2455242.63290 19.738
2455242.63457 19.938
2455242.64126 19.739
2455242.64294 19.937
2455242.64460 19.829
2455242.64628 19.866
2455242.65352 19.518
2455242.65520 19.608
2455242.65856 19.576
2455242.66391 19.397
2455242.66560 19.392
2455242.66729 19.426
2455242.67065 19.555
2455242.67600 19.500
2455242.67771 19.451
2455242.67945 19.640
2455242.68285 19.681
2455242.69137 19.723
2455242.69307 19.326
2455242.69649 19.762
2455242.70336 19.763
2455242.70506 19.736
2455242.70849 19.627
2455242.71192 19.506
2455242.71535 19.314
2455242.71708 19.420
2455242.72050 19.429
2455242.72738 19.389
2455242.72910 19.428
2455242.73256 19.615
2455242.73947 19.667
2455242.74120 19.730
2455242.74468 19.758
2455242.75685 19.946
2455242.76033 19.810
2455242.76554 19.567
2455242.76902 19.616
2455242.77250 19.471
2455242.77599 19.326
2455242.78826 19.409
2455242.79003 19.551
2455242.79354 19.574
2455242.79703 19.676
2455242.80055 19.662
2455242.80231 19.635
2455242.80583 20.042
2455242.80935 19.717
2455242.81288 19.830
2455242.81464 19.736
2455242.81817 19.794
2455242.82171 19.661
2455242.82702 19.535
2455242.83056 19.518
2455242.83943 19.305
2455242.85186 19.325
2455242.85542 19.710
2455242.86436 19.850
2455242.86794 19.812
2455242.87510 19.912
2455242.87691 19.829
2455242.88053 19.842
2455242.88770 19.471
2455242.88951 19.508
2455242.89310 19.520
2455242.89670 19.454
2455242.90033 19.453
2455242.90213 19.558
2455242.90572 19.552
2455242.90932 19.589
2455242.91295 19.683
2455242.91475 19.736
2455242.91835 19.567
2455242.92198 19.701
2455242.92561 19.716
2455242.95708 19.354
2455242.96057 19.218
2455242.96222 19.636
2455242.96550 19.444
2455242.96879 19.674
2455242.98045 19.765
