2455240.62424 16.908
2455240.62592 16.897
2455240.62759 16.896
2455240.62925 16.866
2455240.63628 16.812
2455240.77865 16.855
2455240.79050 16.874
2455240.79730 16.871
2455240.79899 16.899
2455240.80239 16.918
2455240.80922 16.899
2455240.81092 16.912
2455240.82116 16.890
2455240.82287 16.913
2455240.82629 16.940
2455240.83316 16.876
2455240.83831 16.895
2455240.84524 16.851
2455240.84699 16.868
2455240.85046 16.849
2455240.85741 16.839
2455240.85915 16.876
2455240.86266 16.859
2455240.86964 16.877
2455240.87140 16.876
2455240.87491 16.918
2455240.88191 16.872
2455240.88366 16.877
2455240.88718 16.910
2455240.89424 16.914
2455240.89599 16.920
2455240.89952 16.976
2455240.90660 16.927
2455240.90836 16.942
2455240.91188 16.911
2455240.91899 16.849
2455240.92076 16.873
2455240.92430 16.869
2455240.93143 16.859
2455240.93320 16.855
2455240.93675 16.891
2455240.94391 16.912
2455240.94569 16.928
2455240.94928 16.932
2455240.95638 16.918
2455240.95817 16.933
2455240.96174 16.905
2455240.96886 16.868
2455240.97064 16.921
2455240.97423 16.931
2455240.98144 16.871
2455240.98324 16.889
2455240.98684 16.875
