2455242.63458 16.931
2455242.64629 16.916
2455242.68284 16.962
2455242.69136 16.970
2455242.69648 16.962
2455242.69989 16.942
2455242.70335 16.986
2455242.70505 16.993
2455242.70848 16.960
2455242.71191 16.935
2455242.71534 16.915
2455242.71707 16.894
2455242.72049 16.912
2455242.72393 16.884
2455242.72737 16.868
2455242.72909 16.888
2455242.73255 16.884
2455242.73600 16.887
2455242.73946 16.905
2455242.74119 16.917
2455242.74814 16.919
2455242.75162 16.948
2455242.75335 16.934
2455242.75684 16.936
2455242.76032 16.907
2455242.76379 16.934
2455242.76553 16.916
2455242.77250 16.958
2455242.77599 16.984
2455242.77774 16.988
2455242.78123 17.013
2455242.78476 16.967
2455242.78826 16.961
2455242.79003 16.943
2455242.79354 16.902
2455242.79703 16.881
2455242.80055 16.882
2455242.80231 16.895
2455242.80583 16.890
2455242.80935 16.872
2455242.81288 16.891
2455242.81464 16.861
2455242.81817 16.931
2455242.82171 16.925
2455242.82525 16.942
2455242.82702 16.952
2455242.83056 16.954
2455242.83412 16.934
2455242.83766 16.949
2455242.83943 16.957
2455242.84298 16.950
2455242.84653 16.951
2455242.85008 16.969
2455242.85186 16.967
2455242.85542 16.917
2455242.85899 16.913
2455242.86256 16.905
2455242.86436 16.901
2455242.86794 16.900
2455242.87151 16.869
2455242.87510 16.911
2455242.87691 16.889
2455242.88053 16.892
2455242.88412 16.920
2455242.88770 16.908
2455242.88951 16.934
2455242.89310 16.936
2455242.89670 16.934
2455242.90033 16.932
2455242.90213 16.935
2455242.90572 16.916
2455242.90932 16.926
2455242.91295 16.932
2455242.91475 16.936
2455242.91835 16.966
2455242.92197 16.982
2455242.92560 17.021
2455242.92740 16.972
2455242.95707 16.886
2455242.96056 16.933
2455242.96221 16.914
2455242.96549 16.915
2455242.96878 16.944
2455242.97216 16.977
2455242.97380 16.967
2455242.97710 16.985
2455242.98045 16.975
2455242.98384 16.962
2455242.98549 16.967
2455242.98880 16.965
