2455241.62283 16.943
2455241.62453 16.978
2455241.62623 16.943
2455241.62794 16.974
2455241.63479 16.880
2455241.63655 16.885
2455241.63825 16.847
2455241.63996 16.894
2455241.64684 16.876
2455241.65028 16.882
2455241.65750 16.871
2455241.66093 16.882
2455241.66266 16.921
2455241.66784 16.909
2455241.66957 16.935
2455241.67302 16.934
2455241.67475 16.964
2455241.67993 16.935
2455241.68166 16.930
2455241.68512 16.944
2455241.68686 16.959
2455241.69390 16.944
2455241.69563 16.955
2455241.69916 16.930
2455241.70091 16.941
2455241.71840 16.862
2455241.72015 16.864
2455241.72365 16.873
2455241.72540 16.906
2455241.73066 16.879
2455241.73241 16.873
2455241.73593 16.867
2455241.73768 16.912
2455241.74296 16.896
2455241.74472 16.917
2455241.74824 16.889
2455241.75001 16.894
2455241.76944 16.941
2455241.77303 16.949
2455241.77480 16.977
2455241.78015 16.912
2455241.78194 16.916
2455241.78550 16.881
2455241.78729 16.909
2455241.79797 16.867
2455241.79976 16.891
2455241.80512 16.886
2455241.80690 16.901
2455241.81048 16.933
2455241.81231 16.974
2455241.81769 16.952
2455241.81948 16.965
2455241.82311 16.931
2455241.83210 16.936
2455241.84293 16.922
2455241.84473 16.919
2455241.84833 16.931
2455241.86820 16.895
2455241.87002 16.876
2455241.87364 16.871
2455241.87546 16.887
2455241.88091 16.929
2455241.88273 16.935
2455241.88635 16.940
2455241.88818 16.943
2455241.91505 17.023
2455241.91837 16.997
2455241.92496 16.922
2455241.92660 16.939
2455241.92991 16.895
2455241.93157 16.929
2455241.93660 16.910
2455241.93827 16.902
2455241.94158 16.923
2455241.94323 16.941
2455241.94823 16.901
2455241.94989 16.910
2455241.95321 16.838
2455241.97163 16.985
2455241.97329 16.957
2455241.97664 16.976
2455241.97832 17.031
2455241.98336 17.000
2455241.98504 16.984
2455241.98840 16.887
2455241.99007 16.911
