2453260.62438 -0.29
2453260.63035 -0.311
2453260.63169 -0.319
2453260.63302 -0.293
2453260.6357 -0.277
2453260.63704 -0.264
2453260.63837 -0.273
2453260.64104 -0.24
2453260.64438 -0.214
2453260.64572 -0.18
2453260.64705 -0.139
2453260.64838 -0.113
2453260.64971 -0.064
2453260.65105 -0.049
2453260.65237 -0.03
2453260.65371 -0.003
2453260.65504 -0.026
2453260.65637 -0.034
2453260.66241 0.005
2453260.66374 0.001
2453260.66641 -0.077
2453260.66774 -0.076
2453260.66908 -0.132
2453260.67041 -0.099
2453260.67174 -0.134
2453260.67493 -0.146
2453260.6776 -0.208
2453260.67894 -0.217
2453260.68027 -0.219
2453260.6816 -0.245
2453260.68294 -0.246
2453260.68561 -0.258
2453260.68694 -0.27
2453260.69011 -0.319
2453260.69145 -0.307
2453260.69278 -0.295
2453260.7113 -0.051
2453260.71264 -0.04
2453260.7153 -0.008
2453260.71795 0.008
2453260.71927 -0.007
2453260.7206 -0.045
2453260.72193 -0.026
2453260.72326 -0.082
2453260.72657 -0.111
2453260.7279 -0.108
2453260.72923 -0.202
2453260.73055 -0.15
2453260.73188 -0.146
2453260.73453 -0.187
2453260.73586 -0.192
2453260.73718 -0.264
2453260.7385 -0.238
2453260.74164 -0.261
2453260.74296 -0.282
2453260.74429 -0.329
2453260.74561 -0.263
2453260.74826 -0.315
2453260.74958 -0.311
2453260.75091 -0.296
2453260.76018 -0.261
2453260.79931 -0.269
2453260.80066 -0.258
2453260.80203 -0.235
2453260.80532 -0.257
2453260.80939 -0.278
2453260.81211 -0.216
2453260.81347 -0.279
2453260.81482 -0.238
2453260.81755 -0.156
2453260.82084 -0.221
2453260.8222 -0.201
2453260.82356 -0.153
2453260.82492 -0.051
2453260.82628 -0.069
2453260.82765 -0.064
2453260.86958 -0.259
2453260.87093 -0.29
2453260.87229 -0.216
2453260.87364 -0.198
2453260.875 -0.174
2453260.87636 -0.174
