2455529.58791 15.67
2455529.59094 15.639
2455529.59398 15.666
2455529.59702 15.625
2455529.60006 15.65
2455529.60342 15.614
2455529.60646 15.68
2455529.6095 15.64
2455529.61254 15.663
2455529.61558 15.682
2455529.61964 15.767
2455529.62267 15.797
2455529.62571 15.762
2455529.62875 15.792
2455529.63179 15.827
2455529.63516 15.789
2455529.6382 15.806
2455529.64124 15.765
2455529.64428 15.738
2455529.64732 15.75
2455529.65144 15.733
2455529.65448 15.734
2455529.65752 15.675
2455529.66056 15.678
2455529.6636 15.628
2455529.66697 15.629
2455529.67 15.615
2455529.67304 15.592
2455529.67608 15.576
2455529.67912 15.587
2455529.68318 15.586
2455529.68622 15.581
2455529.68926 15.624
2455529.6923 15.654
2455529.69534 15.673
2455529.6987 15.715
2455529.70174 15.723
2455529.70478 15.779
2455529.70782 15.799
2455529.71086 15.803
2455529.71492 15.807
2455529.71796 15.796
2455529.721 15.759
2455529.72403 15.718
2455529.72708 15.702
2455529.73044 15.693
2455529.73348 15.668
2455529.73652 15.655
2455529.73956 15.648
2455529.7426 15.602
2455529.74671 15.627
2455529.74975 15.615
2455529.75279 15.636
2455529.75582 15.625
2455529.75886 15.626
2455529.76223 15.651
2455529.76528 15.664
2455529.76832 15.657
2455529.77135 15.687
2455529.77439 15.707
2455529.77846 15.724
2455529.78149 15.768
2455529.78453 15.744
2455529.78757 15.804
2455529.79061 15.807
2455529.79397 15.82
2455529.79701 15.814
2455529.80005 15.802
2455529.80309 15.794
2455529.80613 15.777
2455529.80995 15.768
2455529.81298 15.745
2455529.81602 15.731
2455529.81906 15.718
2455529.8221 15.698
2455529.82546 15.661
2455529.8285 15.645
2455529.83154 15.614
2455529.83458 15.599
2455529.83762 15.63
2455529.84143 15.626
2455529.84447 15.668
2455529.84751 15.66
2455529.85055 15.683
2455529.85359 15.705
2455529.85695 15.701
2455529.85999 15.742
2455529.86303 15.789
2455529.86606 15.797
2455529.86911 15.83
2455529.87292 15.847
2455529.87596 15.838
2455529.879 15.774
2455529.88204 15.775
2455529.88508 15.737
2455529.88844 15.712
2455529.89148 15.673
2455529.89452 15.673
2455529.89755 15.641
2455529.90059 15.669
2455529.9044 15.635
2455529.90744 15.634
2455529.91048 15.636
2455529.91352 15.608
2455529.91656 15.636
2455529.91992 15.613
2455529.92296 15.64
2455529.926 15.643
2455529.92904 15.661
