2455527.59292 15.595
2455527.59578 15.592
2455527.59865 15.565
2455527.60151 15.554
2455527.60757 15.524
2455527.61043 15.535
2455527.6133 15.538
2455527.61616 15.51
2455527.62302 15.584
2455527.62588 15.571
2455527.62875 15.567
2455527.63161 15.604
2455527.63448 15.599
2455527.63768 15.614
2455527.64054 15.697
2455527.64341 15.703
2455527.64627 15.72
2455527.64914 15.727
2455527.65302 15.738
2455527.65589 15.729
2455527.65875 15.709
2455527.66162 15.633
2455527.66449 15.631
2455527.66767 15.589
2455527.67054 15.577
2455527.67341 15.563
2455527.67627 15.555
2455527.67914 15.531
2455527.68302 15.523
2455527.68589 15.531
2455527.68876 15.544
2455527.69162 15.546
2455527.69449 15.531
2455527.69768 15.548
2455527.70055 15.557
2455527.70342 15.567
2455527.70628 15.586
2455527.70915 15.612
2455527.71304 15.616
2455527.7159 15.66
2455527.71877 15.678
2455527.72163 15.701
2455527.7245 15.705
2455527.72769 15.733
2455527.73056 15.72
2455527.73342 15.719
2455527.73629 15.719
2455527.73915 15.718
2455527.74309 15.68
2455527.74596 15.672
2455527.74883 15.649
2455527.75169 15.635
2455527.75456 15.614
2455527.75774 15.598
2455527.76061 15.582
2455527.76347 15.542
2455527.76634 15.541
2455527.7692 15.544
2455527.77285 15.535
2455527.77572 15.541
2455527.77858 15.545
2455527.78145 15.565
2455527.78432 15.577
2455527.7875 15.577
2455527.79037 15.631
2455527.79324 15.643
2455527.7961 15.641
2455527.79897 15.657
2455527.8026 15.732
2455527.80833 15.758
2455527.8112 15.755
2455527.81407 15.718
2455527.81725 15.691
2455527.82012 15.654
2455527.82298 15.678
2455527.82585 15.607
2455527.82872 15.603
2455527.83235 15.586
2455527.83522 15.577
2455527.83809 15.586
2455527.84095 15.564
2455527.84382 15.528
2455527.84701 15.559
2455527.84987 15.516
2455527.85274 15.545
2455527.8556 15.53
2455527.85847 15.533
2455527.86213 15.565
2455527.865 15.608
2455527.86786 15.594
2455527.87073 15.622
2455527.8736 15.659
2455527.87678 15.656
2455527.87965 15.656
2455527.88252 15.725
2455527.88538 15.708
2455527.88825 15.724
2455527.89195 15.721
2455527.89481 15.704
2455527.89768 15.677
2455527.90056 15.669
2455527.90342 15.667
2455527.90661 15.65
2455527.90947 15.628
2455527.91234 15.621
2455527.9152 15.595
2455527.91807 15.577
2455527.92179 15.581
2455527.92466 15.534
2455527.92753 15.52
2455527.93039 15.483
2455527.93326 15.496
2455527.93644 15.506
