2455600.815410 +27.595
2455600.817040 +27.564
2455600.820290 +27.573
2455600.821920 +27.562
2455600.825170 +27.571
2455600.826790 +27.575
2455600.828420 +27.621
2455600.831670 +27.628
2455600.833300 +27.652
2455600.836550 +27.645
2455600.838180 +27.658
2455600.843060 +27.659
2455600.844680 +27.631
2455600.847940 +27.646
2455600.854450 +27.658
2455600.856070 +27.659
2455600.857700 +27.626
2455600.859330 +27.663
2455600.860950 +27.625
2455600.864200 +27.604
2455600.869080 +27.591
2455600.870710 +27.601
2455600.872330 +27.593
2455600.875580 +27.549
2455600.877210 +27.583
2455600.880460 +27.578
2455600.882090 +27.566
2455600.883720 +27.586
2455600.885340 +27.612
2455600.886970 +27.611
2455600.888590 +27.631
2455600.891840 +27.637
2455600.895770 +27.693
2455600.897400 +27.666
2455600.899020 +27.682
2455600.900720 +27.698
2455600.902350 +27.692
2455600.903980 +27.666
2455600.905600 +27.692
2455600.908850 +27.644
2455600.910470 +27.647
2455600.912100 +27.626
2455600.913730 +27.618
2455600.915350 +27.593
2455600.916980 +27.570
2455600.918610 +27.578
2455600.920240 +27.564
2455600.921860 +27.577
2455600.925110 +27.551
2455600.926740 +27.565
2455600.928360 +27.596
2455600.929990 +27.584
2455600.931610 +27.584
2455600.933240 +27.581
2455600.936500 +27.612
2455600.938120 +27.596
2455600.939750 +27.620
2455600.941370 +27.620
2455600.943000 +27.611
2455600.944620 +27.623
2455600.947880 +27.622
2455600.949510 +27.657
2455600.951140 +27.691
2455600.952770 +27.658
2455600.954390 +27.651
2455600.956010 +27.682
2455600.957640 +27.693
2455600.959270 +27.661
2455600.960900 +27.656
2455600.962530 +27.633
2455600.964160 +27.649
2455600.965780 +27.611
2455600.967410 +27.637
2455600.969040 +27.626
2455600.970660 +27.592
2455600.972290 +27.630
2455600.973920 +27.577
2455600.975550 +27.594
2455600.981080 +27.576
2455600.982710 +27.577
2455600.984330 +27.556
2455600.985960 +27.560
2455600.987590 +27.565
2455600.989220 +27.585
2455600.990840 +27.596
2455600.992470 +27.619
2455600.994090 +27.633
2455600.995720 +27.647
2455600.997360 +27.666
2455600.998990 +27.680
2455601.000620 +27.664
2455601.003870 +27.657
2455601.008750 +27.676
2455601.010390 +27.647
2455601.012010 +27.641
2455601.013640 +27.664
2455601.015270 +27.614
2455601.016890 +27.616
2455601.018520 +27.592
2455601.020150 +27.585
2455601.021780 +27.588
2455601.023400 +27.585
2455601.025040 +27.564
2455601.026670 +27.550
2455601.028300 +27.567
2455601.029930 +27.558
2455601.031550 +27.566
2455601.034810 +27.572
2455601.036440 +27.596
2455601.038070 +27.585
2455601.039700 +27.602
2455601.041320 +27.594
2455601.042950 +27.586
