2455605.773550 +27.844
2455605.775180 +27.828
2455605.776810 +27.860
2455605.778430 +27.850
2455605.780060 +27.862
2455605.781680 +27.850
2455605.783310 +27.873
2455605.786560 +27.908
2455605.788180 +27.881
2455605.789800 +27.889
2455605.791440 +27.904
2455605.793060 +27.902
2455605.794690 +27.927
2455605.796320 +27.919
2455605.797940 +27.912
2455605.799570 +27.942
2455605.801200 +27.906
2455605.802820 +27.890
2455605.804440 +27.893
2455605.806070 +27.906
2455605.809320 +27.906
2455605.810950 +27.889
2455605.812580 +27.870
2455605.814200 +27.869
2455605.815830 +27.863
2455605.817450 +27.841
2455605.819080 +27.839
2455605.820710 +27.856
2455605.822330 +27.846
2455605.825580 +27.819
2455605.827210 +27.815
2455605.828840 +27.819
2455605.830460 +27.830
2455605.832090 +27.842
2455605.836970 +27.863
2455605.838590 +27.877
2455605.840220 +27.874
2455605.841860 +27.892
2455605.843590 +27.905
2455605.845220 +27.891
2455605.846850 +27.922
2455605.848470 +27.917
2455605.850100 +27.922
2455605.853360 +27.925
2455605.856980 +27.907
2455605.858600 +27.889
2455605.860230 +27.857
2455605.861860 +27.829
2455605.863490 +27.867
2455605.865110 +27.817
2455605.866740 +27.855
2455605.869990 +27.811
2455605.871610 +27.810
2455605.873230 +27.792
2455605.874860 +27.824
2455605.876490 +27.828
2455605.878120 +27.815
2455605.881370 +27.837
2455605.892750 +27.856
2455605.894370 +27.908
2455605.896000 +27.908
2455605.897630 +27.904
2455605.899260 +27.888
2455605.900890 +27.938
2455605.907410 +27.889
2455605.909040 +27.896
2455605.910670 +27.906
2455605.912300 +27.881
2455605.913930 +27.908
2455605.915560 +27.871
2455605.917190 +27.867
2455605.918810 +27.858
2455605.920440 +27.873
2455605.922070 +27.885
2455605.923690 +27.867
2455605.925320 +27.818
2455605.926940 +27.835
2455605.928570 +27.833
2455605.930200 +27.829
2455605.931830 +27.823
2455605.940640 +27.857
2455605.942270 +27.866
2455605.943890 +27.882
2455605.945520 +27.900
2455605.947150 +27.866
2455605.948770 +27.923
2455605.950400 +27.936
2455605.952030 +27.919
2455605.953660 +27.918
2455605.955290 +27.934
2455605.956920 +27.933
2455605.958550 +27.937
2455605.960180 +27.912
2455605.961810 +27.915
2455605.963440 +27.916
2455605.965070 +27.868
2455605.966700 +27.890
2455605.968320 +27.863
2455605.969950 +27.869
2455605.971580 +27.845
2455605.974830 +27.829
2455605.976460 +27.822
2455605.978090 +27.828
2455605.987850 +27.847
2455605.991100 +27.857
2455605.992730 +27.869
2455605.994360 +27.855
2455606.020430 +27.891
2455606.027310 +27.872
2455606.028940 +27.873
2455606.030570 +27.869
2455606.032200 +27.888
2455606.043600 +27.833
2455606.045230 +27.870
2455606.046860 +27.849
