2455603.779670 +27.872
2455603.781300 +27.837
2455603.782920 +27.880
2455603.784550 +27.927
2455603.789430 +27.944
2455603.794310 +27.946
2455603.795930 +27.958
2455603.799190 +27.950
2455603.800810 +27.959
2455603.802440 +27.911
2455603.804070 +27.911
2455603.805690 +27.889
2455603.807320 +27.917
2455603.808950 +27.923
2455603.810570 +27.891
2455603.812200 +27.879
2455603.815450 +27.850
2455603.817070 +27.864
2455603.818700 +27.866
2455603.820320 +27.825
2455603.821950 +27.841
2455603.823570 +27.859
2455603.826830 +27.810
2455603.828450 +27.821
2455603.830080 +27.820
2455603.831700 +27.868
2455603.833320 +27.866
2455603.834950 +27.919
2455603.838200 +27.922
2455603.841450 +27.936
2455603.844700 +27.936
2455603.846330 +27.947
2455603.847950 +27.935
2455603.849580 +27.919
2455603.856100 +27.901
2455603.857730 +27.904
2455603.859350 +27.877
2455603.862970 +27.867
2455603.864600 +27.864
2455603.866220 +27.859
2455603.867860 +27.859
2455603.871110 +27.815
2455603.872740 +27.813
2455603.874370 +27.813
2455603.877620 +27.819
2455603.879250 +27.835
2455603.880870 +27.852
2455603.882510 +27.875
2455603.884130 +27.862
2455603.885760 +27.842
2455603.887390 +27.875
2455603.889010 +27.877
2455603.890640 +27.873
2455603.892270 +27.870
2455603.893900 +27.879
2455603.895520 +27.909
2455603.897150 +27.883
2455603.898770 +27.923
2455603.900400 +27.925
2455603.902030 +27.926
2455603.903660 +27.923
2455603.905290 +27.911
2455603.906910 +27.899
2455603.908540 +27.925
2455603.910160 +27.900
2455603.911790 +27.896
2455603.913420 +27.894
2455603.915040 +27.892
2455603.916670 +27.898
2455603.918290 +27.888
2455603.919920 +27.867
2455603.921550 +27.846
2455603.923170 +27.843
2455603.924800 +27.856
2455603.926420 +27.835
2455603.928050 +27.834
2455603.929680 +27.831
2455603.932930 +27.847
2455603.934560 +27.858
2455603.936190 +27.842
2455603.937810 +27.863
2455603.939440 +27.855
2455603.941070 +27.843
2455603.942690 +27.901
2455603.946650 +27.897
2455603.948280 +27.897
2455603.949910 +27.924
2455603.951540 +27.944
2455603.954800 +27.946
2455603.958050 +27.922
2455603.959680 +27.925
2455603.961310 +27.922
2455603.962930 +27.929
2455603.964560 +27.889
2455603.966190 +27.863
2455603.967810 +27.925
2455603.969430 +27.861
2455603.971060 +27.875
2455603.972690 +27.834
2455603.974310 +27.844
2455603.975940 +27.812
2455603.977570 +27.834
2455603.979200 +27.841
2455603.980820 +27.838
2455603.982460 +27.825
2455603.984080 +27.820
2455603.985710 +27.815
2455603.987340 +27.837
2455603.988960 +27.815
2455603.990590 +27.855
2455603.992220 +27.841
2455603.993850 +27.853
2455603.995480 +27.882
2455603.997110 +27.856
2455603.998730 +27.893
2455604.000360 +27.886
2455604.001990 +27.901
2455604.003620 +27.917
2455604.005250 +27.910
2455604.006880 +27.941
2455604.008510 +27.913
2455604.010130 +27.919
2455604.011760 +27.931
2455604.013380 +27.912
2455604.015010 +27.910
2455604.016640 +27.888
2455604.018260 +27.920
2455604.019890 +27.917
2455604.021520 +27.889
2455604.026400 +27.907
2455604.030090 +27.889
2455604.031720 +27.892
2455604.033350 +27.853
2455604.034970 +27.842
2455604.036600 +27.853
2455604.038230 +27.850
2455604.043120 +27.835
2455604.044750 +27.852
2455604.046390 +27.893
2455604.048010 +27.877
2455604.049640 +27.920
2455604.051270 +27.925
2455604.052910 +27.940
2455604.054540 +27.926
2455604.056170 +27.964
2455604.057800 +27.950
2455604.059430 +27.957
2455604.061050 +27.932
2455604.062680 +27.952
2455604.064310 +27.943
2455604.065940 +27.924
2455604.067570 +27.935
2455604.069190 +27.921
2455604.070820 +27.924
2455604.072450 +27.884
2455604.074070 +27.842
2455604.075700 +27.871
2455604.077330 +27.864
