2455629.33881 -0.912
2455629.34164 -0.93
2455629.34449 -0.938
2455629.34591 -0.936
2455629.36179 -0.992
2455629.36747 -0.956
2455629.38552 -0.931
2455629.38694 -0.918
2455629.38978 -0.927
2455629.39121 -0.865
2455629.39406 -0.859
2455629.40927 -0.924
2455629.41496 -0.931
2455629.43301 -0.862
2455629.43443 -0.893
2455629.43585 -0.926
2455629.43727 -0.893
2455629.44153 -0.914
2455629.45598 -0.934
2455629.4574 -0.935
2455629.46024 -0.94
2455629.46385 -0.978
2455629.46528 -0.938
2455629.47973 -0.908
2455629.48115 -0.928
2455629.48257 -0.907
2455629.48399 -0.911
2455629.48541 -0.885
2455629.48683 -0.909
2455629.48825 -0.901
2455629.50489 -0.939
2455629.52862 -0.931
2455629.53146 -0.939
2455629.53289 -0.934
2455629.53431 -0.884
2455629.57676 -0.968
2455629.57818 -0.999
2455629.5796 -0.934
2455629.58102 -0.954
2455629.59766 -0.845
2455629.59908 -0.89
2455629.6005 -0.848
2455629.60192 -0.855
2455629.60334 -0.849
2455629.60476 -0.879
