2455241.63480 19.809
2455241.64514 19.957
2455241.64685 19.857
2455241.65578 19.530
2455241.69390 19.792
2455241.70613 20.014
2455241.70788 20.081
2455241.71840 19.852
2455241.72015 19.740
2455241.73066 19.876
2455241.73241 20.117
2455241.74296 20.231
2455241.74472 20.074
2455241.75528 20.061
2455241.75706 20.191
2455241.76767 19.944
2455241.76944 20.123
2455241.78015 19.905
2455241.78194 19.734
2455241.79262 19.820
2455241.79439 19.701
2455241.81768 20.178
2455241.81947 20.160
2455241.83028 19.988
2455241.83209 19.859
2455241.84292 19.930
2455241.84472 19.934
2455241.85554 19.928
2455241.85735 20.061
2455241.87002 19.867
2455241.88091 20.142
2455241.88273 20.083
2455241.91342 19.956
