2455920.74196 15.258
2455920.74483 15.274
2455920.7477 15.283
2455920.75056 15.32
2455920.75344 15.303
2455920.7563 15.281
2455920.75917 15.294
2455920.76203 15.296
2455920.7649 15.285
2455920.76777 15.28
2455920.77119 15.257
2455920.77406 15.248
2455920.77692 15.249
2455920.77979 15.249
2455920.78267 15.252
2455920.78554 15.243
2455920.7884 15.247
2455920.79126 15.254
2455920.79414 15.256
2455920.797 15.261
2455920.80041 15.28
2455920.80328 15.315
2455920.80615 15.304
2455920.80901 15.328
2455920.8119 15.33
2455920.81477 15.34
2455920.81763 15.332
2455920.82049 15.32
2455920.82336 15.301
2455920.82624 15.297
2455920.83058 15.24
2455920.83345 15.219
2455920.83632 15.199
2455920.83919 15.178
2455920.84204 15.161
2455920.84491 15.169
2455920.84778 15.174
2455920.85064 15.16
2455920.85351 15.156
2455920.85638 15.165
2455920.85979 15.164
2455920.86265 15.186
2455920.86552 15.209
2455920.86839 15.207
2455920.87126 15.227
2455920.87412 15.246
2455920.87699 15.245
2455920.87985 15.26
2455920.88273 15.28
2455920.88559 15.299
2455920.88904 15.302
2455920.89191 15.282
2455920.89478 15.271
2455920.89764 15.276
2455920.90051 15.261
2455920.90338 15.263
2455920.90625 15.261
2455920.90912 15.244
2455920.912 15.246
2455920.91486 15.26
2455920.91924 15.248
2455920.9221 15.263
2455920.92497 15.296
2455920.9393 15.335
2455920.94218 15.305
2455920.94504 15.308
2455920.94849 15.305
2455920.95135 15.29
2455920.95422 15.296
2455920.95709 15.269
2455920.95996 15.242
2455920.96282 15.213
2455920.96569 15.197
2455920.96856 15.177
2455920.97143 15.158
2455920.97429 15.143
2455920.97772 15.152
2455920.98058 15.139
2455920.98345 15.14
2455920.98632 15.138
2455920.98919 15.139
2455920.99205 15.154
2455920.99492 15.175
2455920.99779 15.185
2455921.00066 15.217
2455921.00352 15.234
2455921.00761 15.276
2455921.01048 15.262
2455921.01335 15.267
2455921.01621 15.285
2455921.01908 15.308
2455921.02195 15.302
