2455923.72618 15.224
2455923.72904 15.226
2455923.73191 15.227
2455923.73478 15.25
2455923.73765 15.269
2455923.74051 15.311
2455923.74338 15.32
2455923.74624 15.293
2455923.74911 15.31
2455923.75198 15.308
2455923.75539 15.288
2455923.75825 15.274
2455923.76113 15.276
2455923.764 15.247
2455923.76687 15.236
2455923.76973 15.249
2455923.7726 15.232
2455923.77546 15.231
2455923.77833 15.24
2455923.7812 15.233
2455923.78461 15.225
2455923.8047 15.286
2455923.80756 15.316
2455923.81044 15.313
2455923.81476 15.304
2455923.81762 15.28
2455923.82049 15.275
2455923.82336 15.235
2455923.82623 15.215
2455923.82909 15.189
2455923.83197 15.181
2455923.83484 15.161
2455923.83771 15.144
2455923.84057 15.143
2455923.84399 15.151
2455923.84685 15.14
2455923.84972 15.152
2455923.85259 15.169
2455923.85546 15.192
2455923.85832 15.19
2455923.8612 15.207
2455923.86406 15.243
2455923.86693 15.257
2455923.8698 15.261
2455923.87321 15.276
2455923.87607 15.289
2455923.87894 15.286
2455923.88181 15.284
2455923.88468 15.262
2455923.88754 15.263
2455923.89041 15.271
2455923.89328 15.248
2455923.89615 15.245
2455923.89901 15.243
2455923.90338 15.249
2455923.90624 15.235
2455923.90912 15.237
2455923.91198 15.242
2455923.91485 15.249
2455923.91772 15.253
2455923.92059 15.27
2455923.92345 15.303
2455923.93833 15.325
2455923.9412 15.295
2455923.94407 15.308
2455923.94693 15.281
2455923.9498 15.262
2455923.95267 15.235
2455923.95554 15.227
2455923.95842 15.194
2455923.96189 15.163
2455923.96476 15.137
2455923.96763 15.125
2455923.97049 15.124
2455923.97336 15.114
2455923.97623 15.122
2455923.9791 15.136
2455923.98196 15.145
2455923.98483 15.162
2455923.9877 15.172
2455923.99176 15.217
2455923.99463 15.216
2455923.99749 15.24
2455924.00036 15.234
2455924.00323 15.265
2455924.0061 15.273
2455924.00896 15.257
2455924.01183 15.248
2455924.01469 15.245
2455924.01756 15.239
2455924.02107 15.221
2455924.02394 15.218
2455924.02681 15.206
2455924.02967 15.227
