2455919.75776 15.367
2455919.76063 15.376
2455919.7635 15.387
2455919.76636 15.401
2455919.76978 15.431
2455919.77265 15.423
2455919.77552 15.402
2455919.77838 15.41
2455919.78125 15.405
2455919.78413 15.382
2455919.787 15.357
2455919.78987 15.36
2455919.79273 15.328
2455919.7956 15.3
2455919.79953 15.291
2455919.80239 15.254
2455919.80526 15.245
2455919.80812 15.251
2455919.811 15.239
2455919.81386 15.249
2455919.81673 15.261
2455919.81959 15.263
2455919.82246 15.278
2455919.82533 15.288
2455919.82876 15.325
2455919.83163 15.329
2455919.83449 15.345
2455919.83736 15.357
2455919.84022 15.375
2455919.84309 15.383
2455919.84596 15.382
2455919.84882 15.364
2455919.85169 15.36
2455919.85456 15.352
2455919.85798 15.327
2455919.86084 15.322
2455919.86371 15.327
2455919.86657 15.299
2455919.86944 15.305
2455919.87233 15.31
2455919.87519 15.316
2455919.87806 15.307
2455919.88093 15.312
2455919.88379 15.317
2455919.88814 15.345
2455919.89101 15.347
2455919.89388 15.351
2455919.89674 15.372
2455919.89961 15.37
2455919.90247 15.394
2455919.90535 15.409
2455919.90821 15.426
2455919.91108 15.391
2455919.91394 15.388
2455919.91736 15.4
2455919.92024 15.354
2455919.92311 15.318
2455919.92598 15.314
2455919.92884 15.308
2455919.94945 15.242
2455919.95232 15.248
2455919.95519 15.279
2455919.95806 15.281
2455919.96092 15.322
2455919.96379 15.328
2455919.96665 15.34
2455919.96952 15.36
2455919.9724 15.358
2455919.9765 15.37
2455919.97937 15.345
2455919.98223 15.344
2455919.98509 15.344
2455919.98798 15.344
2455919.99083 15.33
2455919.99369 15.321
2455919.99658 15.301
2455920.00858 15.314
2455920.01147 15.327
2455920.01434 15.339
2455920.01717 15.336
2455920.02007 15.347
2455920.02291 15.36
