2455930.68594 15.014
2455930.68881 15.037
2455930.69168 15.043
2455930.69456 15.051
2455930.69742 15.047
2455930.70029 15.065
2455930.70369 15.037
2455930.70656 15.049
2455930.70943 15.045
2455930.7123 15.025
2455930.71516 14.999
2455930.71803 15.003
2455930.72198 14.96
2455930.72485 14.926
2455930.72772 14.927
2455930.73058 14.905
2455930.73345 14.882
2455930.73631 14.897
2455930.73973 14.873
2455930.7426 14.89
2455930.74547 14.887
2455930.74833 14.903
2455930.7512 14.917
2455930.75406 14.952
2455930.75747 14.96
2455930.76034 14.999
2455930.76322 15.02
2455930.89207 15.001
2455930.89493 15.007
2455930.89781 15.02
2455930.90067 15.027
2455930.90357 15.019
2455930.90698 15.015
2455930.90984 14.997
2455930.91271 14.98
2455930.91557 14.979
2455930.91844 14.986
2455930.92185 14.969
2455930.92471 14.975
2455930.92758 14.969
2455930.93045 14.964
2455930.93332 14.962
2455930.93771 14.968
2455930.94057 14.984
2455930.94344 14.989
2455930.94631 15.0
2455930.94918 14.993
2455930.95258 15.009
2455930.95545 15.026
2455930.95832 15.038
2455930.9612 15.033
2455930.96406 15.039
2455930.96747 15.015
2455930.97033 15.013
2455930.9732 15.013
2455930.97606 14.97
2455930.97894 14.954
2455930.98326 14.936
2455930.98613 14.908
2455930.98899 14.885
2455930.99185 14.874
2455930.99473 14.879
2455930.99813 14.868
2455931.00099 14.871
