2455931.69727 14.968
2455931.70014 14.958
2455931.70301 14.956
2455931.70587 14.931
2455931.70874 14.924
2455931.71161 14.926
2455931.71503 14.922
2455931.71789 14.922
2455931.72076 14.938
2455931.72363 14.951
2455931.72649 14.97
2455931.72936 14.999
2455931.73278 14.98
2455931.73565 15.002
2455931.73852 14.99
2455931.74139 15.007
2455931.74425 14.996
2455931.74712 14.981
2455931.75137 14.986
2455931.75425 14.947
2455931.75712 14.913
2455931.75998 14.913
2455931.76285 14.911
2455931.90142 14.867
2455931.90428 14.831
2455931.90715 14.794
2455931.91002 14.811
2455931.91289 14.818
2455931.95284 14.92
2455931.9557 14.93
2455931.95857 14.901
2455931.96198 14.895
2455931.96484 14.88
2455931.96771 14.899
2455931.97058 14.914
2455931.97345 14.875
2455931.97685 14.904
2455931.97971 14.906
2455931.98258 14.914
2455931.98545 14.918
2455931.98832 14.94
2455931.99272 14.938
2455931.99559 14.952
2455931.99845 14.956
2455932.00132 14.978
2455932.00419 14.972
2455932.00759 14.973
