2455928.70609 15.149
2455928.70888 15.139
2455928.71182 15.138
2455928.71469 15.133
2455928.71748 15.123
2455928.72042 15.14
2455928.72322 15.131
2455928.72617 15.135
2455928.72895 15.143
2455928.73181 15.155
2455928.73522 15.147
2455928.73809 15.176
2455928.74096 15.184
2455928.74384 15.189
2455928.74671 15.222
2455928.74958 15.207
2455928.75244 15.177
2455928.7553 15.196
2455928.75818 15.166
2455928.76104 15.188
2455928.76538 15.138
2455928.76824 15.13
2455928.77111 15.106
2455928.77397 15.083
2455928.77684 15.078
2455928.77971 15.05
2455928.78258 15.049
2455928.78544 15.039
2455928.78831 15.046
2455928.79117 15.037
2455928.7946 15.037
2455928.79747 15.058
2455928.80033 15.094
2455928.8032 15.103
2455928.80607 15.123
2455928.80893 15.148
2455928.8118 15.161
2455928.81468 15.165
2455928.81755 15.185
2455928.82042 15.186
2455928.82384 15.182
2455928.82671 15.173
2455928.82957 15.164
2455928.83244 15.158
2455928.8353 15.14
2455928.83817 15.133
2455928.84105 15.129
2455928.84392 15.102
2455928.86796 15.142
2455928.87082 15.158
2455928.8737 15.165
2455928.87657 15.168
2455928.87944 15.193
2455928.88286 15.196
2455928.88573 15.193
2455928.88859 15.182
2455928.89146 15.168
2455928.89433 15.163
2455928.91208 15.043
2455928.91495 15.021
2455928.91782 15.014
2455928.92069 15.026
2455928.92355 15.035
2455928.92642 15.039
2455928.92929 15.058
2455928.93216 15.073
2455928.93502 15.09
2455928.93789 15.11
2455928.94229 15.162
2455928.94516 15.167
2455928.94803 15.177
2455928.95089 15.165
2455928.95376 15.173
2455928.95663 15.155
2455928.9595 15.158
2455928.96236 15.144
2455928.96523 15.128
2455928.96809 15.129
2455928.9715 15.117
2455928.97437 15.103
2455928.97724 15.096
2455928.9801 15.098
2455928.98297 15.102
2455928.98584 15.104
2455928.98871 15.115
2455928.99157 15.118
2455928.99444 15.124
2455928.99732 15.13
2455929.00076 15.147
2455929.00363 15.158
2455929.0065 15.173
2455929.00936 15.177
2455929.01223 15.163
2455929.0151 15.17
2455929.01797 15.179
