2454926.63673 15.025
2454926.64453 14.929
2454926.65230 14.883
2454926.66013 14.864
2454926.68961 15.078
2454926.69796 15.030
2454926.70691 14.952
2454926.71679 14.901
2454926.72532 14.864
2454926.75628 15.083
2454926.76364 15.054
2454926.77100 14.979
2454926.77838 14.918
2454926.80807 15.000
2454926.81547 15.048
2454926.82290 15.067
2454926.83034 15.015
2454926.83782 14.963
2454926.84533 14.925
2454926.85280 14.874
2454926.86030 14.879
2454926.86787 14.933
2454926.87545 15.014
2454926.88305 15.087
2454926.90146 14.986
2454926.90909 14.912
2454926.91675 14.881
2454926.92440 14.886
2454926.93209 14.944
2454926.93977 15.014
2454926.94748 15.063
2454926.95519 15.045
