2455924.7604 15.026
2455924.76328 15.043
2455924.76615 15.046
2455924.76958 15.088
2455924.77245 15.07
2455924.77531 15.098
2455924.77818 15.122
2455924.78105 15.126
2455924.78392 15.153
2455924.78678 15.162
2455924.78966 15.158
2455924.79253 15.149
2455924.7954 15.12
2455924.79982 15.116
2455924.80269 15.112
2455924.80555 15.112
2455924.80844 15.095
2455924.8113 15.101
2455924.81417 15.106
2455924.81703 15.087
2455924.8199 15.088
2455924.82277 15.083
2455924.82563 15.091
2455924.82905 15.108
2455924.83191 15.116
2455924.83478 15.143
2455924.83764 15.141
2455924.84052 15.15
2455924.84338 15.167
2455924.84625 15.172
2455924.84911 15.15
2455924.85198 15.148
2455924.85485 15.144
2455924.85826 15.131
2455924.86113 15.101
2455924.864 15.089
2455924.86686 15.057
2455924.86973 15.059
2455924.8726 15.04
2455924.87547 15.025
2455924.87833 15.007
2455924.8812 14.997
2455924.88406 14.983
2455924.88799 15.016
2455924.89085 15.028
2455924.89372 15.031
2455924.89658 15.052
2455924.89946 15.072
2455924.90232 15.066
2455924.90519 15.119
2455924.90805 15.139
2455924.91092 15.136
2455924.91379 15.141
2455924.94014 15.054
2455924.94301 15.056
2455924.94642 15.061
2455924.94929 15.088
2455924.96077 15.119
2455924.97225 15.137
2455924.98811 15.131
2455924.99097 15.128
2455924.99385 15.097
2455924.99671 15.064
2455924.99958 15.056
2455925.00245 15.033
2455925.00601 15.009
2455925.00887 15.004
2455925.01174 14.992
2455925.0146 14.968
2455925.01747 14.982
2455925.02034 14.992
2455925.02321 14.993
2455925.02607 15.013
