2455758.6492 15.467
2455758.65061 15.504
2455758.65197 15.511
2455758.65242 15.497
2455758.65287 15.464
2455758.65332 15.493
2455758.65377 15.449
2455758.65512 15.516
2455758.65557 15.434
2455758.65602 15.476
2455758.65692 15.467
2455758.65737 15.478
2455758.65782 15.495
2455758.65828 15.464
2455758.65873 15.406
2455758.65918 15.403
2455758.65963 15.446
2455758.66053 15.451
2455758.66144 15.45
2455758.66189 15.474
2455758.66234 15.382
2455758.66279 15.405
2455758.66324 15.487
2455758.66369 15.432
2455758.6646 15.476
2455758.66505 15.409
2455758.6655 15.445
2455758.66595 15.432
2455758.6664 15.435
2455758.66685 15.448
2455758.6673 15.37
2455758.66776 15.396
2455758.66821 15.407
2455758.66866 15.469
2455758.66911 15.331
2455758.66956 15.391
2455758.67001 15.408
2455758.67046 15.423
2455758.67091 15.388
2455758.67137 15.399
2455758.67182 15.389
2455758.67227 15.312
2455758.67272 15.366
2455758.67317 15.322
2455758.67362 15.337
2455758.67407 15.333
2455758.67453 15.379
2455758.67498 15.323
2455758.67543 15.311
2455758.67588 15.364
2455758.67633 15.329
2455758.67723 15.354
2455758.67859 15.324
2455758.6831 15.338
2455758.6849 15.341
2455758.68535 15.399
2455758.6867 15.338
2455758.68715 15.393
2455758.68762 15.357
2455758.68807 15.355
2455758.68897 15.332
2455758.68942 15.325
2455758.68987 15.347
2455758.69078 15.375
2455758.69168 15.37
2455758.69213 15.354
2455758.69258 15.398
2455758.69303 15.444
2455758.69348 15.47
2455758.69394 15.345
2455758.69439 15.49
2455758.69484 15.507
2455758.69529 15.52
2455758.69574 15.539
2455758.69619 15.554
2455758.69664 15.501
2455758.6971 15.491
2455758.69755 15.494
2455758.69845 15.525
2455758.69935 15.516
2455758.6998 15.502
2455758.70026 15.478
2455758.70071 15.518
2455758.70116 15.469
2455758.70161 15.43
2455758.70206 15.543
2455758.70251 15.404
2455758.70296 15.453
2455758.70341 15.469
2455758.70387 15.519
2455758.70432 15.47
2455758.70477 15.457
2455758.70522 15.441
2455758.70567 15.497
2455758.70612 15.496
2455758.70657 15.356
2455758.70703 15.456
2455758.70748 15.544
2455758.70793 15.506
2455758.70838 15.514
2455758.70883 15.504
2455758.71019 15.518
2455758.71064 15.417
2455758.71109 15.489
2455758.71154 15.433
2455758.71199 15.471
2455758.71244 15.365
2455758.71289 15.411
2455758.71335 15.458
2455758.7138 15.431
2455758.71425 15.456
2455758.7147 15.48
2455758.71515 15.436
2455758.7156 15.433
2455758.71605 15.416
2455758.71651 15.483
2455758.71696 15.434
2455758.71741 15.47
2455758.71786 15.412
2455758.71831 15.434
2455758.71876 15.405
2455758.71921 15.418
2455758.71966 15.406
2455758.72012 15.458
2455758.72057 15.38
2455758.72102 15.423
2455758.72147 15.498
2455758.72192 15.372
2455758.72237 15.403
2455758.72282 15.449
2455758.72328 15.41
2455758.72373 15.448
2455758.72418 15.447
2455758.72463 15.384
2455758.72508 15.401
2455758.72553 15.493
2455758.72598 15.44
2455758.72644 15.459
2455758.72689 15.39
2455758.72734 15.461
2455758.72779 15.469
2455758.72824 15.393
2455758.72869 15.453
2455758.72914 15.423
2455758.7296 15.397
2455758.73005 15.444
2455758.7305 15.437
2455758.73095 15.441
2455758.7314 15.367
2455758.73185 15.358
2455758.7323 15.436
2455758.73276 15.349
2455758.73321 15.336
2455758.73366 15.41
2455758.73411 15.352
2455758.73456 15.442
2455758.73501 15.381
2455758.73546 15.37
2455758.73591 15.38
2455758.73637 15.374
2455758.73682 15.346
2455758.73727 15.361
2455758.73772 15.359
2455758.73817 15.313
2455758.73862 15.365
2455758.73907 15.397
2455758.73953 15.365
2455758.73998 15.331
2455758.74088 15.347
2455758.74133 15.352
2455758.74178 15.347
2455758.74223 15.323
2455758.74314 15.337
2455758.74359 15.347
2455758.74404 15.336
2455758.74449 15.327
2455758.74494 15.366
2455758.74539 15.345
2455758.74585 15.415
2455758.7463 15.393
2455758.74675 15.355
2455758.7472 15.343
2455758.74765 15.331
2455758.7481 15.422
2455758.74855 15.395
2455758.74901 15.406
2455758.74946 15.409
2455758.74991 15.354
2455758.75036 15.353
2455758.75081 15.41
2455758.75126 15.399
2455758.75171 15.401
2455758.75216 15.412
2455758.75262 15.463
2455758.75307 15.448
2455758.75352 15.398
2455758.75397 15.451
2455758.75442 15.373
2455758.75487 15.446
2455758.75532 15.469
2455758.75578 15.451
2455758.75623 15.43
2455758.75713 15.452
2455758.75758 15.476
2455758.75803 15.461
2455758.75848 15.407
2455758.75894 15.477
2455758.75939 15.415
2455758.75984 15.425
2455758.76029 15.405
2455758.76074 15.461
2455758.7612 15.445
2455758.76166 15.464
2455758.76211 15.422
2455758.76256 15.41
2455758.76301 15.473
2455758.76346 15.456
2455758.76391 15.398
2455758.76436 15.465
2455758.76482 15.43
2455758.76527 15.462
2455758.76572 15.423
2455758.76617 15.396
2455758.76662 15.463
2455758.76707 15.436
2455758.76752 15.488
2455758.76798 15.394
2455758.76843 15.404
2455758.76888 15.409
2455758.76933 15.438
2455758.76978 15.413
2455758.77023 15.363
2455758.77068 15.346
2455758.77113 15.377
2455758.77159 15.371
2455758.77204 15.347
2455758.77249 15.39
2455758.77294 15.366
2455758.77339 15.324
2455758.77384 15.362
2455758.77429 15.373
2455758.77475 15.324
2455758.7752 15.368
2455758.77565 15.386
2455758.7761 15.328
2455758.77655 15.329
2455758.777 15.333
2455758.77745 15.399
2455758.77791 15.348
2455758.77836 15.374
2455758.77881 15.357
2455758.77926 15.362
2455758.77971 15.38
2455758.78016 15.344
2455758.78061 15.397
2455758.78107 15.444
2455758.78152 15.396
2455758.78197 15.393
2455758.78242 15.39
2455758.78287 15.445
2455758.78332 15.37
2455758.78377 15.416
2455758.78468 15.442
2455758.78513 15.438
2455758.78558 15.426
2455758.78603 15.43
2455758.78648 15.416
2455758.78693 15.464
2455758.78738 15.41
2455758.78784 15.329
2455758.78829 15.454
2455758.78874 15.357
2455758.78919 15.439
2455758.78964 15.364
2455758.79054 15.455
2455758.791 15.413
2455758.79145 15.405
2455758.7919 15.415
2455758.79235 15.394
2455758.7928 15.373
2455758.79325 15.34
2455758.7937 15.397
2455758.79416 15.339
2455758.79461 15.353
2455758.79506 15.381
2455758.79551 15.385
2455758.79596 15.353
2455758.79641 15.415
2455758.79686 15.374
2455758.79732 15.417
2455758.79777 15.347
2455758.79822 15.399
2455758.79868 15.372
2455758.79913 15.373
2455758.79958 15.369
2455758.80004 15.363
2455758.80049 15.378
2455758.80094 15.377
2455758.80139 15.421
2455758.80185 15.351
2455758.8023 15.45
2455758.80276 15.426
2455758.80321 15.413
2455758.80366 15.417
2455758.80411 15.473
2455758.80456 15.42
2455758.80501 15.427
2455758.80546 15.475
2455758.80591 15.466
2455758.80637 15.428
2455758.80682 15.459
2455758.80727 15.429
2455758.80772 15.473
2455758.80817 15.402
2455758.80862 15.477
2455758.80907 15.432
2455758.80953 15.461
2455758.80998 15.455
2455758.81043 15.434
2455758.81088 15.464
2455758.81133 15.432
2455758.81178 15.447
2455758.81223 15.413
2455758.81269 15.428
2455758.81314 15.466
2455758.81359 15.41
2455758.81404 15.413
2455758.81449 15.477
2455758.81494 15.402
2455758.81539 15.494
2455758.81585 15.488
2455758.8163 15.443
2455758.81675 15.429
2455758.8172 15.444
2455758.81765 15.476
2455758.8181 15.412
2455758.81855 15.429
2455758.81901 15.456
2455758.81946 15.48
2455758.81991 15.408
2455758.82036 15.422
2455758.82081 15.506
2455758.82126 15.418
2455758.82171 15.46
2455758.82216 15.398
2455758.82262 15.437
2455758.82307 15.438
2455758.82352 15.407
2455758.82397 15.422
2455758.82442 15.392
2455758.82487 15.456
2455758.82532 15.434
2455758.82578 15.465
2455758.82623 15.398
2455758.82668 15.393
2455758.82713 15.421
2455758.82758 15.413
2455758.82803 15.411
2455758.82848 15.407
2455758.82894 15.423
2455758.82939 15.386
2455758.82984 15.4
2455758.83029 15.428
2455758.83074 15.418
2455758.83119 15.398
2455758.83164 15.422
2455758.8321 15.438
2455758.83255 15.389
2455758.833 15.434
2455758.83345 15.391
2455758.8339 15.453
2455758.83435 15.496
2455758.8348 15.435
2455758.83526 15.398
2455758.83571 15.415
2455758.83616 15.443
2455758.83661 15.446
2455758.83706 15.422
2455758.83751 15.407
2455758.83798 15.39
2455758.83843 15.388
2455758.83888 15.369
2455758.83933 15.415
2455758.83978 15.412
2455758.84023 15.376
2455758.84068 15.378
2455758.84113 15.417
2455758.84159 15.409
2455758.84204 15.4
2455758.84249 15.37
2455758.84294 15.385
2455758.84339 15.361
2455758.84384 15.38
2455758.84429 15.394
2455758.84475 15.351
2455758.8452 15.442
2455758.84565 15.439
2455758.8461 15.421
2455758.84655 15.335
2455758.847 15.422
2455758.84745 15.385
2455758.84791 15.418
2455758.84836 15.393
2455758.84881 15.4
2455758.84926 15.347
2455758.84971 15.409
2455758.85016 15.396
2455758.85061 15.392
2455758.85107 15.399
2455758.85152 15.409
2455758.85197 15.375
2455758.85242 15.384
2455758.85287 15.438
2455758.85332 15.354
2455758.85377 15.45
2455758.85423 15.428
2455758.85468 15.407
2455758.85513 15.395
2455758.85558 15.425
2455758.85604 15.464
2455758.85649 15.418
2455758.85694 15.438
2455758.85742 15.428
2455758.85787 15.423
2455758.85832 15.477
2455758.85877 15.407
2455758.85923 15.408
2455758.85968 15.459
2455758.86013 15.448
2455758.86058 15.483
2455758.86103 15.462
2455758.86148 15.507
2455758.86193 15.462
2455758.86238 15.47
2455758.86284 15.478
2455758.86329 15.446
2455758.86374 15.429
2455758.86419 15.427
2455758.86464 15.489
2455758.86509 15.443
2455758.86554 15.498
2455758.866 15.429
2455758.86645 15.449
2455758.8669 15.456
2455758.86735 15.472
2455758.8678 15.404
2455758.86825 15.48
2455758.8687 15.41
2455758.86916 15.489
2455758.86961 15.425
2455758.87006 15.418
2455758.87051 15.451
2455758.87096 15.451
2455758.87141 15.436
2455758.87186 15.416
2455758.87232 15.45
2455758.87277 15.415
2455758.87322 15.426
2455758.87367 15.453
2455758.87412 15.442
2455758.87457 15.431
2455758.87502 15.477
2455758.87548 15.399
2455758.87593 15.401
2455758.87638 15.475
2455758.87683 15.448
2455758.87728 15.416
2455758.87773 15.444
2455758.87818 15.431
2455758.87863 15.453
2455758.8791 15.46
2455758.87955 15.479
2455758.88 15.479
2455758.88045 15.407
2455758.8809 15.427
2455758.88137 15.441
2455758.88182 15.383
2455758.88227 15.471
2455758.88272 15.438
2455758.88317 15.391
2455758.88362 15.424
2455758.88407 15.378
2455758.88453 15.415
2455758.88498 15.469
2455758.88543 15.462
2455758.88588 15.505
2455758.88633 15.452
2455758.88678 15.443
2455758.88723 15.463
2455758.88769 15.442
2455758.88814 15.406
2455758.88859 15.475
2455758.88904 15.34
2455758.88949 15.382
2455758.88994 15.397
2455758.89039 15.429
2455758.89085 15.452
2455758.8913 15.435
2455758.89175 15.518
2455758.8922 15.408
2455758.89265 15.465
2455758.8931 15.469
2455758.89355 15.498
2455758.89401 15.463
2455758.89446 15.422
2455758.89491 15.481
2455758.89536 15.508
2455758.89581 15.471
2455758.89626 15.429
2455758.89671 15.433
2455758.89716 15.517
2455758.89762 15.445
2455758.89807 15.446
2455758.89852 15.49
2455758.89897 15.481
2455758.89942 15.427
2455758.89987 15.454
2455758.90032 15.377
2455758.90078 15.376
2455758.90123 15.451
2455758.90168 15.436
2455758.90214 15.487
2455758.90259 15.416
2455758.90304 15.442
2455758.9035 15.459
2455758.90395 15.443
2455758.9044 15.492
2455758.90485 15.416
2455758.9053 15.398
2455758.90575 15.424
2455758.9062 15.406
2455758.90666 15.473
2455758.90711 15.471
2455758.90756 15.443
2455758.90801 15.37
2455758.90846 15.439
2455758.90891 15.492
2455758.90936 15.462
2455758.90982 15.437
2455758.91027 15.379
2455758.91072 15.434
2455758.91117 15.415
2455758.91162 15.398
2455758.91207 15.385
2455758.91252 15.425
2455758.91298 15.433
2455758.91343 15.373
2455758.91388 15.385
2455758.91433 15.463
2455758.91478 15.375
2455758.91523 15.395
2455758.91568 15.384
2455758.91613 15.387
2455758.91704 15.377
2455758.91749 15.386
2455758.91794 15.33
2455758.91839 15.419
2455758.91884 15.398
2455758.91929 15.409
2455758.91975 15.447
2455758.9202 15.362
2455758.92065 15.41
2455758.9211 15.374
2455758.92155 15.402
2455758.922 15.41
2455758.92245 15.396
2455758.92291 15.357
2455758.92336 15.387
2455758.92382 15.357
2455758.92427 15.354
2455758.92472 15.458
2455758.92517 15.395
2455758.92563 15.397
2455758.92608 15.408
2455758.92653 15.34
2455758.92698 15.381
2455758.92743 15.371
2455758.92788 15.354
2455758.92833 15.337
2455758.92879 15.396
2455758.92924 15.448
2455758.92969 15.401
2455758.93014 15.463
2455758.93059 15.34
2455758.93104 15.385
2455758.93149 15.399
2455758.93194 15.426
2455758.93241 15.395
2455758.93286 15.352
2455758.93331 15.364
2455758.93376 15.373
2455758.93421 15.416
2455758.93466 15.453
2455758.93512 15.412
2455758.93557 15.409
2455758.93602 15.404
2455758.93647 15.417
2455758.93692 15.425
2455758.93737 15.393
2455758.93782 15.436
2455758.93828 15.412
2455758.93873 15.434
2455758.93918 15.432
2455758.93963 15.452
2455758.94008 15.408
2455758.94053 15.463
2455758.94098 15.46
2455758.94144 15.392
2455758.94189 15.422
2455758.94234 15.426
2455758.9428 15.412
2455758.94325 15.429
2455758.9437 15.405
2455758.94416 15.435
2455758.94461 15.411
2455758.94506 15.379
2455758.94551 15.387
2455758.94596 15.41
2455758.94641 15.373
2455758.94686 15.386
2455758.94732 15.424
2455758.94777 15.405
2455758.94822 15.422
2455758.94867 15.389
2455758.94912 15.382
2455758.94957 15.428
2455758.95002 15.38
2455758.95048 15.37
2455758.95093 15.361
2455758.95138 15.45
2455758.95183 15.41
2455758.95228 15.39
2455758.95273 15.362
2455758.95318 15.379
2455758.95363 15.411
2455758.95409 15.383
2455758.955 15.409
2455758.95545 15.367
2455758.9559 15.388
2455758.95635 15.394
2455758.95681 15.35
2455758.95726 15.413
2455758.95771 15.355
2455758.95816 15.385
2455758.95861 15.41
2455758.95906 15.396
2455758.95951 15.37
2455758.95997 15.389
2455758.96042 15.363
2455758.96088 15.45
2455758.96133 15.441
2455758.96178 15.341
2455758.96223 15.413
2455758.9627 15.395
2455758.96315 15.429
2455758.9636 15.366
2455758.96405 15.37
2455758.9645 15.374
2455758.96495 15.456
2455758.96631 15.345
