2453932.66803 15.185
2453932.67372 15.193
2453932.67658 15.189
2453932.67943 15.227
2453932.68229 15.224
2453932.68524 15.248
2453932.68809 15.205
2453932.69784 15.235
2453932.7007 15.249
2453932.70356 15.212
2453932.7064 15.216
2453932.70925 15.212
2453932.7121 15.217
2453932.71496 15.219
2453932.71781 15.226
2453932.72065 15.219
2453932.72759 15.2
2453932.73043 15.204
2453932.73334 15.237
2453932.73619 15.222
2453932.73904 15.247
2453932.74189 15.23
2453932.74474 15.232
2453932.74759 15.221
2453932.75044 15.222
2453932.7533 15.198
2453932.76069 15.234
2453932.76355 15.21
2453932.76639 15.215
2453932.76924 15.198
2453932.77209 15.228
2453932.77494 15.217
2453932.77778 15.229
2453932.78063 15.195
2453932.78348 15.212
2453932.79859 15.221
2453932.80143 15.222
2453932.80428 15.189
2453932.80713 15.228
2453932.80997 15.232
2453932.81282 15.222
2453932.81567 15.217
2453932.81852 15.205
2453932.82562 15.21
2453932.82847 15.213
2453932.83416 15.21
2453932.83702 15.198
2453932.83987 15.184
2453932.84271 15.171
2453932.84556 15.195
2453932.86941 15.181
2453932.87511 15.187
2453932.88081 15.203
2453932.88366 15.199
2453932.89318 15.18
2453932.90174 15.162
2453932.9046 15.182
2453932.91315 15.183
2453932.92549 15.182
