2455158.60756 14.399
2455158.61055 14.403
2455158.61355 14.423
2455158.61654 14.415
2455158.61952 14.394
2455158.62252 14.398
2455158.62551 14.39
2455158.6285 14.392
2455158.6315 14.402
2455158.63975 14.414
2455158.64275 14.435
2455158.64574 14.413
2455158.64872 14.434
2455158.6547 14.45
2455158.65769 14.449
2455158.66067 14.465
2455158.66666 14.479
2455158.67031 14.475
2455158.6733 14.489
2455158.6763 14.468
2455158.67929 14.469
2455158.68227 14.473
2455158.68527 14.475
2455158.68825 14.47
2455158.69123 14.479
2455158.69422 14.448
2455158.6972 14.437
2455158.70549 14.428
2455158.71148 14.402
2455158.71746 14.398
2455158.72301 14.388
2455158.72597 14.385
2455158.72892 14.396
2455158.73189 14.383
2455158.73485 14.388
2455158.73782 14.39
2455158.74078 14.386
2455158.74375 14.387
2455158.74671 14.384
2455158.74968 14.397
2455158.75718 14.415
2455158.76903 14.425
2455158.7809 14.439
2455158.78461 14.468
2455158.78763 14.474
2455158.79059 14.487
2455158.79356 14.496
2455158.79653 14.49
2455158.79948 14.474
2455158.80244 14.474
2455158.8054 14.475
2455158.80835 14.468
2455158.81132 14.46
2455158.81735 14.441
2455158.82031 14.43
2455158.82328 14.436
2455158.82624 14.434
2455158.82921 14.426
2455158.83217 14.414
2455158.8381 14.405
2455158.84107 14.403
2455158.84774 14.404
2455158.85071 14.403
2455158.85367 14.413
2455158.85664 14.413
2455158.8596 14.413
2455158.86256 14.41
2455158.86553 14.397
2455158.86849 14.41
2455158.87441 14.38
2455158.87924 14.391
2455158.8822 14.406
2455158.88517 14.421
2455158.88813 14.431
2455158.8911 14.442
2455158.89406 14.441
2455158.89702 14.461
2455158.89999 14.457
2455158.90295 14.472
