2455159.60228 14.418
2455159.63357 14.48
2455159.63654 14.474
2455159.64544 14.494
2455159.6484 14.526
2455159.65439 14.508
2455159.65734 14.512
2455159.66186 14.502
2455159.66481 14.494
2455159.66778 14.487
2455159.67075 14.49
2455159.67371 14.501
2455159.67668 14.495
2455159.67964 14.487
2455159.6826 14.469
2455159.68556 14.463
2455159.68853 14.463
2455159.69262 14.447
2455159.69558 14.439
2455159.69855 14.442
2455159.7015 14.433
2455159.70446 14.416
2455159.70742 14.415
2455159.71039 14.415
2455159.71335 14.414
2455159.71638 14.42
2455159.71933 14.408
2455159.72302 14.419
2455159.72599 14.413
2455159.72894 14.405
2455159.7319 14.399
2455159.73486 14.406
2455159.73782 14.405
2455159.74079 14.407
2455159.74375 14.421
2455159.74671 14.429
2455159.74966 14.443
2455159.75382 14.464
2455159.75677 14.473
2455159.75973 14.49
2455159.7627 14.488
2455159.76566 14.479
2455159.76862 14.471
2455159.77159 14.478
2455159.77455 14.491
2455159.77752 14.492
2455159.78047 14.505
2455159.78419 14.507
2455159.78715 14.505
2455159.79018 14.505
2455159.79314 14.502
2455159.79611 14.503
2455159.79908 14.5
2455159.80203 14.503
2455159.80499 14.487
2455159.80795 14.476
2455159.81091 14.451
2455159.81503 14.441
2455159.81799 14.434
2455159.82095 14.44
2455159.82392 14.431
2455159.82687 14.434
2455159.82984 14.426
2455159.83281 14.434
2455159.83577 14.443
2455159.83873 14.441
2455159.8417 14.441
2455159.84541 14.442
2455159.84837 14.43
2455159.85134 14.429
2455159.8543 14.428
2455159.85725 14.412
2455159.86316 14.398
2455159.86613 14.402
2455159.87644 14.443
2455159.87941 14.453
2455159.88238 14.47
2455159.88534 14.469
2455159.8883 14.468
2455159.89126 14.467
2455159.89423 14.465
2455159.89718 14.493
2455159.90015 14.514
