2456251.58032 17.527
2456251.58431 17.519
2456251.58799 17.561
2456251.59196 17.495
2456251.59598 17.561
2456251.59967 17.555
2456251.60336 17.59
2456251.60704 17.523
2456251.65717 17.5
2456251.66087 17.539
2456251.66485 17.524
2456251.66883 17.582
2456251.67282 17.552
2456251.6765 17.505
2456251.68051 17.432
2456251.68421 17.585
2456251.6879 17.514
2456251.69158 17.581
2456251.69531 17.537
2456251.699 17.52
2456251.70269 17.451
2456251.70638 17.489
2456251.71006 17.446
2456251.71376 17.479
2456251.71744 17.526
2456251.72117 17.516
2456251.72486 17.553
2456251.72856 17.551
2456251.73224 17.561
2456251.73594 17.536
2456251.73962 17.598
2456251.74328 17.55
2456251.74699 17.517
2456251.75068 17.493
2456251.75442 17.519
2456251.75813 17.518
2456251.76183 17.513
2456251.76556 17.529
2456251.76924 17.554
2456251.77292 17.513
2456251.77661 17.547
2456251.78402 17.555
2456251.79145 17.485
2456251.79548 17.518
2456251.79916 17.531
2456251.80317 17.514
2456251.80687 17.528
2456251.81054 17.466
2456251.81423 17.482
2456251.81825 17.519
2456251.82195 17.547
2456251.8293 17.575
2456251.833 17.515
2456251.83667 17.485
