2456250.54145 17.488
2456250.54548 17.497
2456250.55292 17.436
2456250.55696 17.454
2456250.56067 17.53
2456250.56809 17.497
2456250.58729 17.469
2456250.59099 17.485
2456250.59471 17.507
2456250.59845 17.485
2456250.60215 17.536
2456250.60587 17.455
2456250.60958 17.422
2456250.61334 17.489
2456250.61703 17.45
2456250.62447 17.438
2456250.6285 17.466
2456250.6322 17.47
2456250.64706 17.447
2456250.65077 17.449
2456250.65448 17.441
2456250.65817 17.485
2456250.66188 17.403
2456250.66561 17.453
2456250.66931 17.5
2456250.67305 17.482
2456250.67676 17.485
2456250.68043 17.473
2456250.68415 17.491
2456250.69165 17.443
2456250.69939 17.475
2456250.70309 17.515
2456250.7068 17.531
2456250.7105 17.514
2456250.7216 17.499
2456250.72566 17.504
2456250.72939 17.489
2456250.73312 17.476
2456250.74057 17.428
2456250.74799 17.484
2456250.75542 17.449
2456250.75911 17.486
2456250.76282 17.459
2456250.76651 17.448
2456250.77022 17.459
2456250.77392 17.433
2456250.77761 17.493
2456250.78137 17.481
2456250.78878 17.47
2456250.79256 17.489
2456250.79626 17.458
2456250.80029 17.431
2456250.80399 17.459
2456250.80768 17.448
2456250.81173 17.463
2456250.81923 17.484
2456250.82324 17.443
2456250.82727 17.538
2456250.83098 17.544
2456250.83468 17.529
2456250.83867 17.488
2456250.84671 17.502
2456250.85073 17.476
2456250.85476 17.444
2456250.85847 17.462
2456250.86216 17.505
2456250.86587 17.494
2456250.8699 17.426
