2455572.61116 16.043
2455572.61416 16.022
2455572.61715 15.969
2455572.62015 15.955
2455572.62314 15.895
2455572.62614 15.896
2455572.62914 15.893
2455572.63515 15.872
2455572.63815 15.839
2455572.64537 15.86
2455572.65135 15.866
2455572.65438 15.887
2455572.65737 15.878
2455572.66035 15.912
2455572.66334 15.917
2455572.66633 15.905
2455572.67232 15.936
2455572.68678 15.933
2455572.6898 15.938
2455572.69279 15.925
2455572.6958 15.879
2455572.6988 15.856
2455572.7018 15.832
2455572.70478 15.861
2455572.70778 15.814
2455572.71799 15.793
2455572.72099 15.843
2455572.72399 15.849
2455572.72699 15.841
2455572.72997 15.844
2455572.73296 15.872
2455572.73594 15.923
2455572.73894 15.899
2455572.74194 15.942
2455572.75038 16.038
2455572.75337 16.027
2455572.75932 16.087
2455572.76232 16.063
2455572.76533 16.083
2455572.76833 16.074
2455572.77131 16.092
2455572.7743 16.017
2455572.7773 16.012
2455572.78626 15.952
2455572.78926 15.913
2455572.79226 15.891
2455572.79526 15.871
2455572.79826 15.839
2455572.80126 15.851
2455572.80425 15.862
2455572.80725 15.84
2455572.81024 15.831
2455572.81323 15.851
2455572.82279 15.866
2455572.82579 15.887
2455572.82879 15.909
2455572.83178 15.899
2455572.83478 15.902
2455572.83778 15.918
2455572.84077 15.929
2455572.84377 15.95
2455572.84977 15.954
2455572.85844 15.885
2455572.86143 15.885
2455572.86441 15.857
2455572.8674 15.835
2455572.87038 15.81
2455572.87338 15.802
2455572.87636 15.817
2455572.87937 15.793
2455572.88236 15.791
2455572.88535 15.814
2455572.89304 15.837
2455572.89904 15.895
2455572.90201 15.931
2455572.905 15.944
2455572.908 15.958
2455572.91099 15.98
2455572.91399 16.005
2455572.91696 16.036
2455572.91994 16.032
2455572.92835 16.066
2455572.93136 16.076
2455572.93435 16.07
2455572.93736 16.019
2455572.94036 15.983
2455572.94336 15.979
2455572.94637 15.95
2455572.94936 15.936
2455572.95236 15.935
2455572.95535 15.911
2455572.96464 15.818
2455572.96764 15.811
2455572.97063 15.833
2455572.97359 15.847
2455572.97657 15.838
2455572.97952 15.869
2455572.98248 15.848
2455572.98545 15.854
2455572.98841 15.898
2455572.99139 15.891
2455572.99853 15.936
2455573.00153 15.93
2455573.00452 15.942
2455573.00753 15.971
2455573.01053 15.959
2455573.01351 15.979
2455573.01948 15.921
