2455099.76892 17.6
2455099.77635 17.649
2455099.78382 17.683
2455099.79127 17.699
2455099.79873 17.606
2455099.80613 17.661
2455099.81362 17.589
2455099.82109 17.601
2455099.82855 17.623
2455099.83604 17.588
2455099.84352 17.561
2455099.85097 17.567
2455099.85609 17.524
2455099.86119 17.628
2455099.86632 17.629
2455099.87142 17.604
2455099.87652 17.658
2455099.88162 17.648
2455099.88674 17.577
2455099.89182 17.579
2455099.89889 17.596
2455099.90596 17.558
2455099.91304 17.539
2455099.92015 17.547
2455099.92722 17.539
2455099.93428 17.529
2455099.94138 17.476
2455099.94847 17.547
2455099.95554 17.616
2455099.97675 17.712
