2455098.73087 17.764
2455098.73708 17.751
2455098.74333 17.732
2455098.74954 17.666
2455098.75732 17.816
2455098.76512 17.902
2455098.77292 17.698
2455098.78069 17.872
2455098.78847 17.771
2455098.79629 17.725
2455098.81966 17.722
2455098.82748 17.799
2455098.83528 17.833
2455098.84309 17.723
2455098.8509 17.767
2455098.85626 17.727
2455098.86161 17.81
2455098.86693 17.759
2455098.8723 17.733
2455098.87766 17.708
2455098.88301 17.705
2455098.89901 17.628
2455098.90438 17.643
2455098.90975 17.557
2455098.91508 17.7
2455098.92538 17.703
2455098.93281 17.705
2455098.94023 17.64
2455098.94764 17.666
2455098.95509 17.703
2455098.96251 17.725
2455098.96994 17.778
2455098.97737 17.766
2455098.98456 17.713
2455098.99259 17.758
2455099.00675 17.712
2455099.01288 17.857
