2454839.74028 13.897
2454839.74582 13.85
2454839.7514 13.844
2454839.76248 13.765
2454839.76801 13.755
2454839.77355 13.775
2454839.77909 13.805
2454839.79016 13.831
2454839.79571 13.84
2454839.81235 13.81
2454839.81789 13.794
2454839.82928 13.771
2454839.83455 13.809
2454839.83982 13.803
2454839.84509 13.828
2454839.85037 13.86
2454839.85566 13.862
2454839.86094 13.826
2454839.8662 13.804
2454839.87148 13.763
2454839.87676 13.742
2454839.88203 13.729
2454839.89254 13.755
2454839.9074 13.804
2454839.91249 13.831
2454839.91756 13.875
2454839.92264 13.837
2454839.92778 13.788
2454839.93288 13.742
2454839.93799 13.741
2454839.94813 13.748
2454839.95319 13.757
2454839.96835 13.84
2454839.97845 13.763
2454839.99867 13.701
2454840.00375 13.707
2454840.00883 13.719
2454840.02733 13.778
