2454832.72347 15.08
2454832.73051 15.035
2454832.73757 14.999
2454832.74324 15.024
2454832.74895 15.034
2454832.75466 15.029
2454832.76034 15.076
2454832.76602 15.09
2454832.77169 15.141
2454832.77737 15.122
2454832.78306 15.025
2454832.80674 15.005
2454832.80785 14.999
2454832.8131 15.038
2454832.81835 15.076
2454832.82889 15.126
2454832.84486 15.004
2454832.85024 14.992
2454832.85566 14.981
2454832.88304 15.084
2454832.8884 15.12
2454832.89373 15.104
2454832.89899 15.043
2454832.90953 14.999
2454832.92729 15.014
2454832.93256 15.069
2454832.93782 15.098
2454832.94314 15.079
2454832.94841 15.036
2454832.98015 14.959
2454832.98542 14.98
2454832.99069 15.023
2454832.99596 15.062
2454833.00123 15.094
2454833.00649 15.126
2454833.01181 15.089
2454833.01707 15.011
2454833.02236 14.981
