2454829.73058 15.606
2454829.7381 15.562
2454829.74576 15.54
2454829.75344 15.579
2454829.75982 15.584
2454829.76622 15.661
2454829.77262 15.67
2454829.77897 15.708
2454829.78535 15.657
2454829.79171 15.606
2454829.79809 15.583
2454829.80453 15.585
2454829.81089 15.593
2454829.81237 15.575
2454829.81774 15.613
2454829.82311 15.652
2454829.82846 15.672
2454829.8338 15.656
2454829.83914 15.616
2454829.84455 15.591
2454829.84993 15.571
2454829.8553 15.553
2454829.86066 15.53
2454829.86602 15.566
2454829.87135 15.56
2454829.87673 15.59
2454829.88208 15.637
2454829.88745 15.661
2454829.89285 15.68
2454829.89818 15.657
2454829.90358 15.611
2454829.91431 15.545
2454829.92164 15.579
2454829.92704 15.587
2454829.93247 15.598
2454829.93788 15.623
2454829.94326 15.641
2454829.98112 15.54
2454829.99736 15.607
2454830.01896 15.651
2454830.02435 15.547
