2455806.649 16.021
2455806.65014 16.025
2455806.65128 16.035
2455806.65356 16.055
2455806.6547 16.027
2455806.65584 15.999
2455806.65698 16.011
2455806.65812 15.997
2455806.65927 16.032
2455806.66041 15.991
2455806.66155 15.992
2455806.667 16.027
2455806.66814 16.042
2455806.66928 16.031
2455806.67042 16.009
2455806.67156 16.05
2455806.67271 16.025
2455806.67385 16.029
2455806.67499 16.003
2455806.67613 16.019
2455806.67841 15.983
2455806.67955 15.987
2455806.68069 16.026
2455806.68183 16.069
2455806.68297 16.031
2455806.68411 16.054
2455806.68525 16.039
2455806.68639 16.04
2455806.68753 16.026
2455806.68867 16.013
2455806.68981 16.051
2455806.69095 16.047
2455806.69208 16.047
2455806.69323 16.066
2455806.69437 16.024
2455806.69551 16.045
2455806.69665 16.018
2455806.69778 16.032
2455806.69892 16.04
2455806.70006 16.045
2455806.7012 15.994
2455806.70234 15.987
2455806.70348 15.999
2455806.70462 16.016
2455806.70576 15.996
2455806.70691 16.007
2455806.70804 16.019
2455806.70918 16.035
2455806.71032 16.006
2455806.71146 16.007
2455806.7126 16.006
2455806.71374 15.991
2455806.71488 16.025
2455806.71602 16.034
2455806.71716 16.022
2455806.72096 15.969
2455806.72211 15.951
2455806.72439 15.996
2455806.72553 16.007
2455806.72666 16.025
2455806.72781 16.006
2455806.72895 15.987
2455806.73009 15.955
2455806.73123 15.971
2455806.73237 15.952
2455806.7335 15.965
2455806.73464 15.972
2455806.73579 15.986
2455806.73693 15.954
2455806.73807 16.001
2455806.73921 15.945
2455806.74035 15.966
2455806.74149 15.968
2455806.74263 15.966
2455806.74491 15.976
2455806.74605 15.98
2455806.74719 16.016
2455806.74947 16.01
2455806.75061 16.015
2455806.75175 16.025
2455806.75289 16.027
2455806.75403 16.042
2455806.75517 16.015
2455806.75631 16.005
2455806.75745 16.024
2455806.75859 16.004
2455806.75973 16.034
2455806.76087 16.002
2455806.76201 16.036
2455806.76315 15.993
2455806.76429 15.974
2455806.76542 15.988
2455806.76656 15.994
2455806.7677 15.998
2455806.76884 15.985
2455806.76998 15.965
2455806.77112 15.983
2455806.77421 15.97
2455806.77535 15.985
2455806.77649 16.005
2455806.77763 15.977
2455806.77877 15.979
2455806.78196 15.989
2455806.7831 15.985
2455806.78424 16.004
2455806.78539 16.035
2455806.78653 16.009
2455806.78767 15.994
2455806.78881 15.995
2455806.78994 16.0
2455806.79108 15.987
2455806.79222 15.995
2455806.79336 15.993
2455806.7945 16.005
2455806.79564 16.021
2455806.79678 16.01
2455806.79792 16.03
2455806.79906 16.011
2455806.8002 16.004
2455806.80818 16.026
2455806.80932 16.011
2455806.81046 15.997
2455806.8116 16.001
2455806.81274 16.02
2455806.81388 16.024
2455806.81502 15.987
2455806.81616 15.95
2455806.8173 15.975
2455806.81844 15.992
2455806.81959 15.994
2455806.82072 15.988
2455806.82186 15.978
2455806.823 15.995
2455806.82414 15.982
2455806.82949 15.963
2455806.83063 15.979
2455806.83177 15.986
2455806.83291 16.004
2455806.83405 16.009
2455806.83519 15.962
2455806.83633 15.972
2455806.83747 15.967
2455806.83861 15.947
2455806.83975 15.959
2455806.84089 15.959
2455806.84203 15.957
2455806.84317 15.969
2455806.84431 15.967
2455806.84545 15.974
2455806.84659 15.949
2455806.84773 15.946
2455806.84887 15.958
2455806.85001 15.933
2455806.85116 15.967
2455806.8523 15.963
2455806.85344 15.972
2455806.85458 15.96
2455806.85572 15.99
2455806.85686 15.976
2455806.858 15.976
2455806.85914 15.958
2455806.86028 15.975
2455806.86142 15.987
2455806.86256 15.999
2455806.86371 16.012
2455806.86485 16.018
2455806.86599 16.025
2455806.86713 16.018
2455806.86827 16.029
2455806.86942 16.005
2455806.87056 16.016
2455806.8717 16.018
2455806.87487 16.003
2455806.87601 15.977
2455806.88057 15.962
2455806.88277 16.03
2455806.88391 16.006
2455806.88505 16.027
2455806.89189 15.979
2455806.89303 16.011
2455806.89418 16.032
2455806.89532 16.033
2455806.89646 16.014
2455806.8976 16.032
2455806.89988 15.987
2455806.90216 15.995
2455806.9033 16.0
2455806.90444 15.977
2455806.90558 15.985
2455806.90672 15.972
2455806.90786 15.989
2455806.90899 16.001
2455806.91013 15.994
2455806.91128 16.024
2455806.91241 16.036
2455806.91355 16.044
2455806.91469 16.023
2455806.91583 16.042
2455806.91697 16.04
2455806.92017 15.977
2455806.92131 15.999
2455806.92245 16.007
2455806.92359 15.989
2455806.92473 15.984
2455806.92587 15.987
2455806.92701 15.995
2455806.92929 16.021
2455806.93157 15.987
2455806.95936 15.979
2455806.98188 15.967
2455806.98302 16.001
2455806.98417 15.973
2455806.98532 15.981
2455806.98646 15.964
