2455808.70864 15.879
2455808.70978 15.861
2455808.71092 15.837
2455808.71206 15.833
2455808.71434 15.858
2455808.71548 15.862
2455808.71662 15.869
2455808.71776 15.855
2455808.7189 15.889
2455808.72004 15.856
2455808.72118 15.849
2455808.72232 15.858
2455808.72346 15.849
2455808.7246 15.855
2455808.72574 15.836
2455808.72689 15.842
2455808.72802 15.842
2455808.72917 15.829
2455808.7303 15.858
2455808.73144 15.842
2455808.73258 15.857
2455808.73372 15.849
2455808.73714 15.836
2455808.73828 15.862
2455808.73942 15.852
2455808.74057 15.851
2455808.74171 15.835
2455808.74285 15.828
2455808.74398 15.831
2455808.74513 15.832
2455808.74626 15.841
2455808.7474 15.826
2455808.74854 15.813
2455808.74968 15.831
2455808.75082 15.816
2455808.75196 15.813
2455808.7531 15.82
2455808.75424 15.832
2455808.75538 15.851
2455808.75652 15.839
2455808.75766 15.842
2455808.7588 15.875
2455808.7619 15.861
2455808.76304 15.877
2455808.76418 15.878
2455808.76759 15.895
2455808.76873 15.857
2455808.76987 15.848
2455808.77101 15.89
2455808.77215 15.872
2455808.77532 15.839
2455808.77646 15.84
2455808.7776 15.829
2455808.77875 15.817
2455808.77989 15.834
2455808.78103 15.825
2455808.78217 15.84
2455808.78331 15.84
2455808.78444 15.826
2455808.78558 15.839
2455808.78673 15.843
2455808.78787 15.85
2455808.789 15.821
2455808.79014 15.848
2455808.79128 15.857
2455808.79242 15.845
2455808.79356 15.895
2455808.7947 15.832
2455808.79584 15.884
2455808.79698 15.897
2455808.79813 15.888
2455808.79927 15.888
2455808.8004 15.9
2455808.80154 15.858
2455808.80268 15.848
2455808.80382 15.841
2455808.80496 15.852
2455808.80611 15.845
2455808.80725 15.871
2455808.80952 15.817
2455808.81066 15.846
2455808.8118 15.878
2455808.81295 15.841
2455808.81681 15.902
2455808.81998 15.837
2455808.82112 15.857
2455808.82226 15.846
2455808.8234 15.824
2455808.82454 15.807
2455808.82796 15.817
2455808.83024 15.831
2455808.83138 15.821
2455808.83252 15.844
2455808.83366 15.816
2455808.8348 15.834
2455808.83594 15.831
2455808.83708 15.842
2455808.83822 15.827
2455808.84164 15.84
2455808.84278 15.829
2455808.84391 15.826
2455808.84506 15.841
2455808.8462 15.809
2455808.84848 15.825
2455808.85303 15.833
2455808.85418 15.792
2455808.8576 15.788
2455808.85988 15.807
2455808.86102 15.796
2455808.8687 15.803
2455808.86984 15.813
2455808.87098 15.85
2455808.87212 15.874
2455808.87668 15.851
2455808.87783 15.865
2455808.87897 15.885
2455808.88011 15.898
2455808.88353 15.839
2455808.88466 15.828
2455808.88695 15.812
2455808.88809 15.848
2455808.88923 15.841
2455808.89037 15.818
2455808.89151 15.833
2455808.89265 15.817
2455808.89379 15.82
2455808.89493 15.806
2455808.89607 15.854
2455808.89721 15.833
2455808.89835 15.818
2455808.89949 15.833
2455808.90063 15.822
2455808.90519 15.88
2455808.90633 15.868
2455808.90747 15.829
2455808.9106 15.891
2455808.91174 15.851
2455808.91288 15.867
2455808.91402 15.866
2455808.91516 15.863
2455808.9163 15.857
2455808.91744 15.828
2455808.91858 15.842
2455808.91971 15.832
2455808.92272 15.871
2455808.92386 15.826
2455808.925 15.834
2455808.92613 15.845
2455808.92728 15.851
2455808.92842 15.845
2455808.92956 15.862
2455808.9307 15.837
2455808.93184 15.839
2455808.93298 15.815
2455808.93412 15.837
2455808.93526 15.836
2455808.9364 15.818
2455808.93755 15.827
2455808.93868 15.838
2455808.93982 15.835
2455808.94096 15.824
2455808.9421 15.805
2455808.94324 15.846
2455808.94438 15.815
2455808.94552 15.839
2455808.94666 15.842
2455808.95555 15.796
2455808.95669 15.788
2455808.95783 15.817
2455808.95897 15.806
2455808.96011 15.798
2455808.96125 15.82
2455808.96239 15.825
2455808.96353 15.8
2455808.96467 15.792
2455808.96581 15.812
2455808.96695 15.839
2455808.96809 15.78
2455808.96923 15.805
2455808.97037 15.798
2455808.97151 15.807
2455808.97265 15.793
2455808.97379 15.806
2455808.97711 15.808
2455808.97825 15.819
2455808.97939 15.808
2455808.98053 15.79
2455808.99766 15.867
