2453810.60657 0.406
2453810.60887 0.378
2453810.61123 0.364
2453810.63962 0.712
2453810.64588 0.724
2453810.64825 0.799
2453810.65057 0.826
2453810.65285 0.846
2453810.65514 0.795
2453810.65746 0.779
2453810.65977 0.681
2453810.66215 0.603
2453810.66444 0.552
2453810.66682 0.503
2453810.67371 0.431
2453810.67604 0.417
2453810.67837 0.388
2453810.68069 0.395
2453810.68303 0.426
2453810.68542 0.424
2453810.68774 0.418
2453810.69239 0.486
2453810.69473 0.498
2453810.70483 0.714
2453810.70715 0.762
2453810.70946 0.846
2453810.72069 0.642
2453810.72299 0.583
2453810.72532 0.505
2453810.72764 0.482
2453810.73455 0.366
2453810.73686 0.343
2453810.73924 0.348
2453810.74156 0.367
2453810.755 0.49
2453810.75732 0.52
2453810.75963 0.566
2453810.76197 0.588
2453810.77295 0.738
2453810.77532 0.755
2453810.77763 0.751
2453810.77994 0.79
2453810.78222 0.788
2453810.78449 0.719
2453810.78678 0.684
2453810.79136 0.569
2453810.80261 0.402
2453810.80726 0.377
2453810.80958 0.395
2453810.8119 0.4
2453810.81426 0.398
2453810.81658 0.419
2453810.81889 0.424
2453810.82126 0.441
2453810.82358 0.502
2453810.83129 0.631
2453810.83365 0.702
2453810.83601 0.743
2453810.83837 0.826
2453810.84073 0.822
2453810.8431 0.811
2453810.84545 0.748
2453810.84781 0.698
2453810.85017 0.651
2453810.85248 0.604
2453810.85919 0.489
2453810.86151 0.426
2453810.86386 0.391
2453810.86621 0.401
2453810.86857 0.413
2453810.87094 0.364
2453810.87329 0.392
2453810.87564 0.414
