2454366.544502 -0.2649
2454366.546620 -0.2688
2454366.548738 -0.2954
2454366.550856 -0.3100
2454366.552975 -0.3457
2454366.555093 -0.2955
2454366.557211 -0.3196
2454366.559329 -0.3000
2454366.561458 -0.3018
2454366.563576 -0.2850
2454366.565694 -0.2476
2454366.567813 -0.2262
2454366.569931 -0.2523
2454366.572049 -0.2313
2454366.574167 -0.1668
2454366.576285 -0.1290
2454366.578403 -0.1387
2454366.580521 -0.0807
2454366.582639 -0.0291
2454366.586875 +0.0219
2454366.588993 +0.0567
2454366.591111 +0.0789
2454366.593229 +0.1116
2454366.595347 +0.0583
2454366.597465 +0.0099
2454366.599583 -0.0620
2454366.601701 -0.0476
2454366.603819 -0.1316
2454366.605938 -0.1914
2454366.608056 -0.2107
2454366.610174 -0.2479
2454366.612292 -0.2725
2454366.614410 -0.3235
2454366.616539 -0.3650
2454366.618657 -0.3113
2454366.620775 -0.3230
2454366.622894 -0.3123
2454366.625012 -0.3048
2454366.627130 -0.2795
2454366.629248 -0.2485
2454366.631366 -0.2282
2454366.633484 -0.2465
2454366.635602 -0.2004
2454366.637720 -0.1779
2454366.639838 -0.1476
2454366.641956 -0.1474
2454366.644074 -0.1184
2454366.646192 -0.0916
2454366.648310 -0.0795
2454366.650428 -0.0667
2454366.652546 -0.0529
2454366.654664 -0.0056
2454366.656782 -0.0436
2454366.658900 -0.0718
2454366.661019 -0.0841
2454366.663137 -0.1380
2454366.665255 -0.1495
2454366.667373 -0.2046
2454366.669491 -0.2206
2454366.671620 -0.2295
2454366.673738 -0.2606
2454366.675856 -0.2782
2454366.677975 -0.3105
2454366.680093 -0.3195
2454366.682211 -0.3149
2454366.686447 -0.3183
2454366.688565 -0.3000
2454366.690683 -0.2720
2454366.692801 -0.2806
2454366.694919 -0.2839
2454366.697037 -0.2711
2454366.699155 -0.2285
2454366.701273 -0.1872
2454366.703391 -0.1747
2454366.705509 -0.1408
2454366.707627 -0.1076
2454366.709745 -0.0564
2454366.711863 -0.0316
2454366.713981 +0.0018
2454366.716100 +0.0412
2454366.718218 +0.0823
2454366.720336 +0.0901
2454366.722454 +0.0869
2454366.724572 +0.0439
2454366.726701 -0.0067
2454366.728819 -0.0614
2454366.730938 -0.1158
2454366.733056 -0.1544
2454366.735174 -0.1857
2454366.737292 -0.1770
2454366.739410 -0.2652
2454366.741528 -0.2990
2454366.743646 -0.2974
2454366.745764 -0.3234
2454366.747882 -0.3219
2454366.750000 -0.3173
2454366.752118 -0.3222
2454366.754236 -0.2639
2454366.756354 -0.2928
2454366.758472 -0.2410
2454366.760590 -0.2414
2454366.762708 -0.1968
2454366.764826 -0.1841
2454366.766944 -0.1858
2454366.769063 -0.1669
2454366.771181 -0.1251
2454366.773299 -0.1005
2454366.775417 -0.0753
2454366.777535 -0.0520
2454366.779653 -0.0198
2454366.781771 -0.0192
2454366.783900 -0.0107
2454366.786019 -0.0353
2454366.788137 -0.0882
2454366.790255 -0.1222
2454366.792373 -0.1061
2454366.794491 -0.1537
2454366.796609 -0.1789
2454366.798727 -0.2086
2454366.800845 -0.2144
2454366.802963 -0.2444
2454366.805081 -0.2973
2454366.807199 -0.2832
2454366.809317 -0.2726
2454366.811435 -0.3112
2454366.813553 -0.3045
2454366.815671 -0.2913
2454366.817789 -0.2578
2454366.819907 -0.2683
2454366.822025 -0.2725
2454366.824144 -0.2556
2454366.826262 -0.2350
2454366.828380 -0.1743
2454366.830498 -0.1516
2454366.832616 -0.1458
2454366.834734 -0.1014
2454366.836852 -0.0850
2454366.838970 -0.0577
2454366.841100 -0.0124
2454366.843218 +0.0117
2454366.845336 +0.0300
2454366.847454 +0.0797
2454366.849572 +0.0871
2454366.851690 +0.0914
2454366.853808 +0.0455
2454366.855926 -0.0190
2454366.885590 -0.2470
2454366.887708 -0.2199
2454366.889826 -0.1624
2454366.891944 -0.1967
2454366.894063 -0.1909
2454366.896181 -0.1339
