2454363.651562 +0.3562
2454363.653681 +0.3104
2454363.655799 +0.2677
2454363.657917 +0.2196
2454363.660035 +0.2232
2454363.662153 +0.2127
2454363.664271 +0.2078
2454363.666389 +0.1765
2454363.668519 +0.1850
2454363.670637 +0.2145
2454363.672755 +0.2313
2454363.674873 +0.2453
2454363.676991 +0.2580
2454363.679109 +0.2847
2454363.681227 +0.3066
2454363.683345 +0.3122
2454363.685463 +0.3409
2454363.687581 +0.3732
2454363.689699 +0.3990
2454363.691817 +0.4106
2454363.693935 +0.4135
2454363.696053 +0.4443
2454363.698171 +0.4781
2454363.700289 +0.4886
2454363.702407 +0.4674
2454363.704525 +0.4381
2454363.706644 +0.4375
2454363.708762 +0.3753
2454363.710880 +0.3437
2454363.713009 +0.3319
2454363.715127 +0.3142
2454363.717245 +0.2965
2454363.719363 +0.2627
2454363.721481 +0.2333
2454363.723600 +0.2126
2454363.725718 +0.2134
2454363.727836 +0.2078
2454363.729954 +0.2133
2454363.732072 +0.2107
2454363.734190 +0.2419
2454363.736308 +0.2317
2454363.738426 +0.2321
2454363.740544 +0.2259
2454363.742662 +0.2748
2454363.744780 +0.2739
2454363.746898 +0.2862
2454363.749016 +0.3077
2454363.751134 +0.3797
2454363.753252 +0.4122
2454363.755370 +0.4296
2454363.757488 +0.4670
2454363.759618 +0.5100
2454363.761736 +0.5477
2454363.763854 +0.5470
2454363.765972 +0.5721
2454363.768090 +0.6028
2454363.770208 +0.5529
2454363.772326 +0.5196
2454363.774444 +0.4785
2454363.776562 +0.4131
2454363.778681 +0.3799
2454363.780799 +0.3366
2454363.782917 +0.2751
2454363.785035 +0.2569
2454363.787153 +0.2680
2454363.789271 +0.2374
2454363.791389 +0.1970
2454363.793507 +0.1972
2454363.795625 +0.1885
2454363.799861 +0.2151
2454363.801979 +0.2302
2454363.804097 +0.2789
2454363.806227 +0.3089
2454363.808345 +0.3084
2454363.810463 +0.3101
2454363.812581 +0.3646
2454363.814699 +0.3703
2454363.816817 +0.3953
2454363.818935 +0.3926
2454363.821053 +0.3948
2454363.823171 +0.4382
2454363.825289 +0.4706
2454363.827407 +0.4766
2454363.831644 +0.5011
2454363.833762 +0.4626
2454363.835880 +0.4302
2454363.837998 +0.3905
2454363.840116 +0.3643
2454363.842234 +0.3639
2454363.844352 +0.3337
2454363.846470 +0.2912
2454363.848600 +0.2540
2454363.850718 +0.2501
2454363.852836 +0.2316
2454363.854954 +0.2257
2454363.857072 +0.2198
2454363.859190 +0.2225
2454363.861308 +0.2528
2454363.863426 +0.2357
2454363.865544 +0.2203
2454363.867662 +0.2548
2454363.869780 +0.2747
2454363.874016 +0.2820
2454363.876134 +0.3265
2454363.878252 +0.3835
2454363.880370 +0.3747
2454363.882488 +0.4374
2454363.884606 +0.4463
2454363.886725 +0.4889
2454363.888843 +0.5301
2454363.890961 +0.5183
2454363.893079 +0.5473
2454363.895197 +0.5987
2454363.897315 +0.6106
2454363.899433 +0.5453
2454363.901551 +0.5099
2454363.903669 +0.4433
2454363.905787 +0.4204
2454363.910035 +0.3411
2454363.912153 +0.3172
2454363.914271 +0.2858
2454363.916389 +0.2393
2454363.918507 +0.2004
2454363.920625 +0.1872
2454363.922743 +0.2253
2454363.924861 +0.2203
2454363.926979 +0.1794
2454363.929097 +0.2072
