2455688.63596 16.52
2455688.63715 16.466
2455688.638 16.527
2455688.63886 16.406
2455688.64145 16.493
2455688.6423 16.434
2455688.64314 16.487
2455688.64399 16.446
2455688.64483 16.433
2455688.64568 16.415
2455688.64652 16.481
2455688.64737 16.426
2455688.64821 16.429
2455688.64907 16.47
2455688.64991 16.403
2455688.65076 16.427
2455688.6516 16.492
2455688.65245 16.445
2455688.65329 16.395
2455688.65414 16.381
2455688.65499 16.453
2455688.65584 16.42
2455688.6567 16.397
2455688.65754 16.449
2455688.6584 16.407
2455688.65924 16.405
2455688.66009 16.481
2455688.66093 16.372
2455688.66178 16.364
2455688.68205 16.437
2455688.68459 16.469
2455688.68543 16.521
2455688.68628 16.524
2455688.68712 16.501
2455688.68798 16.514
2455688.68883 16.5
2455688.68967 16.485
2455688.69052 16.544
2455688.69136 16.432
2455688.69221 16.474
2455688.69305 16.546
2455688.6939 16.504
2455688.69474 16.453
2455688.69559 16.529
2455688.69643 16.517
2455688.69727 16.463
2455688.69812 16.416
2455688.69896 16.555
2455688.69981 16.48
2455688.70065 16.508
2455688.7015 16.539
2455688.70234 16.486
2455688.70319 16.489
2455688.70403 16.523
2455688.70489 16.53
2455688.70574 16.527
2455688.70658 16.547
2455688.70743 16.536
2455688.70827 16.523
2455688.70912 16.55
2455688.70996 16.589
2455688.7108 16.517
2455688.71165 16.545
2455688.71334 16.515
2455688.71418 16.52
2455688.71503 16.494
2455688.71587 16.546
2455688.71672 16.496
2455688.71756 16.491
2455688.71841 16.486
2455688.71925 16.553
2455688.7201 16.491
2455688.72094 16.501
2455688.72179 16.386
2455688.72265 16.442
2455688.72349 16.466
2455688.72434 16.446
2455688.72518 16.414
2455688.72602 16.512
2455688.72687 16.457
2455688.72771 16.433
2455688.72856 16.454
2455688.7294 16.517
2455688.73025 16.472
2455688.73109 16.496
2455688.73194 16.538
2455688.73278 16.485
2455688.73363 16.456
2455688.73447 16.517
2455688.73532 16.451
2455688.74208 16.43
2455688.74377 16.482
2455688.74461 16.472
2455688.75392 16.52
2455688.75984 16.395
2455688.76069 16.386
2455688.76153 16.431
2455688.76238 16.416
2455688.76322 16.46
2455688.76407 16.396
2455688.76491 16.463
2455688.76576 16.34
2455688.7666 16.347
2455688.76745 16.446
2455688.76829 16.457
2455688.76914 16.419
2455688.76998 16.427
2455688.77083 16.457
2455688.77167 16.386
2455688.77252 16.366
2455688.77336 16.449
2455688.77421 16.373
2455688.77505 16.361
2455688.7759 16.41
2455688.77674 16.41
2455688.77759 16.387
2455688.77843 16.392
2455688.77928 16.372
2455688.78012 16.357
2455688.78097 16.373
2455688.78181 16.416
2455688.78266 16.348
2455688.7835 16.357
2455688.78436 16.461
2455688.7852 16.394
2455688.78605 16.34
2455688.78689 16.426
2455688.78774 16.453
2455688.78858 16.412
2455688.78943 16.461
2455688.79027 16.512
2455688.79112 16.467
2455688.79196 16.469
2455688.79281 16.48
2455688.79365 16.512
2455688.7945 16.481
2455688.79534 16.534
2455688.79619 16.475
2455688.79703 16.458
2455688.79788 16.497
2455688.79873 16.493
2455688.79958 16.421
2455688.80042 16.527
2455688.80127 16.47
2455688.80211 16.466
2455688.80296 16.464
2455688.8038 16.53
2455688.80465 16.455
2455688.80549 16.503
2455688.80634 16.5
2455688.80718 16.478
2455688.80803 16.436
2455688.80887 16.454
2455688.80972 16.458
2455688.81056 16.43
2455688.81141 16.44
2455688.81225 16.477
2455688.82664 16.47
2455688.83255 16.41
2455688.83424 16.467
2455688.83509 16.414
2455688.83593 16.424
2455688.83679 16.445
2455688.83763 16.461
2455688.83848 16.452
2455688.83932 16.509
2455688.84017 16.501
2455688.84102 16.462
2455688.84187 16.456
2455688.84271 16.439
2455688.84356 16.444
2455688.84442 16.427
2455688.84527 16.463
2455688.84612 16.397
2455688.84696 16.395
2455688.84781 16.485
2455688.84866 16.484
2455688.84951 16.441
2455688.85037 16.442
2455688.85121 16.417
2455688.85205 16.39
2455688.85291 16.45
2455688.85376 16.427
2455688.8546 16.413
2455688.85545 16.417
2455688.85629 16.464
2455688.85714 16.424
2455688.85798 16.412
2455688.85883 16.451
2455688.85967 16.408
2455688.86052 16.398
2455688.86136 16.457
2455688.86221 16.421
2455688.86305 16.369
2455688.8639 16.373
2455688.86474 16.429
2455688.86559 16.414
2455688.86643 16.395
2455688.86727 16.479
2455688.86812 16.47
2455688.86896 16.392
2455688.86981 16.489
2455688.87065 16.421
2455688.87151 16.435
2455688.87236 16.455
2455688.8732 16.489
2455688.87405 16.422
2455688.87489 16.491
2455688.87574 16.478
2455688.87744 16.462
2455688.87913 16.457
2455688.87997 16.367
2455688.88082 16.484
2455688.88166 16.422
2455688.88251 16.386
2455688.88335 16.427
2455688.8842 16.42
2455688.88504 16.412
2455688.8859 16.373
2455688.88674 16.442
2455688.88759 16.35
2455688.88843 16.443
2455688.88928 16.471
2455688.89012 16.446
2455688.89097 16.403
2455688.89181 16.502
2455688.89266 16.46
2455688.8935 16.424
2455688.89435 16.415
2455688.89519 16.488
2455688.89604 16.395
2455688.89688 16.459
2455688.89773 16.448
2455688.89857 16.407
2455688.90026 16.357
2455688.90112 16.4
2455688.90196 16.483
2455688.90281 16.45
2455688.90365 16.429
2455688.9062 16.422
2455688.9079 16.384
2455688.90874 16.429
2455688.90959 16.426
2455688.91043 16.431
2455688.91128 16.521
2455688.91212 16.428
2455688.91298 16.461
2455688.91383 16.495
2455688.91467 16.49
