2454419.55175 1.23
2454419.55426 1.22
2454419.55676 1.206
2454419.55925 1.203
2454419.56425 1.205
2454419.56676 1.195
2454419.56927 1.219
2454419.57176 1.212
2454419.57428 1.23
2454419.57679 1.226
2454419.57932 1.223
2454419.58189 1.224
2454419.58439 1.236
2454419.64223 1.226
2454419.64472 1.224
2454419.64724 1.225
2454419.64979 1.212
2454419.65233 1.198
2454419.65486 1.168
2454419.65736 1.165
2454419.65986 1.155
2454419.66237 1.161
2454419.66486 1.18
2454419.66737 1.181
2454419.6699 1.186
2454419.67241 1.191
2454419.67493 1.218
2454419.70288 1.135
2454419.70539 1.142
2454419.7079 1.164
2454419.71042 1.152
2454419.71296 1.179
2454419.71549 1.193
2454419.71804 1.188
2454419.72056 1.234
2454419.72307 1.212
2454419.72554 1.199
2454419.72805 1.189
2454419.73056 1.169
2454419.73305 1.181
2454419.73556 1.184
2454419.73807 1.211
2454419.74052 1.219
2454419.743 1.24
2454419.74546 1.269
2454419.74791 1.244
2454419.75036 1.227
2454419.75281 1.262
2454419.75527 1.248
2454419.76018 1.277
2454419.77004 1.277
2454419.77252 1.26
2454419.77502 1.269
2454419.77749 1.185
2454419.77995 1.154
2454419.78242 1.166
2454419.7849 1.136
2454419.78737 1.149
2454419.78984 1.129
2454419.79235 1.122
2454419.79482 1.122
2454419.79729 1.126
2454419.79977 1.14
2454419.80224 1.156
2454419.80471 1.148
2454419.80719 1.197
2454419.80967 1.18
2454419.81214 1.201
2454419.81462 1.237
2454419.81706 1.288
2454419.84184 1.206
2454419.84431 1.211
2454419.84923 1.207
2454419.85172 1.187
2454419.8542 1.192
2454419.85668 1.19
2454419.85916 1.237
2454419.86165 1.223
2454419.86411 1.216
2454419.86661 1.181
2454419.86907 1.19
2454419.87403 1.178
2454419.87898 1.169
2454419.88393 1.172
2454419.88886 1.18
2454419.89134 1.174
2454419.89631 1.176
2454419.89878 1.177
2454419.90125 1.17
2454419.91856 1.197
2454419.92101 1.189
2454419.92348 1.193
2454419.92594 1.245
2454419.92843 1.211
2454419.93088 1.258
2454419.93335 1.228
2454419.93579 1.252
2454419.93825 1.258
2454419.94071 1.255
2454419.94318 1.288
2454419.94564 1.233
2454419.94809 1.252
2454419.95054 1.234
2454419.95545 1.206
2454419.95787 1.19
2454419.96034 1.204
2454419.96295 1.219
