2455060.8726 2.318
2455060.87537 2.317
2455060.87813 2.29
2455060.89182 2.215
2455060.89457 2.199
2455060.89733 2.195
2455060.91091 2.277
2455060.91368 2.285
2455060.91646 2.286
2455060.9303 2.319
2455060.93307 2.312
2455060.93582 2.346
2455060.94953 2.38
2455060.9523 2.331
2455060.95509 2.329
2455060.96885 2.281
2455060.97162 2.243
2455060.9744 2.252
2455060.98822 2.252
2455060.99101 2.253
2455060.99376 2.237
2455061.0074 2.287
2455061.01016 2.272
2455061.01292 2.276
2455061.02648 2.284
2455061.02933 2.275
2455061.03208 2.234
2455061.04579 2.242
2455061.04854 2.236
2455061.0513 2.237
2455061.06507 2.204
2455061.06785 2.192
2455061.07063 2.178
2455061.08471 2.218
2455061.08752 2.227
2455061.09029 2.253
2455061.10448 2.335
2455061.10725 2.32
2455061.11002 2.322
2455061.12411 2.296
2455061.12696 2.245
2455061.12972 2.269
2455061.1438 2.327
2455061.14656 2.311
2455061.14935 2.3
2455061.16354 2.248
2455061.16631 2.263
2455061.16906 2.25
2455061.18295 2.258
2455061.18574 2.3
2455061.18852 2.302
2455061.20233 2.312
2455061.2051 2.305
2455061.20787 2.337
2455061.22176 2.292
2455061.22456 2.261
2455061.22732 2.292
2455061.2409 2.239
2455061.24369 2.233
2455061.24648 2.232
2455061.26023 2.203
2455061.26301 2.204
2455061.26576 2.201
2455061.27979 2.311
2455061.28256 2.305
2455061.28531 2.33
2455061.28859 2.34
2455061.29138 2.385
2455061.29414 2.401
2455061.29732 2.409
2455061.30017 2.382
2455061.30292 2.429
2455061.30618 2.415
