2457090.639810 +17.042
2457090.642765 +17.014
2457090.645732 +16.998
2457090.648695 +16.999
2457090.654628 +16.919
2457090.657587 +16.909
2457090.666464 +17.019
2457090.673026 +17.092
2457090.675985 +17.167
2457090.678960 +17.204
2457090.681886 +17.199
2457090.684847 +17.188
2457090.687804 +17.143
2457090.707167 +17.025
2457090.710125 +16.983
2457090.713081 +16.968
2457090.716039 +16.994
2457090.721933 +17.042
2457090.724894 +17.033
2457090.727853 +17.121
2457090.730809 +17.141
2457090.743299 +17.268
2457090.746263 +17.249
2457090.752187 +17.065
2457090.755157 +17.017
2457090.761069 +16.976
2457090.766987 +16.958
2457090.775082 +16.973
2457090.778043 +16.996
2457090.780998 +17.069
2457090.783963 +17.091
2457090.786919 +17.111
2457090.789877 +17.135
2457090.798774 +17.134
2457090.801729 +17.122
2457090.811048 +17.050
2457090.814007 +17.016
2457090.816963 +17.039
2457090.819923 +17.014
2457090.822881 +17.031
2457090.825846 +16.976
2457090.828819 +16.980
2457090.831784 +16.962
2457090.881160 +16.932
2457090.884124 +16.901
2457090.887102 +16.943
