2456540.367 0.642
2456540.36762 0.677
2456540.36862 0.696
2456540.36962 0.711
2456540.37013 0.709
2456540.37063 0.708
2456540.37112 0.706
2456540.37162 0.711
2456540.37233 0.739
2456540.37284 0.721
2456540.37335 0.749
2456540.37384 0.725
2456540.37434 0.742
2456540.37484 0.762
2456540.37534 0.754
2456540.37585 0.773
2456540.37634 0.757
2456540.37684 0.763
2456540.37735 0.783
2456540.37785 0.785
2456540.37835 0.796
2456540.37885 0.798
2456540.37935 0.79
2456540.37986 0.786
2456540.38036 0.783
2456540.38087 0.785
2456540.38137 0.775
2456540.38186 0.771
2456540.38236 0.764
2456540.38286 0.739
2456540.38336 0.741
2456540.38387 0.735
2456540.38439 0.719
2456540.3849 0.691
2456540.38541 0.689
2456540.3859 0.671
2456540.3864 0.646
2456540.38691 0.667
2456540.38741 0.638
2456540.38792 0.624
2456540.38841 0.621
2456540.38892 0.599
2456540.38942 0.604
2456540.38993 0.601
2456540.39043 0.576
2456540.39094 0.59
2456540.39145 0.562
2456540.39194 0.541
2456540.39244 0.567
2456540.39294 0.545
2456540.39345 0.525
2456540.39395 0.508
2456540.39444 0.527
2456540.39495 0.529
2456540.39545 0.514
2456540.39595 0.526
2456540.39646 0.519
2456540.39696 0.519
2456540.39745 0.519
2456540.39796 0.516
2456540.39846 0.512
2456540.39896 0.505
2456540.39947 0.507
2456540.39997 0.512
2456540.40048 0.515
2456540.40097 0.529
2456540.40147 0.509
2456540.40197 0.484
2456540.40248 0.504
2456540.40298 0.475
2456540.40347 0.493
2456540.40397 0.477
2456540.40447 0.481
2456540.40519 0.452
2456540.40568 0.452
2456540.40618 0.437
2456540.40668 0.456
2456540.40718 0.437
2456540.40767 0.432
2456540.40818 0.427
2456540.40869 0.42
2456540.40919 0.419
2456540.40969 0.418
2456540.4102 0.43
2456540.41071 0.432
2456540.41122 0.429
2456540.41173 0.42
2456540.41223 0.433
2456540.41274 0.418
2456540.41325 0.44
2456540.41376 0.451
2456540.41427 0.446
2456540.41478 0.454
2456540.41529 0.471
2456540.4158 0.471
2456540.41631 0.463
2456540.41681 0.471
2456540.41732 0.5
2456540.41832 0.507
2456540.41883 0.515
2456540.41933 0.529
2456540.41984 0.543
2456540.42035 0.547
2456540.42161 0.583
2456540.42212 0.589
2456540.42262 0.605
2456540.42313 0.615
2456540.42362 0.641
2456540.42412 0.653
2456540.42462 0.667
2456540.42523 0.667
2456540.42573 0.699
2456540.42623 0.706
2456540.42673 0.699
2456540.42729 0.724
2456540.42789 0.725
2456540.42839 0.741
2456540.43004 0.746
2456540.43064 0.755
2456540.43115 0.761
2456540.43164 0.753
2456540.43293 0.713
2456540.43352 0.73
2456540.43402 0.705
2456540.45662 0.454
2456540.45712 0.441
2456540.45763 0.435
2456540.45813 0.448
2456540.45862 0.447
2456540.45912 0.427
2456540.45962 0.44
2456540.46012 0.418
2456540.46061 0.436
2456540.46111 0.44
2456540.46161 0.435
2456540.46211 0.443
2456540.46262 0.423
2456540.46311 0.427
2456540.46361 0.431
2456540.46411 0.421
2456540.46461 0.432
2456540.46512 0.421
2456540.46561 0.429
2456540.46611 0.442
2456540.46661 0.442
2456540.46712 0.445
2456540.46811 0.44
2456540.46862 0.449
2456540.46912 0.454
2456540.46962 0.465
2456540.47013 0.466
2456540.47063 0.484
2456540.47112 0.479
2456540.47163 0.483
2456540.47281 0.497
2456540.47331 0.514
2456540.47441 0.519
2456540.47491 0.532
2456540.47541 0.541
2456540.47591 0.542
2456540.47641 0.545
2456540.47691 0.57
2456540.47742 0.567
2456540.47792 0.565
2456540.47841 0.581
2456540.47896 0.612
2456540.47946 0.604
2456540.47995 0.618
2456540.48045 0.62
2456540.48113 0.63
2456540.4817 0.641
2456540.4822 0.642
2456540.48271 0.641
2456540.48326 0.661
2456540.48377 0.652
2456540.48477 0.677
2456540.48528 0.683
2456540.48578 0.685
2456540.48627 0.693
2456540.48677 0.687
2456540.48727 0.713
2456540.48777 0.713
2456540.48826 0.715
2456540.48876 0.714
2456540.48926 0.73
2456540.48976 0.732
2456540.49026 0.752
2456540.49103 0.742
2456540.49153 0.749
2456540.49203 0.767
2456540.49255 0.765
2456540.49304 0.768
2456540.49355 0.761
2456540.49405 0.767
2456540.49456 0.768
2456540.49506 0.766
2456540.49557 0.759
2456540.49608 0.762
2456540.4971 0.766
2456540.4976 0.743
2456540.4981 0.718
2456540.49861 0.714
2456540.49911 0.718
2456540.49962 0.687
2456540.50012 0.691
2456540.50061 0.667
2456540.50162 0.649
2456540.50212 0.631
2456540.50262 0.584
2456540.50313 0.624
2456540.50362 0.611
2456540.50413 0.604
2456540.50464 0.574
2456540.50515 0.588
2456540.50566 0.558
2456540.50617 0.565
2456540.50668 0.548
2456540.50719 0.53
2456540.5077 0.523
2456540.50821 0.516
2456540.5087 0.522
2456540.50921 0.516
2456540.50971 0.521
2456540.51022 0.501
2456540.51072 0.497
2456540.51123 0.499
2456540.51173 0.481
2456540.51223 0.484
2456540.51273 0.478
2456540.51325 0.489
2456540.51376 0.49
2456540.51426 0.479
2456540.51477 0.483
2456540.51527 0.478
2456540.51578 0.481
2456540.51627 0.48
2456540.51678 0.471
2456540.51728 0.47
2456540.51829 0.46
2456540.5188 0.445
2456540.51929 0.451
2456540.51979 0.45
2456540.52082 0.432
2456540.52132 0.427
2456540.52183 0.418
2456540.52233 0.421
2456540.52284 0.424
2456540.52335 0.418
2456540.52385 0.413
2456540.52435 0.411
2456540.52504 0.395
2456540.52557 0.406
2456540.52609 0.388
2456540.52659 0.393
2456540.52708 0.398
2456540.52758 0.389
2456540.52808 0.407
2456540.52859 0.398
2456540.52909 0.412
2456540.52958 0.424
2456540.53009 0.42
2456540.53059 0.427
2456540.53109 0.433
2456540.5316 0.451
2456540.5321 0.46
2456540.53259 0.462
2456540.53309 0.468
2456540.53359 0.474
2456540.5346 0.497
2456540.53509 0.51
2456540.53559 0.522
2456540.53609 0.535
2456540.53659 0.552
2456540.5371 0.571
2456540.53759 0.56
2456540.5381 0.585
2456540.53861 0.592
2456540.53912 0.596
2456540.53963 0.631
2456540.54013 0.656
2456540.54064 0.642
2456540.54113 0.658
2456540.54163 0.672
2456540.54214 0.662
2456540.54264 0.684
2456540.54314 0.689
2456540.54363 0.708
2456540.54413 0.712
2456540.54463 0.715
2456540.54514 0.725
2456540.54564 0.731
2456540.54613 0.734
2456540.54715 0.714
2456540.54766 0.71
2456540.54817 0.718
2456540.54867 0.703
2456540.54918 0.69
2456540.54968 0.706
2456540.55017 0.673
2456540.55068 0.668
2456540.55119 0.673
2456540.55169 0.652
2456540.5522 0.66
2456540.5527 0.648
2456540.55472 0.605
2456540.55523 0.616
2456540.55573 0.592
2456540.55624 0.598
2456540.55674 0.584
2456540.55723 0.583
2456540.55773 0.566
2456540.55823 0.572
2456540.55873 0.557
2456540.55923 0.56
2456540.55972 0.558
2456540.56022 0.55
2456540.56073 0.534
2456540.56123 0.533
2456540.56174 0.536
2456540.56223 0.53
2456540.56273 0.508
2456540.56324 0.515
2456540.56374 0.507
2456540.56424 0.507
2456540.56475 0.506
2456540.56524 0.515
2456540.56574 0.506
2456540.56625 0.492
2456540.56675 0.487
2456540.56725 0.487
2456540.56825 0.492
2456540.56875 0.494
2456540.56926 0.472
2456540.56976 0.491
2456540.57027 0.468
2456540.57076 0.483
2456540.57126 0.473
2456540.57176 0.48
2456540.57227 0.461
2456540.57277 0.467
2456540.57328 0.466
2456540.57377 0.446
2456540.57427 0.455
2456540.57478 0.451
2456540.57528 0.454
2456540.57578 0.447
2456540.57627 0.446
2456540.57677 0.448
2456540.57727 0.436
2456540.57777 0.433
2456540.57826 0.445
2456540.57876 0.435
2456540.57926 0.436
2456540.57976 0.445
2456540.58026 0.432
2456540.58075 0.437
2456540.58295 0.455
2456540.58346 0.461
2456540.58446 0.443
2456540.58495 0.47
2456540.58545 0.471
2456540.58596 0.476
2456540.58646 0.498
2456540.58696 0.491
2456540.58747 0.49
2456540.58798 0.507
2456540.58847 0.509
2456540.58898 0.515
2456540.58949 0.53
2456540.59 0.535
2456540.5905 0.537
2456540.59101 0.537
2456540.59152 0.542
2456540.59201 0.557
2456540.59251 0.559
2456540.59301 0.575
2456540.59351 0.586
2456540.59446 0.609
2456540.59495 0.618
2456540.59545 0.612
2456540.59595 0.614
2456540.59646 0.627
2456540.59696 0.631
2456540.59745 0.64
2456540.59795 0.654
2456540.59845 0.638
2456540.59895 0.663
2456540.59944 0.675
2456540.59994 0.67
2456540.60044 0.665
2456540.60094 0.7
2456540.60145 0.687
2456540.60194 0.701
2456540.60244 0.702
2456540.60294 0.708
2456540.60345 0.708
2456540.60444 0.721
2456540.60495 0.731
2456540.60545 0.751
2456540.60596 0.74
2456540.60646 0.751
2456540.60696 0.771
2456540.60745 0.754
2456540.60796 0.757
2456540.60846 0.76
2456540.60896 0.783
2456540.60947 0.766
2456540.60998 0.778
2456540.61048 0.768
2456540.61097 0.752
2456540.61148 0.766
2456540.61198 0.76
2456540.61248 0.756
2456540.61299 0.749
2456540.61348 0.73
2456540.61398 0.711
2456540.61448 0.709
2456540.61498 0.7
2456540.61548 0.685
2456540.61597 0.675
2456540.61647 0.659
2456540.61697 0.653
2456540.61796 0.634
2456540.61846 0.619
2456540.61896 0.616
2456540.61946 0.61
2456540.61995 0.593
2456540.62045 0.573
2456540.62095 0.568
2456540.62145 0.566
2456540.62194 0.546
2456540.62244 0.551
2456540.62294 0.544
2456540.62344 0.518
2456540.62394 0.545
2456540.62443 0.524
2456540.62493 0.522
2456540.62543 0.512
2456540.62593 0.498
2456540.62642 0.515
