2455093.59463 0.478
2455093.60106 0.462
2455093.61067 0.39
2455093.61388 0.367
2455093.6171 0.379
2455093.6203 0.369
2455093.6235 0.388
2455093.62787 0.39
2455093.63108 0.393
2455093.6343 0.441
2455093.63749 0.477
2455093.64071 0.519
2455093.64391 0.528
2455093.64713 0.496
2455093.65035 0.479
2455093.65356 0.454
2455093.65677 0.443
2455093.66111 0.446
2455093.66435 0.459
2455093.66755 0.47
2455093.67076 0.487
2455093.67397 0.502
2455093.67717 0.487
2455093.68036 0.466
2455093.68355 0.433
2455093.69404 0.431
2455093.69729 0.45
2455093.70048 0.477
2455093.70365 0.483
2455093.70685 0.49
2455093.71007 0.482
2455093.71334 0.48
2455093.7166 0.495
2455093.7198 0.472
2455093.72306 0.471
2455093.72737 0.468
2455093.73058 0.488
2455093.73379 0.474
2455093.73698 0.459
2455093.74019 0.431
2455093.74341 0.411
2455093.74661 0.382
2455093.74982 0.386
2455093.75303 0.377
2455093.75624 0.378
2455093.76041 0.378
2455093.76363 0.391
2455093.76683 0.406
2455093.77002 0.432
2455093.77323 0.473
2455093.77644 0.518
2455093.77964 0.528
2455093.78283 0.51
2455093.78604 0.499
2455093.78925 0.47
2455093.79339 0.447
2455093.79658 0.438
2455093.79979 0.449
2455093.803 0.46
2455093.8062 0.475
2455093.80943 0.494
2455093.81264 0.485
2455093.81585 0.456
2455093.81907 0.418
2455093.82228 0.393
2455093.82636 0.406
2455093.82957 0.418
2455093.83276 0.458
2455093.83597 0.471
2455093.83918 0.476
2455093.8424 0.463
2455093.84561 0.475
2455093.84881 0.473
2455093.85202 0.447
2455093.85524 0.455
2455093.85927 0.437
2455093.86246 0.454
2455093.86567 0.465
2455093.86887 0.47
2455093.87208 0.462
2455093.87529 0.442
2455093.8785 0.389
2455093.88171 0.391
2455093.88493 0.372
2455093.88813 0.396
2455093.89885 0.371
2455093.90532 0.395
2455093.90857 0.454
2455093.91178 0.519
2455093.91499 0.54
2455093.9182 0.527
2455093.92145 0.464
2455093.92566 0.412
2455093.92888 0.423
2455093.93209 0.454
2455093.9353 0.471
2455093.93852 0.486
2455093.94171 0.497
2455093.94493 0.483
2455093.94813 0.497
2455093.95137 0.515
2455093.95458 0.435
2455093.96197 0.402
2455093.96518 0.406
2455093.97159 0.472
2455093.97484 0.499
2455093.97804 0.449
