2455092.58346 1.157
2455092.58669 1.152
2455092.63604 1.134
2455092.63926 1.137
2455092.64246 1.158
2455092.64568 1.157
2455092.65006 1.146
2455092.65327 1.137
2455092.65647 1.103
2455092.65968 1.098
2455092.6629 1.082
2455092.6661 1.062
2455092.66931 1.064
2455092.67252 1.069
2455092.67574 1.069
2455092.67894 1.07
2455092.68322 1.112
2455092.68645 1.145
2455092.68966 1.175
2455092.69288 1.233
2455092.69609 1.245
2455092.69931 1.218
2455092.70252 1.171
2455092.70571 1.15
2455092.70892 1.141
2455092.71211 1.124
2455092.71653 1.13
2455092.71973 1.147
2455092.72294 1.155
2455092.72615 1.15
2455092.72936 1.139
2455092.73258 1.12
2455092.73581 1.089
2455092.73905 1.07
2455092.74225 1.098
2455092.74545 1.108
2455092.74981 1.142
2455092.75304 1.105
2455092.75627 1.155
2455092.76273 1.098
2455092.76597 1.149
2455092.76921 1.126
2455092.77244 1.175
2455092.77563 1.108
2455092.77883 1.208
2455092.78313 1.235
2455092.78635 1.128
2455092.78953 1.151
2455092.79271 1.083
2455092.79589 1.064
2455092.7991 1.065
2455092.80229 1.058
2455092.80546 1.046
2455092.81195 1.073
2455092.8163 1.095
2455092.81953 1.113
2455092.82273 1.137
2455092.82593 1.209
2455092.82915 1.233
2455092.83239 1.243
2455092.8356 1.203
2455092.8388 1.187
2455092.84201 1.149
2455092.84522 1.144
2455092.84958 1.143
2455092.85284 1.157
2455092.8561 1.156
2455092.85929 1.175
2455092.8625 1.167
2455092.86572 1.152
2455092.86893 1.081
2455092.87213 1.058
2455092.87534 1.045
2455092.8786 1.041
2455092.88272 1.052
2455092.88593 1.095
2455092.88914 1.119
2455092.89236 1.135
2455092.8956 1.13
2455092.89881 1.123
2455092.90202 1.138
2455092.90524 1.132
2455092.90846 1.126
2455092.91167 1.105
2455092.91596 1.12
2455092.91918 1.136
2455092.92243 1.124
2455092.92564 1.119
2455092.92885 1.101
2455092.93211 1.077
2455092.93533 1.053
2455092.93857 1.049
2455092.94177 1.058
2455092.94498 1.062
2455092.94913 1.051
2455092.95234 1.082
2455092.9556 1.079
2455092.98257 1.132
2455092.98578 1.127
2455092.98898 1.149
