2455119.56442 0.756
2455119.56764 0.756
2455119.57085 0.723
2455119.57405 0.716
2455119.57728 0.702
2455119.5805 0.72
2455119.58374 0.728
2455119.58695 0.762
2455119.59017 0.774
2455119.59342 0.773
2455119.59759 0.791
2455119.6008 0.775
2455119.604 0.773
2455119.60719 0.769
2455119.6104 0.772
2455119.61362 0.789
2455119.61682 0.804
2455119.62002 0.796
2455119.62325 0.772
2455119.62646 0.742
2455119.6308 0.726
2455119.63405 0.694
2455119.64687 0.698
2455119.65011 0.718
2455119.65332 0.722
2455119.66402 0.81
2455119.66723 0.82
2455119.67044 0.82
2455119.67363 0.786
2455119.67685 0.777
2455119.68005 0.765
2455119.68326 0.768
2455119.68649 0.786
2455119.68972 0.773
2455119.69294 0.789
2455119.69706 0.766
2455119.70031 0.766
2455119.70352 0.747
2455119.70673 0.727
2455119.70999 0.722
2455119.7132 0.711
2455119.71641 0.729
2455119.71966 0.742
2455119.72287 0.741
2455119.72615 0.741
2455119.73034 0.739
2455119.73354 0.746
2455119.73674 0.75
2455119.73995 0.752
2455119.74315 0.756
2455119.74636 0.756
2455119.74955 0.762
2455119.75274 0.785
2455119.75596 0.781
2455119.75918 0.742
2455119.76332 0.708
2455119.76657 0.69
2455119.7698 0.671
2455119.77302 0.666
2455119.77621 0.664
2455119.84938 0.704
2455119.8526 0.714
2455119.85581 0.725
2455119.85902 0.75
2455119.86341 0.757
2455119.86661 0.75
2455119.86985 0.765
2455119.87306 0.735
2455119.87629 0.733
2455119.87951 0.727
2455119.88272 0.748
2455119.88913 0.787
2455119.89234 0.786
2455119.89672 0.733
2455119.89993 0.717
2455119.90316 0.69
2455119.90641 0.668
2455119.90962 0.668
2455119.9129 0.676
2455119.9161 0.68
2455119.9193 0.693
2455119.92254 0.697
2455119.92576 0.729
2455119.93015 0.768
2455119.93337 0.776
2455119.93659 0.805
2455119.93979 0.796
2455119.943 0.781
2455119.94623 0.746
2455119.94943 0.739
2455119.95266 0.727
2455119.95589 0.721
2455119.95912 0.73
2455119.96349 0.753
2455119.9667 0.741
2455119.9699 0.758
