2455094.58015 1.433
2455094.58336 1.454
2455094.58656 1.487
2455094.5898 1.515
2455094.59301 1.516
2455094.59622 1.512
2455094.59944 1.486
2455094.60265 1.475
2455094.60586 1.447
2455094.60907 1.453
2455094.61341 1.448
2455094.61662 1.464
2455094.61983 1.495
2455094.62305 1.511
2455094.62625 1.477
2455094.62947 1.441
2455094.63911 1.421
2455094.64231 1.456
2455094.64673 1.487
2455094.64994 1.512
2455094.65317 1.513
2455094.65637 1.515
2455094.65956 1.499
2455094.66277 1.504
2455094.66598 1.505
2455094.66919 1.499
2455094.67241 1.507
2455094.67562 1.51
2455094.68301 1.514
2455094.68626 1.493
2455094.68946 1.465
2455094.69269 1.443
2455094.69595 1.426
2455094.69916 1.413
2455094.70244 1.392
2455094.7057 1.383
2455094.7089 1.392
2455094.7131 1.4
2455094.71631 1.426
2455094.71951 1.44
2455094.72271 1.47
2455094.72592 1.515
2455094.72911 1.504
2455094.73233 1.502
2455094.73553 1.493
2455094.73874 1.465
2455094.74197 1.453
2455094.7461 1.448
2455094.7493 1.455
2455094.75251 1.467
2455094.75571 1.488
2455094.75898 1.494
2455094.76219 1.489
2455094.76545 1.468
2455094.76865 1.453
2455094.77187 1.45
2455094.77506 1.446
2455094.77919 1.471
2455094.7824 1.491
2455094.78562 1.51
2455094.78883 1.527
2455094.79206 1.525
2455094.79527 1.511
2455094.79848 1.511
2455094.80171 1.506
2455094.80491 1.492
2455094.80812 1.487
2455094.81223 1.486
2455094.81544 1.511
2455094.81865 1.502
2455094.82186 1.502
2455094.82508 1.469
2455094.82829 1.442
2455094.83149 1.42
2455094.83469 1.412
2455094.83793 1.398
2455094.84113 1.383
2455094.84549 1.4
2455094.8487 1.407
2455094.85192 1.43
2455094.85514 1.451
2455094.85835 1.501
2455094.86156 1.535
2455094.86476 1.525
2455094.86796 1.509
2455094.87117 1.484
2455094.87439 1.468
2455094.87852 1.446
2455094.88172 1.437
2455094.88493 1.452
2455094.88815 1.464
2455094.89137 1.472
2455094.89458 1.489
2455094.89779 1.473
2455094.901 1.45
2455094.90744 1.412
2455094.91502 1.437
2455094.91827 1.458
2455094.92147 1.503
2455094.92468 1.514
2455094.92793 1.514
2455094.93119 1.504
2455094.93441 1.514
2455094.93767 1.511
2455094.94093 1.498
2455094.97852 1.383
2455094.98173 1.393
2455094.98493 1.396
2455094.98814 1.418
2455094.99136 1.456
