2455242.68965 17.130
2455242.70164 17.040
2455242.71362 16.924
2455242.72566 16.891
2455242.73773 16.923
2455242.74988 17.048
2455242.76206 17.129
2455242.77425 17.049
2455242.78651 16.935
2455242.79879 16.878
2455242.81112 16.925
2455242.82348 17.017
2455242.83589 17.127
2455242.84831 16.998
2455242.86079 16.931
2455242.87331 16.864
2455242.88592 16.974
2455242.89850 17.077
2455242.91114 17.098
2455242.92380 16.975
2455242.95884 16.957
2455242.97051 17.052
2455242.98218 17.065
2455242.99396 16.946
2455243.00428 16.911
2455243.00928 16.905
2455243.01261 16.865
2455243.01594 16.861
2455243.01929 16.908
2455243.02264 16.918
2455243.02431 16.923
2455243.02599 16.980
2455243.02767 16.971
2455243.02935 17.006
2455243.03102 16.997
2455243.03271 16.996
2455243.03439 17.055
2455243.03607 17.057
2455243.03776 17.071
2455243.03945 17.075
2455243.04114 17.100
2455243.04282 17.109
2455243.04451 17.123
2455243.04623 17.109
2455243.04792 17.119
2455243.04961 17.123
2455243.05130 17.135
2455243.05299 17.084
