2454736.91618 1.167
2454736.91974 1.198
2454736.92329 1.19
2454736.93083 1.196
2454736.93458 1.196
2454736.93827 1.222
2454736.94202 1.262
2454736.94573 1.222
2454736.94941 1.221
2454736.9531 1.243
2454736.95679 1.245
2454736.96047 1.241
2454736.96418 1.24
2454736.96786 1.255
2454736.97154 1.208
2454736.97523 1.21
2454736.97891 1.201
2454736.98259 1.192
2454736.98627 1.209
2454736.98994 1.234
2454736.99367 1.245
2454736.99735 1.227
2454737.00103 1.256
2454737.00469 1.221
2454737.00836 1.228
2454737.01207 1.225
2454737.01579 1.183
2454737.01948 1.181
2454737.0232 1.182
2454737.02688 1.162
2454737.03057 1.19
2454737.03425 1.216
2454737.03801 1.215
2454737.04177 1.235
2454737.04548 1.233
2454737.04917 1.246
2454737.05293 1.261
2454737.05669 1.254
2454737.06041 1.265
2454737.06421 1.26
2454737.06789 1.239
2454737.07165 1.209
2454737.07567 1.214
2454737.07935 1.219
2454737.08303 1.221
2454737.08671 1.214
2454737.09042 1.266
2454737.12405 1.185
2454737.12759 1.21
2454737.13114 1.237
2454737.1347 1.279
2454737.13824 1.311
2454737.14179 1.305
2454737.14534 1.326
2454737.14888 1.332
2454737.15598 1.336
2454737.15952 1.327
2454737.16307 1.311
2454737.20924 1.182
2454737.21279 1.269
2454737.21634 1.239
2454737.21988 1.193
2454737.22343 1.204
2454737.22699 1.216
2454737.23054 1.21
2454737.23408 1.266
2454737.23763 1.244
2454737.24118 1.266
