2454746.88206 0.854
2454746.88581 0.879
2454746.88959 0.856
2454746.89349 0.87
2454746.89731 0.92
2454746.90108 0.891
2454746.90488 0.907
2454746.90862 0.874
2454746.91248 0.835
2454746.91629 0.843
2454746.92022 0.828
2454746.92405 0.849
2454746.92782 0.88
2454746.93166 0.943
2454746.93543 0.944
2454746.93914 0.91
2454746.94297 0.923
2454746.94669 0.949
2454746.95041 0.92
2454746.95422 0.937
2454746.95799 0.914
2454746.96177 0.899
2454746.96559 0.878
2454746.96937 0.877
2454746.9732 0.874
2454746.97692 0.913
2454746.98068 0.892
2454746.98444 0.905
2454746.9882 0.89
2454746.99196 0.902
2454746.99572 0.899
2454746.99947 0.891
2454747.00322 0.909
2454747.00698 0.894
2454747.0108 0.877
2454747.01455 0.857
2454747.01831 0.859
2454747.02205 0.891
2454747.02579 0.884
2454747.02951 0.918
2454747.03329 0.919
2454747.03701 0.92
2454747.0408 0.91
2454747.04452 0.922
2454747.04824 0.956
2454747.05201 0.981
2454747.05574 0.959
2454747.05946 0.984
2454747.0718 1.015
2454747.07949 0.987
2454747.08329 0.989
2454747.09103 0.997
2454747.09485 1.02
2454747.09872 0.995
2454747.10252 1.041
2454747.10704 1.039
2454747.11083 0.996
2454747.11464 1.0
2454747.11844 0.978
2454747.12225 1.002
2454747.12612 1.0
2454747.12993 0.991
2454747.13373 0.98
2454747.13789 0.967
2454747.14177 0.943
2454747.14949 0.983
2454747.15336 0.959
2454747.16117 0.934
2454747.16496 0.916
2454747.19977 0.903
2454747.20364 0.909
2454747.21161 0.917
2454747.21581 0.863
2454747.21968 0.898
2454747.22355 0.913
2454747.22736 0.903
2454747.23116 0.948
2454747.23511 0.956
2454747.23897 0.972
2454747.24276 0.924
