2454737.92722 1.514
2454737.93114 1.496
2454737.93481 1.485
2454737.93847 1.489
2454737.94215 1.503
2454737.94583 1.518
2454737.94951 1.491
2454737.95322 1.518
2454737.95688 1.501
2454737.96054 1.488
2454737.96423 1.492
2454737.96789 1.487
2454737.9716 1.472
2454737.97528 1.474
2454737.97893 1.465
2454737.98263 1.465
2454737.98629 1.447
2454737.98998 1.46
2454737.99366 1.49
2454737.99732 1.497
2454738.001 1.499
2454738.00467 1.474
2454738.00838 1.496
2454738.01206 1.488
2454738.01574 1.499
2454738.01943 1.543
2454738.02311 1.532
2454738.02679 1.514
2454738.03047 1.486
2454738.03416 1.484
2454738.03785 1.51
2454738.04154 1.525
2454738.04519 1.523
2454738.04888 1.5
2454738.05257 1.554
2454738.05625 1.504
2454738.05993 1.503
2454738.06359 1.516
2454738.06727 1.521
2454738.07093 1.552
2454738.07461 1.543
2454738.07829 1.517
2454738.08196 1.513
2454738.08563 1.48
2454738.09902 1.563
2454738.10269 1.546
2454738.10637 1.562
2454738.11006 1.528
2454738.11376 1.549
2454738.11744 1.551
2454738.12111 1.545
2454738.12481 1.565
2454738.1285 1.561
2454738.13217 1.503
2454738.13585 1.486
2454738.1396 1.514
2454738.14339 1.533
2454738.14707 1.523
2454738.15074 1.551
2454738.15444 1.563
2454738.15814 1.532
2454738.16181 1.525
2454738.16554 1.534
2454738.16966 1.566
2454738.17337 1.539
2454738.17708 1.554
2454738.1808 1.594
2454738.18448 1.611
2454738.18819 1.584
2454738.19185 1.578
2454738.19557 1.598
2454738.1993 1.613
2454738.20304 1.622
2454738.20676 1.627
2454738.21043 1.613
2454738.21415 1.639
2454738.21783 1.657
2454738.2215 1.655
2454738.22523 1.654
2454738.22891 1.616
2454738.23262 1.595
2454738.23633 1.622
2454738.24 1.614
2454738.2439 1.6
2454738.24772 1.616
2454738.25141 1.578
2454738.25526 1.604
2454738.259 1.568
2454738.26268 1.594
2454738.26638 1.607
2454738.27007 1.579
2454738.27753 1.574
