2454745.97564 0.884
2454745.97917 1.0
2454745.99264 1.006
2454745.99617 0.948
2454745.99973 0.937
2454746.00328 0.958
2454746.00682 0.96
2454746.01036 0.939
2454746.0139 0.961
2454746.01744 0.989
2454746.02098 1.025
2454746.02453 1.05
2454746.02808 1.089
2454746.03162 1.082
2454746.03517 1.108
2454746.03871 1.13
2454746.04226 1.118
2454746.04581 1.123
2454746.04935 1.129
2454746.05289 1.084
2454746.05644 1.062
2454746.05998 1.032
2454746.06353 1.066
2454746.07167 1.115
2454746.07538 1.103
2454746.07909 1.113
2454746.08281 1.114
2454746.08654 1.085
2454746.09026 1.017
2454746.09399 1.013
2454746.09771 0.988
2454746.10142 0.984
2454746.10514 1.003
2454746.10886 0.965
2454746.11263 0.936
2454746.11634 0.957
2454746.12006 0.984
2454746.12377 0.959
2454746.12749 0.988
2454746.13121 0.97
2454746.13492 0.963
2454746.13871 1.007
2454746.14243 1.014
2454746.14616 0.997
2454746.14988 0.996
2454746.15361 1.006
2454746.15734 0.975
2454746.16106 0.972
2454746.16478 0.989
2454746.1685 0.954
2454746.17222 1.003
2454746.17594 0.988
2454746.17966 0.951
2454746.18339 0.948
2454746.1871 0.976
2454746.19082 0.99
2454746.19456 0.976
2454746.19829 0.963
2454746.20202 0.904
2454746.20576 0.955
2454746.20947 0.934
2454746.21319 0.907
2454746.21703 1.014
2454746.22074 0.983
2454746.22447 0.969
2454746.22831 0.942
2454746.23204 0.974
2454746.23577 1.022
2454746.23963 1.012
2454746.24336 1.012
2454746.24734 0.989
2454746.25152 1.023
2454746.25532 0.963
