2454741.93132 2.068
2454741.9342 1.98
2454741.93667 2.053
2454741.93991 1.872
2454741.94259 1.985
2454741.94559 2.062
2454741.95694 2.141
2454741.95966 1.957
2454741.9623 2.035
2454741.97359 1.875
2454741.97611 2.005
2454741.97925 1.932
2454741.9898 2.002
2454741.99272 2.07
2454741.99571 1.93
2454742.00679 2.031
2454742.00949 1.938
2454742.01194 2.014
2454742.02234 1.886
2454742.02515 1.884
2454742.02769 1.92
2454742.0383 2.064
2454742.0409 1.968
2454742.04394 2.044
2454742.0547 2.072
2454742.05792 2.038
2454742.06082 2.004
2454742.07482 2.218
2454742.07795 2.117
2454742.0809 1.961
2454742.09472 2.011
2454742.10879 2.031
2454742.11169 1.961
2454742.1144 2.143
2454742.12597 1.937
2454742.12888 1.951
2454742.13176 2.114
2454742.14862 2.206
2454742.22995 1.961
