2454556.89226 1.459
2454556.89761 1.469
2454556.90118 1.439
2454556.90474 1.429
2454556.9083 1.422
2454556.91186 1.418
2454556.91543 1.393
2454556.91899 1.379
2454556.92256 1.389
2454556.92612 1.387
2454556.92968 1.375
2454556.93324 1.377
2454556.9368 1.39
2454556.94036 1.4
2454556.95586 1.437
2454556.95942 1.443
2454556.96298 1.439
2454556.96655 1.452
2454556.9701 1.435
2454556.97366 1.441
2454556.97722 1.425
2454556.98078 1.435
2454556.98434 1.417
2454556.9879 1.422
2454556.99146 1.412
2454556.99503 1.405
2454556.99859 1.439
2454557.00326 1.381
2454557.00682 1.361
2454557.01038 1.385
2454557.01394 1.379
2454557.01751 1.391
2454557.07149 1.356
2454557.07504 1.359
2454557.07972 1.399
2454557.08331 1.407
2454557.0869 1.419
2454557.09049 1.415
2454557.09407 1.417
2454557.09767 1.406
2454557.10126 1.416
2454557.10485 1.427
2454557.10844 1.418
2454557.11204 1.391
2454557.11563 1.394
2454557.11922 1.372
2454557.12281 1.353
2454557.12641 1.36
2454557.13001 1.383
2454557.1336 1.393
2454557.1372 1.371
2454557.14079 1.36
2454557.14439 1.353
2454557.14798 1.35
2454557.15158 1.332
2454557.15517 1.34
2454557.15877 1.333
2454557.16236 1.345
2454557.16595 1.37
2454557.16955 1.396
2454557.17314 1.424
2454557.17673 1.474
2454557.18033 1.494
2454557.18393 1.503
2454557.18753 1.473
2454557.19113 1.496
2454557.19473 1.493
2454557.19832 1.489
2454557.20192 1.487
2454557.20911 1.462
