2454551.88988 3.096
2454552.00222 3.012
2454552.00308 3.059
2454552.00394 3.0
2454552.0048 3.008
2454552.00565 2.964
2454552.00705 2.989
2454552.00791 2.994
2454552.00877 2.997
2454552.00962 3.061
2454552.01368 3.016
2454552.01455 2.992
2454552.01541 3.029
2454552.01948 3.004
2454552.02034 3.048
2454552.0212 2.962
2454552.02206 2.959
2454552.02351 3.021
2454552.03993 3.073
2454552.04079 3.088
2454552.04166 3.066
2454552.04252 3.081
2454552.04338 3.132
2454552.04483 3.051
2454552.04569 3.076
2454552.04655 3.05
2454552.04741 3.146
2454552.04827 3.086
2454552.04975 3.122
2454552.05061 3.065
2454552.05148 3.107
2454552.05234 3.131
2454552.05321 3.051
2454552.05469 3.048
2454552.05555 3.101
2454552.05642 3.038
2454552.05728 3.069
2454552.05814 3.103
2454552.05961 3.065
2454552.06047 3.033
2454552.06133 3.068
2454552.0622 3.017
2454552.06306 3.036
2454552.06451 3.011
2454552.06537 3.025
2454552.06623 3.057
2454552.06709 3.015
2454552.06796 2.991
2454552.06943 3.072
2454552.0703 2.993
2454552.07117 3.007
2454552.07203 3.071
2454552.0729 3.005
2454552.07436 3.027
2454552.07522 2.999
2454552.07609 2.97
2454552.07695 2.984
2454552.07782 3.023
2454552.0793 3.027
2454552.08016 3.027
2454552.08102 3.011
2454552.08189 3.023
2454552.08275 3.031
2454552.08421 3.012
2454552.08508 3.026
2454552.08595 3.063
2454552.08681 3.009
2454552.08768 3.059
2454552.08916 3.055
2454552.09174 3.054
2454552.09261 3.075
2454552.0945 3.056
2454552.09535 3.055
2454552.09622 3.083
2454552.09708 3.026
2454552.09795 3.052
2454552.09941 3.059
2454552.10028 3.039
2454552.10114 3.051
2454552.102 3.063
2454552.10287 3.053
2454552.10431 3.072
2454552.10517 3.057
2454552.10605 3.075
2454552.10691 3.066
2454552.10777 3.04
2454552.10924 3.064
2454552.11011 3.063
2454552.11097 3.081
2454552.11183 3.078
2454552.11269 3.087
2454552.11415 3.057
2454552.11503 3.079
2454552.11589 3.07
2454552.11675 3.069
2454552.11762 3.046
2454552.11909 3.08
2454552.11996 3.05
2454552.12082 3.038
2454552.12169 3.059
2454552.12256 3.057
2454552.12413 3.054
2454552.125 3.043
2454552.12586 3.057
2454552.12673 3.073
2454552.12759 3.044
2454552.12908 3.038
2454552.12994 3.025
2454552.1308 3.028
2454552.13166 3.05
2454552.13253 3.052
2454552.13401 3.031
2454552.13487 3.079
2454552.13574 3.038
2454552.1366 3.012
2454552.13746 3.009
2454552.13892 3.03
2454552.13978 3.011
2454552.14065 3.012
2454552.14151 3.059
2454552.14238 2.994
2454552.14384 3.078
2454552.1447 3.017
2454552.14557 3.0
2454552.14643 3.043
2454552.14729 2.97
2454552.1489 3.008
2454552.14976 2.98
2454552.15063 3.027
2454552.15149 3.012
2454552.15235 3.014
2454552.15382 3.0
2454552.15468 3.025
2454552.15554 2.992
2454552.15641 2.998
2454552.15727 3.0
2454552.15875 2.964
2454552.15961 3.031
2454552.16047 3.021
2454552.16134 3.016
2454552.1622 3.051
2454552.1637 3.004
2454552.16457 3.02
2454552.16543 3.124
2454552.16629 3.039
2454552.16716 3.009
2454552.16863 3.053
2454552.16949 3.031
2454552.17035 3.036
2454552.17122 3.04
2454552.17208 3.013
2454552.17359 3.079
2454552.17445 3.104
2454552.17532 3.054
2454552.17618 3.109
2454552.17704 3.124
2454552.17853 3.093
2454552.1794 3.099
2454552.18199 3.205
2454552.18348 3.171
2454552.18435 3.156
2454552.18521 3.144
2454552.18608 3.175
2454552.18695 3.149
2454552.18934 3.131
2454552.19021 3.176
2454552.19107 3.167
2454552.19194 3.139
2454552.19347 3.217
2454552.19433 3.197
2454552.19519 3.166
2454552.19605 3.161
2454552.19692 3.186
2454552.19875 3.167
2454552.19962 3.203
2454552.20048 3.144
2454552.20134 3.164
2454552.20221 3.243
2454552.20369 3.14
2454552.20455 3.177
2454552.20541 3.17
2454552.20627 3.163
2454552.20713 3.17
2454552.20878 3.238
2454552.20963 3.138
2454552.2105 3.214
2454552.21137 3.112
2454552.21223 3.085
2454552.2137 3.14
2454552.21457 3.114
2454552.21543 3.099
2454552.21629 3.107
2454552.21715 3.096
2454552.21863 3.137
2454552.22035 3.118
2454552.22121 3.157
2454552.22207 3.127
2454552.22441 3.134
2454552.22527 3.182
2454552.22613 3.14
2454552.22699 3.191
2454552.22847 3.151
2454552.22933 3.135
2454552.23019 3.149
2454552.23106 3.128
2454552.23192 3.193
2454552.23349 3.162
2454552.23434 3.181
2454552.2352 3.22
2454552.23606 3.202
2454552.23692 3.217
2454552.2384 3.137
2454552.23925 3.169
2454552.24012 3.087
2454552.24097 3.201
2454552.24183 3.142
2454552.2433 3.083
2454552.24416 3.145
2454552.24502 3.138
2454552.24587 3.148
