2454555.8985 0.209
2454555.9021 0.2
2454555.90569 0.177
2454555.91957 0.142
2454555.92314 0.11
2454555.9267 0.112
2454555.93026 0.098
2454555.93383 0.082
2454555.93738 0.129
2454555.94094 0.154
2454555.9445 0.178
2454555.94805 0.198
2454555.95161 0.171
2454555.95517 0.152
2454555.95874 0.187
2454555.96229 0.179
2454555.96585 0.186
2454555.96941 0.193
2454555.97297 0.181
2454555.97653 0.188
2454555.98009 0.177
2454555.98365 0.165
2454555.98722 0.161
2454555.99077 0.165
2454555.99434 0.152
2454556.02978 0.162
2454556.03334 0.199
2454556.0369 0.215
2454556.04046 0.211
2454556.04403 0.211
2454556.04758 0.187
2454556.05115 0.183
2454556.0547 0.177
2454556.05827 0.171
2454556.06183 0.164
2454556.0654 0.174
2454556.06896 0.138
2454556.07252 0.154
2454556.07609 0.158
2454556.07965 0.199
2454556.08321 0.2
2454556.08678 0.233
2454556.09034 0.23
2454556.0939 0.267
2454556.09747 0.191
2454556.10103 0.21
2454556.10459 0.207
2454556.10815 0.204
2454556.11172 0.219
2454556.11528 0.196
2454556.11885 0.196
2454556.12241 0.193
2454556.12597 0.178
2454556.12954 0.159
2454556.1331 0.151
2454556.13667 0.152
2454556.14024 0.139
2454556.1438 0.146
2454556.14737 0.121
2454556.15093 0.095
2454556.15449 0.132
2454556.15807 0.119
2454556.16164 0.131
2454556.1652 0.109
2454556.16877 0.146
2454556.17233 0.183
2454556.17589 0.176
2454556.17945 0.223
2454556.18301 0.213
2454556.18657 0.219
2454556.19014 0.227
2454556.1937 0.203
2454556.19727 0.188
2454556.20084 0.126
2454556.2044 0.144
2454556.20798 0.186
2454556.21154 0.176
2454556.21511 0.218
2454556.21868 0.129
2454556.22224 0.155
2454556.22581 0.191
2454556.22938 0.195
2454556.23294 0.285
2454556.23651 0.235
2454556.24007 0.255
