2454556.87435 1.608
2454556.87678 1.559
2454556.87957 1.577
2454556.88229 1.591
2454556.88484 1.617
2454556.88738 1.635
2454556.89146 1.654
2454556.89399 1.681
2454556.89644 1.686
2454556.8992 1.707
2454556.90284 1.683
2454556.9055 1.655
2454556.90815 1.663
2454556.91065 1.656
2454556.91431 1.645
2454556.91705 1.622
2454556.91964 1.627
2454556.92207 1.605
2454556.92588 1.6
2454556.9283 1.598
2454556.93086 1.609
2454556.93351 1.638
2454556.93604 1.622
2454556.93978 1.628
2454556.94247 1.657
2454556.9449 1.659
2454556.94747 1.672
2454556.95166 1.669
2454556.95453 1.671
2454556.95708 1.675
2454556.96089 1.695
2454556.9638 1.655
2454556.96631 1.658
2454556.96934 1.656
2454556.97328 1.655
2454556.97579 1.652
2454556.99154 1.647
2454556.99483 1.625
2454556.99726 1.624
2454557.02298 1.625
2454557.02553 1.617
2454557.02796 1.638
2454557.08161 1.6
2454557.08404 1.623
2454557.08748 1.632
2454557.11274 1.611
2454557.11519 1.607
2454557.13798 1.584
2454557.14042 1.593
2454557.14411 1.571
2454557.16591 1.6
2454557.16932 1.574
2454557.17182 1.612
2454557.19458 1.684
2454557.19701 1.676
2454557.19958 1.687
2454557.22221 1.597
2454557.22556 1.615
2454557.22808 1.642
2454557.25071 1.677
2454557.25373 1.674
