2454561.87396 2.314
2454561.87657 2.299
2454561.87909 2.334
2454561.88431 2.386
2454561.88679 2.404
2454561.89163 2.416
2454561.89659 2.437
2454561.8991 2.451
2454561.90159 2.409
2454561.91023 2.403
2454561.91267 2.359
2454561.9151 2.364
2454561.92985 2.335
2454561.93244 2.352
2454561.94373 2.402
2454561.94875 2.399
2454561.97684 2.333
2454561.97942 2.328
2454562.00984 2.32
2454562.01237 2.308
2454562.01501 2.297
2454562.03741 2.349
2454562.03984 2.35
2454562.04699 2.375
2454562.07206 2.328
2454562.07449 2.31
2454562.10505 2.367
2454562.10763 2.38
2454562.13005 2.339
2454562.13262 2.317
2454562.13979 2.342
2454562.16073 2.37
2454562.16336 2.378
2454562.16578 2.373
2454562.19115 2.431
2454562.19367 2.405
2454562.19611 2.404
