2454544.95211 0.187
2454544.95316 0.171
2454544.95475 0.186
2454544.95894 0.215
2454544.96004 0.215
2454544.96107 0.234
2454544.96809 0.226
2454544.96912 0.221
2454544.97024 0.21
2454544.97448 0.23
2454544.97585 0.257
2454544.97688 0.237
2454544.98328 0.218
2454544.98431 0.231
2454544.98535 0.248
2454544.99234 0.21
2454544.99357 0.199
2454544.99469 0.207
2454544.99884 0.204
2454544.99988 0.187
2454545.00101 0.193
2454545.00771 0.179
2454545.00877 0.172
2454545.00991 0.152
2454545.01412 0.1
2454545.01527 0.126
2454545.01892 0.146
2454545.0231 0.13
2454545.02413 0.148
2454545.02516 0.145
2454545.03228 0.191
2454545.03337 0.167
2454545.03447 0.19
2454545.03865 0.227
2454545.03968 0.234
2454545.0408 0.272
2454545.05943 0.29
2454545.06054 0.27
2454545.06159 0.286
2454545.07999 0.174
2454545.0811 0.188
2454545.08213 0.195
2454545.09866 0.26
2454545.09977 0.273
2454545.10088 0.246
2454545.11888 0.193
2454545.11991 0.207
2454545.12102 0.201
2454545.13932 0.156
2454545.14036 0.17
2454545.14149 0.188
2454545.15799 0.093
2454545.15902 0.122
2454545.16012 0.129
2454545.17816 0.153
2454545.17921 0.147
2454545.18032 0.178
2454545.19742 0.263
2454545.20002 0.265
2454545.20107 0.245
2454545.21773 0.206
2454545.21877 0.226
2454545.21991 0.183
2454545.23823 0.26
2454545.23934 0.258
2454545.24051 0.286
2454545.26059 0.269
