2454555.88066 1.391
2454555.88315 1.401
2454555.8856 1.408
2454555.88832 1.446
2454555.89087 1.47
2454555.89454 1.454
2454555.89727 1.466
2454555.89983 1.482
2454555.90228 1.476
2454555.90617 1.465
2454555.90867 1.455
2454555.91122 1.434
2454555.91404 1.407
2454555.91771 1.412
2454555.9201 1.409
2454555.92294 1.373
2454555.92541 1.361
2454555.92906 1.356
2454555.93193 1.372
2454555.93439 1.384
2454555.9369 1.41
2454555.94081 1.414
2454555.94325 1.426
2454555.94578 1.432
2454555.94858 1.443
2454555.95227 1.448
2454555.95471 1.423
2454555.9574 1.421
2454555.95984 1.447
2454555.9651 1.457
2454555.96786 1.461
2454555.97036 1.448
2454555.97294 1.442
2454555.97691 1.447
2454555.97941 1.438
2454555.982 1.416
2454555.9936 1.414
2454555.99611 1.408
2454555.99988 1.397
2454556.02377 1.415
2454556.02619 1.424
2454556.02894 1.432
2454556.05235 1.456
2454556.05571 1.439
2454556.05823 1.43
2454556.08148 1.442
2454556.08407 1.442
2454556.08651 1.459
2454556.10994 1.451
2454556.1134 1.46
2454556.11594 1.453
2454556.13913 1.448
2454556.14167 1.401
2454556.20006 1.427
2454556.20255 1.474
2454556.20602 1.445
2454556.22965 1.472
2454556.23219 1.513
2454556.23479 1.483
