2456702.756924 +17.922
2456702.759885 +17.815
2456702.762844 +18.006
2456702.765806 +17.865
2456702.768780 +17.998
2456702.771749 +17.956
2456702.774710 +18.011
2456702.777670 +18.055
2456702.787007 +17.873
2456702.789967 +17.779
2456702.792925 +17.814
2456702.795885 +17.827
2456702.798845 +17.787
2456702.804770 +17.730
2456702.817893 +17.697
2456702.820854 +17.796
2456702.823817 +17.805
2456702.829740 +17.984
2456702.832700 +17.949
2456702.835675 +17.984
2456702.838645 +17.977
2456702.841611 +17.937
2456702.844572 +17.984
2456702.885865 +18.040
2456702.888828 +17.973
2456702.897736 +17.980
2456702.900693 +17.928
2456702.903654 +17.879
2456702.906613 +17.768
2456702.926140 +17.688
2456702.940958 +17.804
2456702.946899 +17.956
2456702.956622 +17.975
2456702.968468 +17.857
2456702.980331 +17.794
2456702.987472 +17.802
2456702.990442 +17.894
2456702.993404 +17.968
2456702.996362 +17.864
2456702.999325 +18.018
