2455329.89441 1.487
2455329.89824 1.423
2455329.90207 1.398
2455329.9059 1.401
2455329.90974 1.397
2455329.91361 1.39
2455329.91746 1.378
2455329.9213 1.377
2455329.92518 1.384
2455329.92902 1.386
2455329.93286 1.393
2455329.93673 1.45
2455329.94058 1.472
2455329.94445 1.436
2455329.94828 1.472
2455329.95212 1.476
2455329.95599 1.463
2455329.95983 1.459
2455329.96367 1.441
2455329.96755 1.389
2455329.97144 1.39
2455329.97529 1.407
2455329.97912 1.38
2455329.983 1.421
2455329.98798 1.433
2455329.9918 1.467
2455329.99562 1.43
2455329.99946 1.411
2455330.00331 1.379
2455330.0072 1.358
2455330.01102 1.375
2455330.01488 1.409
2455330.01872 1.435
2455330.02254 1.412
2455330.02636 1.404
2455330.03464 1.407
2455330.10225 1.522
2455330.10624 1.536
2455330.11017 1.519
2455330.11435 1.449
2455330.11821 1.399
2455330.12219 1.53
2455330.12613 1.46
2455330.13005 1.411
2455330.13403 1.459
2455330.13807 1.465
2455330.14201 1.415
2455330.14599 1.44
2455330.14993 1.558
2455330.15391 1.474
2455330.15785 1.52
2455330.16349 1.525
2455330.16732 1.488
2455330.17113 1.473
2455330.17499 1.451
2455330.17886 1.45
2455330.18268 1.429
2455330.18654 1.432
2455330.1904 1.419
2455330.19422 1.468
2455330.19812 1.486
2455330.20194 1.516
2455330.2059 1.556
2455330.20972 1.508
2455330.21354 1.507
2455330.2174 1.502
2455330.22122 1.503
2455330.22504 1.457
2455330.22894 1.465
2455330.23277 1.474
2455330.23663 1.454
2455330.24044 1.471
2455330.24431 1.508
2455330.24817 1.524
2455330.25198 1.526
