2455327.86202 1.834
2455327.86586 1.865
2455327.8736 1.857
2455327.87745 1.883
2455327.88133 1.867
2455327.88519 1.845
2455327.88907 1.908
2455327.8971 1.907
2455327.90502 1.88
2455327.92955 1.836
2455327.93343 1.873
2455327.93728 1.93
2455327.94116 1.91
2455327.94506 1.903
2455327.94892 1.884
2455327.95279 1.854
2455327.95879 1.837
2455327.96284 1.838
2455327.96687 1.819
2455327.97088 1.79
2455327.97494 1.798
2455327.97897 1.793
2455327.98321 1.829
2455327.98722 1.882
2455327.99124 1.885
2455327.99531 1.898
2455327.99933 1.926
2455328.00337 1.908
2455328.00743 1.861
2455328.01154 1.825
2455328.01559 1.833
2455328.01963 1.849
2455328.02402 1.811
2455328.02809 1.804
2455328.03212 1.808
2455328.03619 1.897
2455328.04021 1.89
2455328.04424 1.902
2455328.11408 1.901
2455328.11814 1.932
2455328.1269 1.886
2455328.13109 1.866
2455328.14353 1.887
2455328.152 1.906
2455328.16017 1.921
2455328.16425 1.866
2455328.1693 1.856
2455328.17685 1.852
2455328.18062 1.838
2455328.18439 1.85
2455328.18816 1.829
2455328.19197 1.836
2455328.19578 1.895
2455328.19954 1.955
2455328.20331 1.96
2455328.20712 1.985
2455328.21088 1.971
2455328.21466 1.964
2455328.21843 1.938
2455328.22219 1.927
2455328.22596 1.896
2455328.22973 1.924
2455328.23358 1.901
2455328.23734 1.888
