2455329.89441 1.159
2455329.89824 1.096
2455329.90207 1.053
2455329.9059 1.063
2455329.90974 1.059
2455329.91361 1.071
2455329.91746 1.037
2455329.9213 1.04
2455329.92518 1.033
2455329.92902 1.05
2455329.93286 1.05
2455329.93673 1.101
2455329.94058 1.1
2455329.94445 1.094
2455329.94828 1.133
2455329.95212 1.12
2455329.95599 1.112
2455329.95983 1.109
2455329.96367 1.09
2455329.96755 1.037
2455329.97144 1.055
2455329.97529 1.049
2455329.97912 1.029
2455329.983 1.069
2455329.98798 1.081
2455329.9918 1.096
2455329.99562 1.057
2455329.99946 1.051
2455330.00331 1.021
2455330.0072 0.996
2455330.01102 1.015
2455330.01488 1.053
2455330.01872 1.092
2455330.02254 1.054
2455330.02636 1.075
2455330.0302 1.05
2455330.03464 1.052
2455330.09447 1.184
2455330.10225 1.175
2455330.10624 1.172
2455330.11017 1.153
2455330.11435 1.102
2455330.11821 1.083
2455330.12219 1.179
2455330.12613 1.109
2455330.13005 1.048
2455330.13403 1.092
2455330.13807 1.11
2455330.14201 1.07
2455330.14599 1.101
2455330.14993 1.213
2455330.15391 1.132
2455330.15785 1.167
2455330.16349 1.221
2455330.16732 1.147
2455330.17113 1.129
2455330.17499 1.104
2455330.17886 1.088
2455330.18268 1.077
2455330.18654 1.085
2455330.1904 1.144
2455330.19422 1.112
2455330.19812 1.13
2455330.20194 1.146
2455330.2059 1.209
2455330.20972 1.163
2455330.21354 1.161
2455330.2174 1.149
2455330.22122 1.167
2455330.22504 1.112
2455330.22894 1.13
2455330.23277 1.104
2455330.23663 1.096
2455330.24044 1.126
2455330.24431 1.155
2455330.24817 1.18
2455330.25198 1.196
