2455325.87884 0.327
2455325.88287 0.381
2455325.8869 0.358
2455325.89092 0.384
2455325.89493 0.39
2455325.89897 0.352
2455325.90298 0.353
2455325.90702 0.336
2455325.91102 0.36
2455325.91503 0.282
2455325.91918 0.294
2455325.92318 0.275
2455325.92718 0.341
2455325.93122 0.346
2455325.93522 0.343
2455325.93926 0.349
2455325.9436 0.411
2455325.94791 0.435
2455325.95217 0.398
2455325.95617 0.358
2455325.96019 0.394
2455325.96419 0.37
2455325.96818 0.356
2455325.9722 0.333
2455325.97759 0.321
2455325.98142 0.332
2455325.9853 0.374
2455325.98912 0.405
2455325.993 0.419
2455325.9969 0.428
2455326.00072 0.396
2455326.00459 0.406
2455326.00842 0.378
2455326.01224 0.355
2455326.01607 0.375
2455326.01989 0.339
2455326.02371 0.346
2455326.02755 0.334
2455326.03132 0.341
2455326.0351 0.365
2455326.03887 0.376
2455326.04265 0.408
2455326.04642 0.379
2455326.05019 0.431
2455326.08346 0.396
2455326.0875 0.443
2455326.09143 0.532
2455326.09594 0.488
2455326.1001 0.498
2455326.10442 0.517
2455326.10837 0.447
2455326.11246 0.426
2455326.11708 0.338
2455326.12125 0.421
2455326.12534 0.361
2455326.12946 0.4
2455326.13379 0.38
2455326.13783 0.401
2455326.14184 0.429
2455326.14586 0.455
2455326.15004 0.492
2455326.15405 0.478
2455326.15802 0.527
2455326.16728 0.49
2455326.17185 0.449
2455326.17602 0.433
2455326.18021 0.473
2455326.18451 0.407
2455326.18868 0.417
2455326.19287 0.454
2455326.19705 0.505
2455326.20137 0.499
2455326.20555 0.484
2455326.20973 0.487
2455326.21401 0.493
2455326.21819 0.468
2455326.22239 0.457
2455326.22668 0.403
2455326.2311 0.437
2455326.23528 0.433
2455326.23945 0.405
2455326.2439 0.354
2455326.24819 0.426
2455326.25238 0.533
2455326.25679 0.46
2455326.2612 0.496
2455326.26576 0.495
2455326.27104 0.536
