2455324.88563 1.102
2455324.88939 1.099
2455324.89315 1.131
2455324.89693 1.111
2455324.92284 1.096
2455324.92694 1.029
2455324.93102 1.072
2455324.93784 1.126
2455324.94193 1.132
2455324.94601 1.111
2455324.9738 0.987
2455324.97751 0.997
2455324.98121 1.019
2455324.98491 1.037
2455324.98862 1.091
2455324.99233 1.1
2455324.99603 1.11
2455324.99974 1.092
2455325.0859 1.066
2455325.08985 1.101
2455325.09383 1.171
2455325.09789 1.147
2455325.10208 1.216
2455325.10622 1.2
2455325.11111 1.172
2455325.11497 1.147
2455325.11881 1.154
2455325.12264 1.103
2455325.12651 1.068
2455325.13048 1.065
2455325.13432 1.062
2455325.13819 1.134
2455325.1421 1.11
2455325.14596 1.139
2455325.14979 1.166
2455325.15362 1.158
2455325.15755 1.194
2455325.16139 1.175
2455325.16523 1.117
2455325.16917 1.097
2455325.17301 1.136
2455325.17695 1.103
2455325.18086 1.088
2455325.18477 1.064
2455325.18871 1.083
2455325.19254 1.068
2455325.19637 1.064
2455325.20024 1.114
2455325.20427 1.112
2455325.21581 1.142
2455325.21975 1.042
2455325.22357 1.07
2455325.2274 1.041
2455325.23127 1.029
2455325.2351 1.004
2455325.23893 1.062
2455325.2428 1.054
2455325.24663 1.094
2455325.2505 1.114
