2455335.85035 3.241
2455335.85316 3.215
2455335.85604 3.154
2455335.86752 3.086
2455335.87037 3.046
2455335.87322 3.132
2455335.88482 3.037
2455335.8876 3.183
2455335.89048 3.15
2455335.90208 3.183
2455335.90486 3.211
2455335.90763 3.157
2455335.91913 3.082
2455335.92194 3.107
2455335.92475 3.054
2455335.93627 3.075
2455335.9391 3.023
2455335.94186 3.09
2455335.95348 3.142
2455335.95627 3.051
2455335.95904 3.1
2455335.97048 3.109
2455335.97326 3.052
2455335.97605 3.028
2455335.98789 3.065
2455335.99072 3.066
2455335.9935 3.089
2455336.00513 3.168
2455336.00792 3.157
2455336.01067 3.109
2455336.02252 3.115
2455336.02534 3.07
2455336.02819 3.085
2455336.03992 3.114
2455336.04276 3.125
2455336.04552 3.131
2455336.05721 3.168
2455336.06006 3.205
2455336.06282 3.184
2455336.07432 3.008
2455336.07704 3.011
2455336.07975 3.043
2455336.09127 2.994
2455336.09404 3.055
2455336.09682 3.093
2455336.1083 3.201
2455336.11112 3.142
2455336.11392 3.126
2455336.12561 3.101
2455336.12838 3.109
2455336.13116 3.087
2455336.14377 3.095
2455336.14662 3.082
2455336.14948 3.165
2455336.16129 3.24
2455336.16405 3.113
2455336.16682 3.016
2455336.21089 3.224
2455336.21369 3.238
2455336.21652 3.207
