2455326.89396 0.881
2455326.89794 0.879
2455326.90182 0.834
2455326.90571 0.796
2455326.90978 0.808
2455326.91374 0.809
2455326.91763 0.747
2455326.92161 0.75
2455326.92949 0.774
2455326.93337 0.78
2455326.93725 0.872
2455326.94116 0.886
2455326.94505 0.879
2455326.94893 0.863
2455326.95292 0.842
2455326.9568 0.799
2455326.96079 0.788
2455326.96468 0.802
2455326.96856 0.778
2455326.97247 0.767
2455326.97636 0.773
2455326.98024 0.772
2455326.98414 0.782
2455326.99009 0.837
2455326.99401 0.846
2455326.99792 0.865
2455327.00181 0.859
2455327.00574 0.832
2455327.00964 0.841
2455327.01358 0.806
2455327.01755 0.802
2455327.02145 0.756
2455327.02538 0.732
2455327.02929 0.8
2455327.03319 0.794
2455327.03735 0.793
2455327.06607 0.803
2455327.07002 0.801
2455327.07388 0.836
2455327.08191 0.88
2455327.08567 0.86
2455327.09012 0.876
2455327.09391 0.868
2455327.0977 0.925
2455327.10529 0.934
2455327.11314 0.905
2455327.11697 0.878
2455327.12073 0.891
2455327.12449 0.848
2455327.12836 0.815
2455327.13218 0.824
2455327.13604 0.773
2455327.13983 0.781
2455327.14362 0.812
2455327.14741 0.883
2455327.15124 0.951
2455327.1551 0.911
2455327.16003 0.945
2455327.1638 0.928
2455327.16774 0.868
2455327.17919 0.881
2455327.18317 0.848
2455327.18693 0.886
2455327.19069 0.865
2455327.19445 0.858
2455327.1982 0.93
2455327.20197 0.964
2455327.20576 0.926
2455327.20958 0.966
2455327.21335 0.96
2455327.21711 0.969
2455327.22089 0.911
2455327.22466 0.879
2455327.22842 0.873
2455327.23219 0.821
2455327.23604 0.807
