2455321.91751 1.202
2455321.92128 1.212
2455321.92504 1.226
2455321.9288 1.227
2455321.93255 1.261
2455321.93638 1.295
2455321.94014 1.295
2455321.9439 1.287
2455321.94766 1.287
2455321.95142 1.246
2455321.95517 1.222
2455321.95893 1.227
2455321.96269 1.196
2455321.96645 1.215
2455321.97021 1.197
2455321.97397 1.18
2455321.97774 1.222
2455321.9815 1.217
2455321.98526 1.256
2455321.98902 1.316
2455321.99278 1.325
2455321.99655 1.309
2455322.00031 1.318
2455322.00407 1.267
2455322.00916 1.259
2455322.01292 1.239
2455322.01672 1.22
2455322.02052 1.2
2455322.02429 1.216
2455322.02805 1.21
2455322.03181 1.224
2455322.03558 1.26
2455322.03937 1.252
2455322.04313 1.257
2455322.0469 1.269
2455322.05066 1.298
2455322.05442 1.308
2455322.09867 1.304
2455322.10657 1.358
2455322.11044 1.31
2455322.11438 1.269
2455322.11819 1.252
2455322.12218 1.264
2455322.12599 1.235
2455322.12991 1.237
2455322.13389 1.226
2455322.13787 1.244
2455322.14172 1.251
2455322.14557 1.288
2455322.14949 1.318
2455322.15336 1.306
2455322.15727 1.317
2455322.16114 1.322
2455322.16501 1.268
2455322.16892 1.243
2455322.17273 1.298
2455322.17667 1.316
