2457200.971000 +14.817
2457200.974609 +14.804
2457200.978255 +14.785
2457200.981900 +14.816
2457200.985507 +14.834
2457200.989118 +14.821
2457200.992723 +14.829
2457200.996333 +14.868
2457200.999950 +14.872
2457201.003651 +14.907
2457201.050391 +14.833
2457201.053998 +14.808
2457201.057606 +14.828
2457201.061250 +14.804
2457201.064859 +14.817
2457201.087943 +14.949
2457201.091549 +14.967
2457201.095156 +14.932
2457201.098763 +14.948
2457201.102373 +14.910
2457201.105984 +14.918
2457201.109589 +14.880
2457201.113197 +14.846
2457201.116805 +14.837
2457201.137615 +14.792
2457201.141225 +14.807
2457201.152373 +14.914
2457201.155993 +14.940
2457201.159611 +14.921
2457201.185058 +14.953
2457201.188680 +14.941
2457201.192400 +14.921
2457201.208663 +14.843
2457201.212268 +14.839
2457201.215912 +14.858
2457201.237661 +14.964
2457201.241269 +14.963
2457201.244874 +14.960
2457201.248480 +14.924
2457201.265178 +14.823
2457201.268786 +14.811
2457201.272467 +14.803
2457201.276070 +14.805
2457201.279678 +14.796
2457201.283287 +14.802
2457201.286893 +14.797
2457201.290539 +14.823
2457201.294143 +14.859
2457201.297748 +14.876
2457201.301352 +14.861
2457201.304959 +14.888
2457201.311054 +14.932
2457201.314662 +14.945
2457201.318310 +14.981
2457201.321922 +14.968
2457201.325564 +14.965
2457201.329210 +14.955
