2457200.006002 +15.043
2457200.009610 +15.018
2457200.013219 +14.993
2457200.016862 +14.956
2457200.020467 +14.972
2457200.024109 +14.958
2457200.027756 +14.965
2457200.035044 +14.960
2457200.038652 +14.959
2457200.062953 +15.066
2457200.066597 +15.039
2457200.070206 +15.053
2457200.073884 +15.019
2457200.077492 +14.955
2457200.081100 +14.924
2457200.084746 +14.942
2457200.088357 +14.894
2457200.098888 +14.907
2457200.102533 +14.922
2457200.106140 +14.971
2457200.109747 +14.926
2457200.113355 +14.957
2457200.117034 +14.977
2457200.120639 +15.000
2457200.124244 +14.993
2457200.127854 +15.024
2457200.131463 +15.031
2457200.135071 +15.052
2457200.179385 +14.949
2457200.183028 +14.967
2457200.186670 +14.990
2457200.190282 +15.001
2457200.232965 +14.924
2457200.236643 +14.929
2457200.240251 +14.906
2457200.243860 +14.932
2457200.247579 +14.942
2457200.265156 +14.968
2457200.268833 +14.988
2457200.272438 +15.031
2457200.276045 +15.046
2457200.279648 +15.078
2457200.283257 +15.073
2457200.286865 +15.087
2457200.290471 +15.057
2457200.294079 +15.031
2457200.297687 +15.024
2457200.301295 +15.048
2457200.304901 +14.989
