2455456.89323 2.394
2455456.89585 2.426
2455456.89846 2.342
2455456.91642 2.332
2455456.91903 2.346
2455456.93896 2.268
2455456.94157 2.343
2455456.94419 2.298
2455456.96098 2.368
2455456.98307 2.32
2455456.98568 2.305
2455456.98829 2.286
2455457.0052 2.223
2455457.00787 2.285
2455457.01053 2.299
2455457.02735 2.336
2455457.02993 2.36
2455457.0325 2.359
2455457.04965 2.394
2455457.05227 2.281
2455457.05487 2.296
2455457.07176 2.384
2455457.07433 2.378
2455457.16627 2.563
2455457.16885 2.592
2455457.18208 2.531
2455457.18465 2.467
2455457.18751 2.422
2455457.20058 2.427
2455457.20315 2.417
2455457.20572 2.399
