2456519.72234 16.951
2456519.72846 16.994
2456519.73153 16.972
2456519.73459 16.945
2456519.73765 16.898
2456519.74073 16.867
2456519.74379 16.84
2456519.74685 16.829
2456519.74991 16.796
2456519.75934 16.741
2456519.76241 16.752
2456519.77162 16.831
2456519.77468 16.894
2456519.78388 16.997
2456519.78694 16.993
2456519.7934 16.896
2456519.79647 16.851
2456519.79954 16.814
2456519.80261 16.778
2456519.80567 16.771
2456519.81486 16.788
2456519.81793 16.813
2456519.82989 16.875
2456519.83295 16.905
2456519.83601 16.913
2456519.83909 16.927
2456519.84215 16.938
2456519.84827 16.981
2456519.85132 16.996
2456519.85438 16.971
2456519.85744 16.956
2456519.8639 16.85
2456519.86696 16.824
2456519.87002 16.806
2456519.87308 16.78
2456519.87614 16.761
2456519.8792 16.739
2456519.88227 16.722
2456519.88841 16.75
2456519.89148 16.791
2456519.90035 16.936
2456519.90341 16.992
2456519.90647 17.008
2456519.90954 16.982
2456519.9126 16.965
2456519.91566 16.891
2456519.91873 16.855
2456519.9218 16.808
2456519.92487 16.796
2456519.92793 16.763
2456519.93446 16.737
2456519.93752 16.773
2456519.94058 16.781
2456519.94365 16.807
2456519.94672 16.815
2456519.94977 16.838
2456519.97012 16.974
2456519.97624 16.981
2456519.9793 16.956
2456519.98236 16.918
2456519.98848 16.844
2456519.99155 16.846
2456519.99462 16.823
