2456520.72429 16.812
2456520.73042 16.789
2456520.73655 16.762
2456520.73962 16.684
2456520.74271 16.675
2456520.74576 16.686
2456520.74883 16.686
2456520.7519 16.698
2456520.75843 16.759
2456520.7615 16.825
2456520.76456 16.866
2456520.76762 16.953
2456520.77069 16.967
2456520.77376 16.951
2456520.77683 16.898
2456520.7799 16.828
2456520.78295 16.778
2456520.78602 16.743
2456520.79418 16.702
2456520.79723 16.702
2456520.8003 16.712
2456520.80336 16.708
2456520.80642 16.755
2456520.80948 16.772
2456520.81255 16.779
2456520.81562 16.801
2456520.81869 16.836
2456520.82175 16.875
2456520.82833 16.897
2456520.83139 16.919
2456520.83446 16.934
2456520.84365 16.941
2456520.84671 16.908
2456520.84977 16.872
2456520.85282 16.858
2456520.85588 16.835
2456520.86429 16.762
2456520.86735 16.733
2456520.87041 16.705
2456520.87348 16.708
2456520.87655 16.751
2456520.87963 16.795
2456520.8827 16.834
2456520.88577 16.9
2456520.88883 16.958
2456520.90143 16.918
2456520.90449 16.853
2456520.90756 16.788
2456520.91063 16.752
2456520.9137 16.714
2456520.91677 16.701
2456520.91984 16.696
2456520.9229 16.707
2456520.92596 16.714
2456520.93463 16.766
2456520.93769 16.785
2456520.94076 16.806
2456520.94384 16.86
2456520.9469 16.866
2456520.94997 16.876
2456520.95304 16.901
2456520.95611 16.902
2456520.95916 16.931
2456520.96222 16.934
2456520.96858 16.847
2456520.97164 16.796
2456520.97777 16.779
2456520.98084 16.756
2456520.9839 16.713
2456520.98696 16.707
2456520.99002 16.654
2456520.99308 16.638
2456520.99615 16.663
