2457124.648229 +17.290
2457124.654246 +17.258
2457124.657254 +17.258
2457124.660267 +17.250
2457124.666286 +17.207
2457124.669291 +17.242
2457124.678783 +17.240
2457124.681795 +17.255
2457124.684810 +17.333
2457124.687825 +17.298
2457124.690828 +17.386
2457124.693838 +17.412
2457124.699864 +17.387
2457124.702875 +17.374
2457124.705891 +17.313
2457124.714567 +17.240
2457124.720597 +17.152
2457124.723616 +17.170
2457124.726631 +17.162
2457124.732652 +17.189
2457124.735668 +17.232
2457124.741695 +17.270
2457124.748519 +17.352
2457124.751538 +17.349
2457124.754550 +17.399
2457124.757561 +17.365
2457124.760567 +17.385
2457124.763577 +17.387
2457124.769603 +17.340
2457124.772615 +17.318
2457124.775628 +17.291
2457124.798856 +17.251
2457124.801874 +17.263
2457124.804886 +17.256
2457124.807899 +17.325
2457124.810913 +17.306
2457124.817737 +17.356
2457124.820751 +17.454
2457124.823764 +17.438
2457124.826767 +17.409
2457124.829779 +17.353
2457124.832791 +17.292
2457124.835806 +17.247
2457124.838817 +17.205
2457124.863502 +17.277
2457124.869535 +17.315
2457124.872551 +17.381
2457124.875560 +17.339
2457124.878576 +17.404
2457124.881584 +17.454
2457124.891406 +17.345
2457124.894420 +17.326
2457124.897439 +17.348
