2455379.64942 3.052
2455379.65236 3.083
2455379.6553 3.028
2455379.66998 2.941
2455379.67292 2.904
2455379.67585 2.928
2455379.68247 2.89
2455379.68544 2.983
2455379.68842 2.988
2455379.69139 2.992
2455379.69436 3.013
2455379.69733 3.073
2455379.70329 3.147
2455379.70627 3.114
2455379.70924 3.206
2455379.717 3.158
2455379.71997 3.13
2455379.72295 3.076
2455379.72592 3.11
2455379.7289 3.081
2455379.73189 3.027
2455379.74082 2.936
2455379.75162 2.895
2455379.75756 2.85
2455379.76055 2.875
2455379.76351 2.931
2455379.76648 2.937
2455379.77243 3.002
2455379.78567 3.043
2455379.78864 2.962
2455379.79162 2.886
2455379.79461 2.861
2455379.80056 2.84
2455379.80353 2.844
2455379.8065 2.828
2455379.80947 2.826
2455379.81245 2.881
2455379.84361 2.962
2455379.8466 2.965
2455379.85692 2.929
2455379.8599 2.903
2455379.86288 2.891
2455379.86585 2.809
2455379.86883 2.795
2455379.87181 2.791
2455379.87478 2.807
2455379.87775 2.761
2455379.88072 2.778
2455379.88812 2.943
2455379.89109 2.985
2455379.89407 2.955
2455379.90002 3.011
2455379.90299 3.072
2455379.90596 3.112
