2456521.73658 16.738
2456521.73964 16.779
2456521.74579 16.847
2456521.74886 16.879
2456521.75542 17.001
2456521.75847 16.982
2456521.76153 16.942
2456521.76459 16.918
2456521.76766 16.841
2456521.77072 16.809
2456521.7738 16.752
2456521.77688 16.721
2456521.77994 16.7
2456521.783 16.677
2456521.79168 16.741
2456521.79474 16.772
2456521.7978 16.763
2456521.80087 16.796
2456521.80394 16.821
2456521.81007 16.856
2456521.81313 16.887
2456521.81925 16.901
2456521.8319 16.864
2456521.83498 16.847
2456521.83804 16.823
2456521.84111 16.773
2456521.84417 16.781
2456521.8503 16.732
2456521.8776 16.966
2456521.88066 16.962
2456521.88372 16.938
2456521.88678 16.923
2456521.88984 16.847
2456521.89631 16.746
2456521.89936 16.691
2456521.90243 16.688
2456521.90549 16.673
2456521.90856 16.703
2456521.91162 16.711
2456521.91468 16.751
2456521.91775 16.757
2456521.92081 16.786
2456521.92387 16.792
2456521.93197 16.863
2456521.93503 16.878
2456521.9381 16.892
2456521.94117 16.919
2456521.94423 16.922
2456521.94729 16.928
2456521.95035 16.901
2456521.95341 16.875
2456521.95953 16.802
2456521.96895 16.773
2456521.97201 16.734
2456521.97507 16.713
2456521.97813 16.689
2456521.98119 16.707
2456521.98425 16.701
2456521.99038 16.781
2456521.99345 16.842
