2454233.62556 2.654
2454233.62927 2.546
2454233.63291 2.681
2454233.63664 2.689
2454233.64037 2.744
2454233.64409 2.71
2454233.64781 2.772
2454233.65154 2.825
2454233.65898 2.851
2454233.67045 2.831
2454233.67419 2.717
2454233.67791 2.729
2454233.68538 2.649
2454233.68904 2.619
2454233.70058 2.648
2454233.71179 2.707
2454233.71551 2.703
2454233.72297 2.833
2454233.73034 2.834
2454233.74027 2.679
2454233.74398 2.633
2454233.74761 2.635
2454233.75134 2.648
2454233.75509 2.621
2454233.75874 2.644
2454233.76247 2.67
2454233.7662 2.657
2454233.76992 2.647
2454233.77358 2.719
2454233.77993 2.756
2454233.78364 2.833
2454233.78735 2.768
2454233.79108 2.781
2454233.79481 2.716
2454233.79854 2.79
2454233.80227 2.679
2454233.806 2.612
2454233.80964 2.666
2454233.81337 2.586
2454233.81988 2.65
2454233.8236 2.599
2454233.82727 2.619
2454233.83472 2.697
2454233.83846 2.758
2454233.8422 2.882
2454233.84968 2.861
2454233.85342 2.802
2454233.86011 2.664
2454233.86386 2.618
2454233.8676 2.558
2454233.87132 2.6
2454233.87506 2.601
2454233.87877 2.597
2454233.88249 2.648
