2455369.66586 2.867
2455369.66879 2.831
2455369.67172 2.757
2455369.67465 2.685
2455369.67758 2.686
2455369.68052 2.696
2455369.68344 2.673
2455369.68638 2.589
2455369.6937 2.69
2455369.69664 2.627
2455369.7025 2.782
2455369.70837 2.811
2455369.71424 2.832
2455369.71717 2.859
2455369.72011 2.919
2455369.72748 2.892
2455369.73041 2.85
2455369.76771 2.522
2455369.77069 2.562
2455369.77366 2.626
2455369.77663 2.685
2455369.7796 2.755
2455369.78258 2.767
2455369.79585 2.718
2455369.79881 2.641
2455369.80178 2.58
2455369.80477 2.565
2455369.80775 2.563
2455369.83014 2.642
2455369.83311 2.666
2455369.83608 2.672
2455369.83905 2.69
2455369.845 2.73
2455369.84798 2.76
2455369.85097 2.747
2455369.85395 2.717
2455369.85692 2.732
2455369.86428 2.682
2455369.86726 2.642
2455369.87023 2.644
2455369.87914 2.536
2455369.88213 2.53
2455369.88512 2.521
2455369.89846 2.587
2455369.90145 2.668
2455369.90443 2.749
2455369.90741 2.803
2455369.91633 2.743
2455369.9193 2.7
2455369.92228 2.641
2455369.92525 2.629
2455369.93271 2.547
