2454232.6367 1.828
2454232.64037 1.85
2454232.65145 1.936
2454232.66119 1.979
2454232.66485 2.028
2454232.67588 2.1
2454232.68323 2.09
2454232.6869 2.064
2454232.69057 1.953
2454232.69425 1.985
2454232.70274 1.881
2454232.70619 1.894
2454232.70981 1.851
2454232.71348 1.812
2454232.71716 1.816
2454232.72082 1.883
2454232.72452 1.937
2454232.7282 1.996
2454232.73188 1.968
2454232.73555 2.052
2454232.74944 1.892
2454232.75305 1.855
2454232.75666 1.857
2454232.76026 1.872
2454232.76387 1.844
2454232.76747 1.885
2454232.77465 1.923
2454232.77812 1.968
2454232.78757 2.001
2454232.79125 1.997
2454232.79492 2.001
2454232.80224 1.963
2454232.80591 1.969
2454232.80957 1.96
2454232.81325 1.935
2454232.81692 1.933
2454232.82058 1.929
2454232.82944 1.826
2454232.83311 1.797
2454232.84783 1.902
2454232.85152 2.047
2454232.85518 2.128
2454232.85888 2.066
2454232.86255 2.081
2454232.87229 2.054
2454232.87596 1.907
2454232.88332 1.866
2454232.887 1.849
