2456533.72332 16.644
2456533.72639 16.6
2456533.72944 16.519
2456533.7325 16.489
2456533.73556 16.45
2456533.73862 16.435
2456533.74168 16.399
2456533.74474 16.399
2456533.7478 16.386
2456533.75086 16.39
2456533.75733 16.434
2456533.76039 16.445
2456533.76345 16.465
2456533.76651 16.504
2456533.76956 16.531
2456533.77262 16.549
2456533.77568 16.594
2456533.77874 16.618
2456533.7818 16.628
2456533.78486 16.596
2456533.79459 16.525
2456533.79765 16.483
2456533.80071 16.483
2456533.80379 16.445
2456533.80685 16.474
2456533.80992 16.439
2456533.81298 16.397
2456533.81603 16.398
2456533.81909 16.406
2456533.82216 16.405
2456533.82873 16.466
2456533.83179 16.493
2456533.83485 16.548
2456533.84096 16.664
2456533.84403 16.64
2456533.84709 16.648
2456533.85014 16.611
2456533.8532 16.585
2456533.85628 16.54
2456533.86685 16.443
2456533.86991 16.436
2456533.87298 16.449
2456533.87603 16.481
2456533.87909 16.505
2456533.88216 16.517
2456533.88522 16.506
2456533.90086 16.587
2456533.90392 16.64
2456533.907 16.621
2456533.91007 16.632
2456533.91314 16.655
2456533.91619 16.596
2456533.91926 16.558
2456533.92232 16.516
2456533.92538 16.488
2456533.92844 16.472
2456533.93981 16.411
2456533.94287 16.388
2456533.94592 16.376
2456533.95511 16.484
2456533.96123 16.608
2456533.9643 16.677
2456533.96735 16.644
2456533.97373 16.6
2456533.97679 16.555
2456533.97985 16.523
2456533.98291 16.429
2456533.98597 16.397
2456533.98903 16.364
2456533.99209 16.374
2456533.99515 16.381
2456533.99822 16.458
2456534.00802 16.449
2456534.01108 16.503
2456534.01414 16.513
