2452973.60289 14.168
2452973.60642 14.134
2452973.60819 14.122
2452973.60994 14.122
2452973.61168 14.084
2452973.61345 14.126
2452973.61693 14.073
2452973.61867 14.106
2452973.62701 14.129
2452973.62879 14.127
2452973.63058 14.147
2452973.66567 14.165
2452973.66924 14.161
2452973.67101 14.152
2452973.6728 14.152
2452973.67458 14.172
2452973.67636 14.151
2452973.67815 14.116
2452973.67993 14.144
2452973.68171 14.123
2452973.68832 14.126
2452973.6901 14.146
2452973.69189 14.165
2452973.69368 14.157
2452973.69546 14.162
2452973.69724 14.212
2452973.69903 14.194
2452973.70081 14.208
2452973.70259 14.247
2452973.70437 14.231
2452973.70615 14.201
2452973.70794 14.232
2452973.7115 14.183
2452973.71328 14.147
2452973.71988 14.087
2452973.72166 14.094
2452973.72344 14.09
2452973.72522 14.069
2452973.727 14.07
2452973.72878 14.086
2452973.73056 14.095
2452973.73235 14.073
2452973.73412 14.079
2452973.7359 14.09
2452973.73768 14.122
2452973.73946 14.106
2452973.74124 14.132
2452973.74302 14.129
2452973.7448 14.165
2452973.75139 14.227
2452973.75316 14.245
2452973.75494 14.256
2452973.75672 14.222
2452973.75851 14.176
2452973.76029 14.192
2452973.76208 14.195
2452973.76386 14.185
2452973.76564 14.187
2452973.76742 14.218
2452973.7692 14.188
2452973.77099 14.184
2452973.77277 14.168
2452973.77456 14.144
2452973.77635 14.137
2452973.78294 14.116
2452973.78473 14.111
2452973.7865 14.104
2452973.78828 14.1
2452973.79007 14.122
2452973.79186 14.114
2452973.79365 14.105
2452973.79543 14.112
2452973.79722 14.127
2452973.80256 14.167
2452973.80435 14.16
2452973.80613 14.18
2452973.80791 14.188
2452973.81451 14.194
2452973.81629 14.183
2452973.81808 14.163
2452973.81986 14.169
2452973.82164 14.116
2452973.82341 14.121
2452973.83056 14.055
2452973.83234 14.076
2452973.83413 14.06
2452973.83591 14.051
2452973.8377 14.076
2452973.83948 14.08
