2452972.57788 14.202
2452972.58149 14.2
2452972.58331 14.182
2452972.58512 14.214
2452972.58694 14.199
2452972.59236 14.166
2452972.59414 14.156
2452972.59593 14.144
2452972.59771 14.118
2452972.59945 14.116
2452972.6057 14.129
2452972.60745 14.118
2452972.6092 14.118
2452972.61096 14.129
2452972.61273 14.132
2452972.61452 14.14
2452972.6163 14.136
2452972.61809 14.15
2452972.61987 14.15
2452972.62165 14.153
2452972.62344 14.19
2452972.62522 14.214
2452972.62701 14.21
2452972.62879 14.209
2452972.63058 14.222
2452972.63718 14.166
2452972.63897 14.144
2452972.64075 14.11
2452972.64253 14.099
2452972.6461 14.076
2452972.64788 14.073
2452972.64966 14.091
2452972.6514 14.078
2452972.65319 14.073
2452972.65496 14.059
2452972.65674 14.075
2452972.65853 14.101
2452972.66031 14.095
2452972.66209 14.104
2452972.66853 14.155
2452972.67031 14.17
2452972.6721 14.18
2452972.67388 14.198
2452972.67567 14.218
2452972.67746 14.251
2452972.68101 14.217
2452972.6828 14.188
2452972.68814 14.168
2452972.70007 14.117
2452972.70185 14.112
2452972.70363 14.107
2452972.70547 14.102
2452972.70726 14.116
2452972.70905 14.08
2452972.71083 14.109
2452972.71262 14.118
2452972.7144 14.105
2452972.71619 14.111
2452972.71797 14.126
2452972.71976 14.124
2452972.72155 14.13
2452972.72333 14.145
2452972.7251 14.147
2452972.73171 14.188
2452972.7335 14.231
2452972.73527 14.206
2452972.73882 14.189
2452972.74061 14.192
2452972.74235 14.169
2452972.74409 14.151
2452972.74583 14.128
2452972.74757 14.111
2452972.74931 14.076
2452972.75105 14.093
2452972.75454 14.049
2452972.75633 14.059
2452972.76292 14.068
2452972.7647 14.054
2452972.76648 14.072
2452972.76826 14.08
2452972.77004 14.078
2452972.77178 14.108
2452972.77352 14.127
2452972.77527 14.141
2452972.77702 14.155
2452972.7788 14.172
2452972.78058 14.2
2452972.78236 14.213
2452972.78414 14.226
2452972.78592 14.248
2452972.7877 14.227
2452972.7961 14.187
2452972.79788 14.188
2452972.79966 14.197
2452972.80145 14.196
2452972.80324 14.162
2452972.80502 14.165
2452972.8068 14.124
2452972.80858 14.138
2452972.81037 14.121
2452972.81215 14.094
2452972.81395 14.1
2452972.81752 14.083
2452972.81931 14.107
2452972.82596 14.121
2452972.82774 14.131
2452972.82952 14.125
2452972.8313 14.138
2452972.83309 14.162
2452972.83487 14.173
2452972.83666 14.159
2452972.83843 14.192
2452972.84022 14.196
2452972.842 14.198
2452972.84379 14.221
2452972.84558 14.206
2452972.84736 14.175
2452972.84914 14.166
2452972.85093 14.144
2452972.85755 14.096
2452972.85934 14.093
2452972.86111 14.078
2452972.8629 14.085
2452972.86468 14.051
2452972.86646 14.059
2452972.86825 14.074
2452972.87003 14.093
2452972.8736 14.092
2452972.87539 14.074
2452972.87716 14.111
2452972.87895 14.147
2452972.88073 14.122
2452972.88252 14.149
2452972.88911 14.233
2452972.89089 14.227
2452972.89268 14.215
2452972.89447 14.227
