2455449.60038 16.93
2455449.60341 16.893
2455449.60944 16.867
2455449.61246 16.853
2455449.63533 16.909
2455449.63835 16.989
2455449.64136 17.089
2455449.64437 17.179
2455449.64738 17.186
2455449.6504 17.23
2455449.65341 17.246
2455449.65643 17.25
2455449.66952 17.035
2455449.67255 17.075
2455449.67556 16.973
2455449.67858 16.933
2455449.68159 16.875
2455449.6846 16.853
2455449.68762 16.808
2455449.69063 16.799
2455449.69364 16.806
2455449.69667 16.83
2455449.70348 16.813
2455449.70651 16.925
2455449.70954 16.9
2455449.71256 16.925
2455449.71557 17.052
2455449.71859 17.198
2455449.72157 17.161
2455449.74945 16.926
2455449.75249 16.962
2455449.75551 16.918
2455449.75854 16.79
2455449.76158 16.802
2455449.7646 16.786
2455449.77167 16.776
2455449.77468 16.822
2455449.77772 16.814
2455449.78075 16.972
2455449.78378 16.953
2455449.78679 16.958
2455449.78983 17.118
2455449.79286 17.102
2455449.7959 17.211
2455449.79892 17.214
2455449.83024 16.866
2455449.83325 16.829
2455449.84045 16.817
2455449.84346 16.797
2455449.84951 16.794
2455449.85253 16.805
2455449.85554 16.861
2455449.86162 16.91
2455449.86466 16.962
2455449.86768 17.012
2455449.8778 17.248
2455449.88081 17.16
2455449.88383 17.167
2455449.88685 17.08
2455449.88987 17.074
2455449.89291 16.973
2455449.89596 16.911
2455449.89897 16.912
2455449.90199 16.828
2455449.93027 16.845
2455449.93328 16.874
2455449.9363 16.906
2455449.94348 17.136
2455449.94652 17.16
2455449.94956 17.264
