2455446.6081 17.19
2455446.61108 17.141
2455446.61409 17.142
2455446.61708 17.118
2455446.62006 17.072
2455446.62306 16.987
2455446.62605 16.927
2455446.62905 16.888
2455446.63205 16.862
2455446.63908 16.858
2455446.64208 16.836
2455446.64506 16.829
2455446.64805 16.851
2455446.65402 16.885
2455446.65701 16.923
2455446.66001 16.946
2455446.66299 16.989
2455446.68795 17.157
2455446.69094 17.103
2455446.69394 17.021
2455446.69694 16.96
2455446.69994 16.911
2455446.70666 16.891
2455446.70967 16.856
2455446.71266 16.822
2455446.71564 16.79
2455446.71862 16.758
2455446.72165 16.819
2455446.72463 16.794
2455446.72762 16.829
2455446.73061 16.898
2455446.7336 16.909
2455446.74037 17.062
2455446.74337 17.139
2455446.74637 17.215
2455446.75234 17.264
2455446.75532 17.213
2455446.76133 17.159
2455446.76434 17.158
2455446.76733 17.113
2455446.77433 16.929
2455446.77731 16.91
2455446.78329 16.859
2455446.7863 16.817
2455446.78929 16.818
2455446.79826 16.804
2455446.80126 16.84
2455446.80892 16.937
2455446.81192 17.023
2455446.81493 17.075
2455446.81792 17.173
2455446.82091 17.168
2455446.83588 17.289
2455446.84287 17.029
2455446.84586 17.019
2455446.85484 16.935
2455446.85785 16.841
2455446.86083 16.833
2455446.86383 16.845
2455446.86981 16.8
2455446.87683 16.886
2455446.88582 17.073
2455446.88881 17.036
2455446.8918 17.116
2455446.89479 17.242
2455446.91381 17.088
2455446.9168 17.078
2455446.91979 16.972
2455446.92279 16.917
2455446.92578 16.907
2455446.92877 16.861
2455446.93178 16.823
2455446.95078 16.877
2455446.95377 16.922
2455446.95676 17.015
2455446.95976 17.069
