2454267.99021 1.943
2454267.9919 1.958
2454268.0039 2.04
2454268.00698 2.018
2454268.02685 1.92
2454268.02993 1.934
2454268.04966 1.94
2454268.05274 1.949
2454268.07248 2.071
2454268.07556 2.038
2454268.09529 1.829
2454268.09837 1.835
2454268.1183 1.936
2454268.12138 2.004
2454268.14207 2.025
2454268.14515 2.008
2454268.16517 1.906
2454268.16825 1.894
2454268.18807 1.945
2454268.19115 1.975
2454268.21089 1.996
2454268.21397 1.967
2454268.23374 1.841
2454268.23683 1.89
2454268.2533 1.964
2454268.25708 1.98
2454268.26017 1.982
2454268.26485 2.03
2454268.26793 2.038
2454268.27168 2.047
2454268.27573 2.031
2454268.27951 1.992
2454268.2826 1.972
2454268.28737 1.963
2454268.29045 1.952
2454268.29421 1.933
2454268.29826 1.904
2454268.30203 1.876
2454268.3051 1.901
2454268.3098 1.879
2454268.31288 1.904
2454268.31662 1.927
2454268.32067 1.946
2454268.32441 1.991
