2453700.56537 -0.343
2453700.5673 -0.327
2453700.56924 -0.34
2453700.57353 -0.4
2453700.57546 -0.403
2453700.57739 -0.434
2453700.58164 -0.462
2453700.58358 -0.478
2453700.58551 -0.48
2453700.58979 -0.491
2453700.59173 -0.488
2453700.59366 -0.501
2453700.59794 -0.501
2453700.59987 -0.486
2453700.6018 -0.481
2453700.60612 -0.488
2453700.60806 -0.474
2453700.61001 -0.478
2453700.6143 -0.45
2453700.61624 -0.449
2453700.61817 -0.413
2453700.62246 -0.415
2453700.62439 -0.401
2453700.62633 -0.377
2453700.63068 -0.327
2453700.63261 -0.327
2453700.63454 -0.332
2453700.63885 -0.376
2453700.64078 -0.373
2453700.64272 -0.421
2453700.64937 -0.433
2453700.65132 -0.434
2453700.65325 -0.454
2453700.65753 -0.466
2453700.65946 -0.479
2453700.6614 -0.48
2453700.67585 -0.487
2453700.67779 -0.476
2453700.68205 -0.473
2453700.68399 -0.458
2453700.68592 -0.438
2453700.69223 -0.402
2453700.69416 -0.391
2453700.69848 -0.352
2453700.70042 -0.359
2453700.70236 -0.37
2453700.70659 -0.386
2453700.70853 -0.407
2453700.71046 -0.432
2453700.71474 -0.453
2453700.71668 -0.45
2453700.71861 -0.479
2453700.72291 -0.506
2453700.72485 -0.517
2453700.73368 -0.522
2453700.73561 -0.51
2453700.73754 -0.521
2453700.74571 -0.459
2453700.75003 -0.452
2453700.75196 -0.434
2453700.75391 -0.435
2453700.76016 -0.408
2453700.7621 -0.37
2453700.76642 -0.347
2453700.76836 -0.338
2453700.7703 -0.362
2453700.77458 -0.409
2453700.77652 -0.418
2453700.77846 -0.422
2453700.78274 -0.452
2453700.78467 -0.452
2453700.79091 -0.445
2453700.79284 -0.473
2453700.79478 -0.462
2453700.79907 -0.491
2453700.80102 -0.496
2453700.80295 -0.494
2453700.80726 -0.503
2453700.80919 -0.5
2453700.81112 -0.496
2453700.8178 -0.411
2453700.81975 -0.401
2453700.82169 -0.399
2453700.82598 -0.413
2453700.82791 -0.354
2453700.82984 -0.354
2453700.83415 -0.337
2453700.83608 -0.351
2453700.83801 -0.372
2453700.84223 -0.399
2453700.84417 -0.423
2453700.84612 -0.443
2453700.8504 -0.451
2453700.86673 -0.495
2453700.86867 -0.496
2453700.87061 -0.504
2453700.87682 -0.497
2453700.87876 -0.47
2453700.88304 -0.447
2453700.88498 -0.44
2453700.88691 -0.447
2453700.89123 -0.407
2453700.89317 -0.377
2453700.8951 -0.383
2453700.90175 -0.347
