2453697.575070 -0.504
2453697.579770 -0.525
2453697.609030 -0.496
2453697.613640 -0.500
2453697.620090 -0.481
2453697.624650 -0.436
2453697.634290 -0.541
2453697.638980 -0.524
2453697.645640 -0.568
2453697.650300 -0.578
2453697.672920 -0.570
2453697.679560 -0.517
2453697.684220 -0.505
2453697.693250 -0.422
2453697.697900 -0.447
2453697.704570 -0.499
2453697.709240 -0.514
2453697.715890 -0.550
2453697.720550 -0.613
2453697.727140 -0.563
2453697.732280 -0.576
2453697.736960 -0.568
2453697.743610 -0.540
2453697.748280 -0.509
2453697.754930 -0.462
2453697.759600 -0.445
2453697.766220 -0.485
2453697.770920 -0.516
2453697.777600 -0.553
2453697.782270 -0.577
2453697.788910 -0.595
2453697.793570 -0.585
2453697.800220 -0.585
2453697.804950 -0.564
2453697.811540 -0.508
2453697.816210 -0.511
2453697.822860 -0.452
2453697.827540 -0.418
2453697.834180 -0.457
2453697.838840 -0.483
2453697.848150 -0.535
2453697.852850 -0.533
2453697.859480 -0.567
2453697.864160 -0.586
2453697.870830 -0.545
2453697.875500 -0.524
2453697.882130 -0.496
2453697.886800 -0.462
2453697.893440 -0.415
2453697.898130 -0.436
2453697.904740 -0.481
2453697.909390 -0.513
2453697.927400 -0.548
2453697.932100 -0.552
