2454273.97514 1.186
2454273.99507 1.308
2454274.01535 1.321
2454274.03594 1.237
2454274.05663 1.252
2454274.077 1.341
2454274.09691 1.168
2454274.11728 1.241
2454274.13794 1.369
2454274.15869 1.257
2454274.17909 1.204
2454274.19894 1.346
2454274.21923 1.232
2454274.23549 1.159
2454274.25091 1.248
2454274.26053 1.273
2454274.26433 1.326
2454274.27288 1.402
2454274.28122 1.298
2454274.285 1.312
2454274.28923 1.286
2454274.29403 1.26
2454274.29777 1.212
2454274.30257 1.186
2454274.30633 1.174
2454274.31007 1.207
2454274.31453 1.212
2454274.31829 1.236
2454274.32207 1.245
