2454272.98439 1.022
2454272.98747 1.036
2454273.00738 1.127
2454273.01049 1.104
2454273.03031 0.942
2454273.03339 0.936
2454273.05317 1.041
2454273.05626 1.061
2454273.07619 1.153
2454273.07927 1.157
2454273.09925 1.011
2454273.10234 1.007
2454273.1222 1.045
2454273.12528 1.093
2454273.1452 1.094
2454273.14829 1.064
2454273.16813 0.935
2454273.1712 0.959
2454273.19102 1.056
2454273.1941 1.073
2454273.21384 1.078
2454273.21693 1.072
2454273.2299 1.011
2454273.23298 0.99
2454273.23763 0.985
2454273.24071 0.985
2454273.24446 0.981
2454273.24851 0.986
2454273.25228 1.01
2454273.25536 1.037
2454273.26002 1.079
2454273.26311 1.099
2454273.26686 1.126
2454273.2709 1.149
2454273.27465 1.124
2454273.27774 1.103
2454273.28251 1.024
2454273.28559 0.99
2454273.28934 0.956
2454273.2934 0.963
2454273.29714 0.935
2454273.30022 0.946
2454273.30488 0.952
2454273.30796 0.984
2454273.31173 0.987
2454273.31578 0.998
2454273.31955 1.013
2454273.32263 1.019
