2453123.667240 +0.786
2453123.669103 +0.778
2453123.670885 +0.764
2453123.672760 +0.736
2453123.676233 +0.708
2453123.680492 +0.704
2453123.684172 +0.701
2453123.689740 +0.698
2453123.693490 +0.698
2453123.699068 +0.706
2453123.700909 +0.718
2453123.703119 +0.724
2453123.704971 +0.720
2453123.719902 +0.803
2453123.722772 +0.842
2453123.724647 +0.842
2453123.727425 +0.817
2453123.729288 +0.822
2453123.734335 +0.795
2453123.736175 +0.798
2453123.738038 +0.790
2453123.739902 +0.792
2453123.741765 +0.780
2453123.746267 +0.760
2453123.748119 +0.759
2453123.752818 +0.755
2453123.759404 +0.752
2453123.761175 +0.745
2453123.763096 +0.736
2453123.767274 +0.749
2453123.769126 +0.766
2453123.770978 +0.761
2453123.774670 +0.778
2453123.776510 +0.789
2453123.778339 +0.755
2453123.780203 +0.763
2453123.781997 +0.739
2453123.783837 +0.741
2453123.791406 +0.758
2453123.793270 +0.763
2453123.795122 +0.777
2453123.796985 +0.767
2453123.798848 +0.791
2453123.800700 +0.764
2453123.802552 +0.743
2453123.807274 +0.722
2453123.827101 +0.695
2453123.829960 +0.689
2453123.833686 +0.700
2453123.835550 +0.720
2453123.837367 +0.730
2453123.839219 +0.759
2453123.841036 +0.769
2453123.842899 +0.778
2453123.845561 +0.800
2453123.848756 +0.817
2453123.850619 +0.830
2453123.852471 +0.822
2453123.854335 +0.823
2453123.857205 +0.809
2453123.862876 +0.813
2453123.864728 +0.784
2453123.866730 +0.787
2453123.868571 +0.787
2453123.870446 +0.774
2453123.873420 +0.774
2453123.875284 +0.770
2453123.877182 +0.752
2453123.879034 +0.752
2453123.887853 +0.741
2453123.889647 +0.720
2453123.891534 +0.728
2453123.894983 +0.701
2453123.897193 +0.708
2453123.899300 +0.754
2453123.901152 +0.707
2453123.903003 +0.738
2453123.904855 +0.748
2453123.907807 +0.774
2453123.910677 +0.780
2453123.913582 +0.766
2453123.921904 +0.787
2453123.925133 +0.799
2453123.928015 +0.797
2453123.930075 +0.783
2453123.933038 +0.781
2453123.935758 +0.783
