2454264.01293 1.561
2454264.01601 1.518
2454264.03578 1.452
2454264.03887 1.458
2454264.05858 1.565
2454264.06166 1.612
2454264.08142 1.484
2454264.0845 1.497
2454264.10431 1.446
2454264.10738 1.494
2454264.12726 1.564
2454264.13035 1.602
2454264.15027 1.531
2454264.15335 1.506
2454264.17313 1.452
2454264.1762 1.457
2454264.196 1.584
2454264.19907 1.615
2454264.2188 1.429
2454264.22189 1.412
2454264.24166 1.463
2454264.24475 1.486
2454264.25722 1.538
2454264.2603 1.58
2454264.29965 1.431
2454264.30273 1.413
2454264.31426 1.458
2454264.31736 1.48
