2453697.57978 -0.504
2453697.58448 -0.525
2453697.61374 -0.496
2453697.61835 -0.5
2453697.6248 -0.481
2453697.62936 -0.436
2453697.64369 -0.524
2453697.65035 -0.568
2453697.65501 -0.578
2453697.67763 -0.57
2453697.68427 -0.517
2453697.68893 -0.505
2453697.69796 -0.422
2453697.70261 -0.447
2453697.70928 -0.499
2453697.71395 -0.514
2453697.7206 -0.55
2453697.73185 -0.563
2453697.73699 -0.576
2453697.74167 -0.568
2453697.74832 -0.54
2453697.75299 -0.509
2453697.75964 -0.462
2453697.76431 -0.445
2453697.77093 -0.485
2453697.77563 -0.516
2453697.78232 -0.553
2453697.78698 -0.577
2453697.79362 -0.595
2453697.79828 -0.585
2453697.80493 -0.585
2453697.80966 -0.564
2453697.81625 -0.508
2453697.82092 -0.511
2453697.82757 -0.452
2453697.83225 -0.418
2453697.83889 -0.457
2453697.84355 -0.483
2453697.85286 -0.535
2453697.85756 -0.533
2453697.86419 -0.567
2453697.86887 -0.586
2453697.87554 -0.545
2453697.88021 -0.524
2453697.88684 -0.496
2453697.89151 -0.462
2453697.89815 -0.415
2453697.90284 -0.436
2453697.90945 -0.481
2453697.9141 -0.513
2453697.93211 -0.548
2453697.93681 -0.552
