2454594.93589 2.207
2454594.93733 2.196
2454594.93877 2.16
2454594.94164 2.22
2454594.94714 2.152
2454594.95768 2.21
2454594.95912 2.19
2454594.96056 2.14
2454594.96201 2.172
2454594.96344 2.108
2454594.96903 2.053
2454594.9719 2.082
2454594.97334 2.112
2454594.97478 2.103
2454594.98029 2.094
2454594.98173 2.141
2454594.98317 2.111
2454594.9846 2.142
2454594.98604 2.159
2454594.9915 2.156
2454594.99294 2.096
2454594.99439 2.06
2454594.99584 2.13
2454594.99729 2.083
2454595.00285 2.072
2454595.00429 2.153
2454595.00573 2.111
2454595.00717 2.217
2454595.0086 2.119
2454595.01412 2.19
2454595.01555 2.23
2454595.01699 2.212
2454595.01986 2.202
2454595.037 2.103
2454595.03844 2.151
2454595.03988 2.093
2454595.04683 2.032
2454595.04827 2.071
2454595.04971 2.01
2454595.05114 2.03
2454595.05258 2.066
2454595.17521 2.08
2454595.17665 2.049
2454595.17809 2.065
2454595.17953 2.071
2454595.18096 2.08
2454595.18793 2.122
2454595.18937 2.124
2454595.19081 2.112
2454595.19225 2.119
2454595.19368 2.172
2454595.20067 2.158
2454595.20211 2.21
2454595.20355 2.122
2454595.20499 2.162
2454595.20643 2.187
2454595.21339 2.12
2454595.21483 2.147
2454595.21627 2.113
2454595.21771 2.118
2454595.21915 2.119
2454595.22615 2.095
2454595.22759 2.041
2454595.22903 2.068
2454595.23046 2.062
2454595.2319 2.056
2454595.23887 2.047
2454595.24031 2.043
2454595.24175 2.054
2454595.24319 2.038
2454595.24463 2.064
2454595.25162 2.088
2454595.25306 2.061
2454595.2545 2.117
2454595.25594 2.093
2454595.25738 2.126
2454595.26437 2.164
2454595.26581 2.16
2454595.26725 2.171
2454595.26868 2.172
2454595.27012 2.197
2454595.2771 2.198
2454595.27854 2.106
2454595.27998 2.154
2454595.28142 2.163
2454595.28286 2.17
2454595.28986 2.115
2454595.2913 2.137
2454595.29274 2.086
2454595.29418 2.06
2454595.29562 2.086
2454595.30272 2.061
2454595.30416 2.061
2454595.3056 2.063
2454595.30704 2.044
2454595.30848 2.03
2454595.31553 2.068
2454595.31697 2.053
2454595.31842 2.033
2454595.31986 2.049
2454595.3213 2.076
