2454588.95747 1.867
2454588.96462 1.763
2454588.98119 1.794
2454588.98721 1.74
2454588.98801 1.738
2454588.99403 1.694
2454588.99483 1.742
2454589.00086 1.718
2454589.00766 1.775
2454589.00846 1.759
2454589.01448 1.869
2454589.01528 1.889
2454589.02128 1.882
2454589.02208 1.835
2454589.03745 1.853
2454589.04808 1.706
2454589.04888 1.739
2454589.05494 1.695
2454589.05574 1.699
2454589.0618 1.788
2454589.0626 1.833
2454589.06861 1.754
2454589.06941 1.816
2454589.07628 1.799
2454589.08307 1.888
2454589.0899 1.876
2454589.09597 1.885
2454589.09677 1.778
2454589.10279 1.738
2454589.10359 1.758
2454589.10744 1.739
2454589.10824 1.726
2454589.1166 1.726
2454589.1181 1.816
2454589.1196 1.714
2454589.1211 1.71
2454589.12259 1.725
2454589.12459 1.733
2454589.12608 1.816
2454589.20989 1.744
2454589.21069 1.746
2454589.25037 1.835
2454589.25117 1.813
2454589.27056 1.816
2454589.27136 1.82
2454589.29082 1.765
2454589.29162 1.826
2454589.31185 1.705
