2456306.65509 16.415
2456306.65792 16.408
2456306.66358 16.404
2456306.66641 16.393
2456306.7006 16.342
2456306.70343 16.341
2456306.71789 16.304
2456306.7888 16.265
2456306.79164 16.275
2456306.79448 16.292
2456306.79732 16.32
2456306.80015 16.333
2456306.80299 16.354
2456306.8411 16.31
2456306.84393 16.265
2456306.91742 16.351
2456306.92308 16.378
2456306.9259 16.399
2456306.92873 16.405
2456306.93156 16.401
2456306.93438 16.375
2456306.93721 16.365
2456306.94004 16.351
2456306.94286 16.358
2456306.94569 16.347
2456306.95417 16.321
2456306.957 16.346
2456306.95982 16.371
2456306.96265 16.381
2456306.96548 16.403
2456306.9683 16.411
2456306.97113 16.426
2456306.97396 16.415
2456306.97678 16.419
2456306.97961 16.4
2456306.98244 16.395
2456306.98526 16.388
2456306.98809 16.375
2456306.99092 16.368
2456306.99375 16.362
2456306.99657 16.331
2456306.9994 16.325
2456307.00788 16.302
2456307.01071 16.318
2456307.01353 16.357
2456307.01636 16.364
