2456309.56226 16.371
2456309.57142 16.372
2456309.57755 16.378
2456309.58622 16.359
2456309.58928 16.355
2456309.59233 16.329
2456309.5954 16.307
2456309.59847 16.312
2456309.60156 16.331
2456309.6046 16.353
2456309.60767 16.376
2456309.61073 16.361
2456309.61378 16.377
2456309.62364 16.418
2456309.62669 16.43
2456309.62974 16.41
2456309.63279 16.403
2456309.66276 16.388
2456309.66581 16.406
2456309.66886 16.426
2456309.67191 16.422
2456309.68109 16.424
2456309.68415 16.422
2456309.68721 16.373
2456309.69574 16.367
2456309.6988 16.368
2456309.70184 16.355
2456309.70491 16.329
2456309.70797 16.341
2456309.71407 16.382
2456309.71713 16.39
2456309.72019 16.386
2456309.72323 16.401
2456309.73183 16.375
2456309.7349 16.376
2456309.73796 16.366
2456309.74103 16.362
2456309.74408 16.365
2456309.74714 16.341
2456309.7502 16.331
2456309.75322 16.33
2456309.75628 16.299
2456309.75934 16.304
2456309.76794 16.334
2456309.77101 16.348
2456309.77405 16.376
2456309.77711 16.372
2456309.78017 16.363
2456309.78319 16.399
2456309.78625 16.388
2456309.78932 16.375
2456309.79239 16.383
2456309.79545 16.359
2456309.80376 16.36
2456309.80681 16.36
2456309.80989 16.356
2456309.81292 16.314
2456309.81598 16.339
2456309.81906 16.342
2456309.8221 16.363
2456309.82513 16.37
2456309.82818 16.392
2456309.83124 16.39
2456309.84 16.424
2456309.84305 16.396
2456309.84613 16.389
2456309.84918 16.376
2456309.85224 16.365
2456309.85529 16.334
2456309.85834 16.362
2456309.8614 16.324
2456309.86447 16.322
2456309.86753 16.314
2456309.87643 16.342
2456309.87949 16.376
2456309.88256 16.38
2456309.88562 16.395
2456309.89783 16.367
2456309.90089 16.402
2456309.90395 16.407
2456309.91225 16.394
2456309.91532 16.373
2456309.91837 16.348
2456309.9245 16.384
2456309.92756 16.409
2456309.93064 16.411
2456309.9337 16.429
2456309.93676 16.437
2456309.94854 16.461
2456309.9516 16.446
2456309.95466 16.452
2456309.95772 16.434
2456309.96079 16.426
2456309.96692 16.406
2456309.96999 16.387
2456309.98464 16.393
