2456304.71052 16.419
2456304.71352 16.395
2456304.71653 16.39
2456304.71954 16.388
2456304.72255 16.413
2456304.72557 16.397
2456304.72863 16.397
2456304.73167 16.37
2456304.73469 16.375
2456304.73773 16.383
2456304.74685 16.411
2456304.74987 16.405
2456304.75289 16.421
2456304.75592 16.378
2456304.75893 16.395
2456304.76196 16.444
2456304.765 16.431
2456304.76804 16.418
2456304.77108 16.399
2456304.77409 16.413
2456304.79092 16.372
2456304.79399 16.35
2456304.79703 16.359
2456304.80007 16.386
2456304.80311 16.409
2456304.80614 16.409
2456304.80919 16.428
2456304.81224 16.422
2456304.82801 16.398
2456304.83407 16.436
2456304.8371 16.412
2456304.84015 16.417
2456304.84318 16.395
2456304.84622 16.408
2456304.84926 16.398
2456304.85912 16.431
2456304.86216 16.447
2456304.86518 16.444
2456304.86822 16.428
2456304.87125 16.438
2456304.87429 16.446
2456304.87732 16.441
2456304.88035 16.432
2456304.9614 16.373
2456304.97067 16.394
2456304.97371 16.384
2456304.97676 16.403
2456304.97979 16.383
2456304.98282 16.387
2456304.98585 16.364
2456304.9889 16.37
2456304.99194 16.338
2456304.99496 16.344
2456304.998 16.325
