2455360.8794 4.401
2455360.88221 4.405
2455360.885 4.347
2455360.89257 4.491
2455360.89538 4.391
2455360.89823 4.408
2455360.90573 4.417
2455360.90851 4.309
2455360.91132 4.457
2455360.91895 4.341
2455360.92173 4.323
2455360.92469 4.398
2455360.93219 4.427
2455360.93495 4.368
2455360.93777 4.419
2455360.94532 4.374
2455360.9481 4.396
2455360.95091 4.391
2455360.95861 4.409
2455360.96138 4.392
2455360.96421 4.346
2455360.97222 4.342
2455360.97499 4.317
2455360.97779 4.382
2455360.98556 4.408
2455360.98831 4.424
2455360.99122 4.429
2455360.99865 4.474
2455361.0014 4.405
2455361.00421 4.455
2455361.01199 4.416
2455361.01483 4.375
2455361.01763 4.401
2455361.02545 4.482
2455361.02825 4.443
2455361.03103 4.455
2455361.03847 4.556
2455361.04124 4.453
2455361.04402 4.567
2455361.05122 4.529
2455361.05404 4.505
2455361.05684 4.548
2455361.07463 4.502
2455361.07742 4.505
2455361.08028 4.435
2455361.09784 4.56
2455361.10061 4.456
2455361.10341 4.502
2455361.12101 4.505
2455361.12391 4.437
2455361.12668 4.477
2455361.14373 4.555
2455361.14655 4.522
2455361.14931 4.596
2455361.16363 4.451
2455361.16651 4.474
2455361.16932 4.48
2455361.18339 4.455
2455361.18623 4.423
2455361.18907 4.455
2455361.20302 4.561
2455361.2058 4.75
2455361.20861 4.641
2455361.22322 4.564
2455361.22622 4.466
2455361.22911 4.444
2455361.24302 4.414
2455361.2459 4.32
2455361.24869 4.563
