2456095.64811 15.892
2456095.65405 15.886
2456095.65701 15.869
2456095.65998 15.89
2456095.66295 15.877
2456095.66592 15.89
2456095.66889 15.894
2456095.67187 15.896
2456095.67484 15.917
2456095.69672 15.961
2456095.70266 15.932
2456095.70564 15.899
2456095.70861 15.886
2456095.71583 15.932
2456095.71881 15.918
2456095.72178 15.937
2456095.72474 15.965
2456095.73069 16.028
2456095.73366 16.039
2456095.73663 16.007
2456095.74258 15.986
2456095.74986 15.963
2456095.75284 15.937
2456095.7558 15.919
2456095.75877 15.933
2456095.76174 15.868
2456095.76471 15.856
2456095.78376 15.949
2456095.78972 15.957
2456095.79567 15.905
2456095.79865 15.924
2456095.80162 15.976
2456095.80459 15.958
2456095.81719 15.937
2456095.82017 15.94
2456095.82314 15.889
2456095.82611 15.91
2456095.82908 15.879
2456095.85399 15.987
2456095.85696 15.955
2456095.89256 15.914
2456095.89553 15.933
2456095.8985 15.913
2456095.90147 15.943
2456095.90444 15.899
2456095.90741 15.928
2456095.91038 15.904
2456095.91335 15.949
2456095.91632 15.892
2456095.91929 15.897
