2456091.65732 16.045
2456091.66029 16.003
2456091.66326 16.011
2456091.66623 15.986
2456091.66919 15.987
2456091.67216 16.005
2456091.6781 15.998
2456091.68106 16.001
2456091.68859 16.063
2456091.69156 16.025
2456091.69452 16.059
2456091.69749 16.035
2456091.70046 16.034
2456091.70342 16.031
2456091.70639 16.052
2456091.70935 16.026
2456091.71233 16.035
2456091.7153 16.033
2456091.72236 16.046
2456091.72534 16.028
2456091.7283 16.032
2456091.73128 16.023
2456091.73425 16.04
2456091.73722 16.037
2456091.74019 16.09
2456091.74316 16.114
2456091.74613 16.114
2456091.7561 16.089
2456091.75907 16.046
2456091.76204 16.05
2456091.76502 15.996
2456091.76799 16.006
2456091.77095 15.985
2456091.77392 15.987
2456091.7769 16.008
2456091.77988 16.003
2456091.78285 16.016
2456091.78996 16.06
2456091.79293 16.054
2456091.79591 16.051
2456091.79889 16.044
2456091.80185 16.026
2456091.80482 16.042
2456091.8078 16.006
2456091.81077 16.021
2456091.81373 16.001
2456091.81671 16.012
2456091.82365 16.018
2456091.82661 16.031
2456091.82958 15.997
2456091.83255 16.018
2456091.83552 16.02
2456091.83848 16.037
2456091.84145 16.017
2456091.84443 16.055
2456091.84742 16.022
2456091.85039 16.053
2456091.85719 16.074
2456091.86313 16.098
2456091.8661 16.095
2456091.86907 16.064
2456091.87203 16.058
2456091.89073 15.997
2456091.8937 16.023
2456091.89666 16.015
2456091.89963 16.055
2456091.9026 16.024
2456091.90558 16.002
2456091.91448 15.996
2456091.91745 16.031
2456091.92462 16.028
2456091.92759 16.047
2456091.93056 16.028
