2456735.623915 +14.634
2456735.625144 +14.614
2456735.626387 +14.620
2456735.627619 +14.600
2456735.628846 +14.600
2456735.630080 +14.584
2456735.631313 +14.558
2456735.632544 +14.562
2456735.633775 +14.545
2456735.635002 +14.531
2456735.636240 +14.516
2456735.637471 +14.519
2456735.638704 +14.516
2456735.639937 +14.493
2456735.641170 +14.490
2456735.642400 +14.483
2456735.643633 +14.492
2456735.644873 +14.488
2456735.646104 +14.490
2456735.647336 +14.520
2456735.650375 +14.502
2456735.652843 +14.507
2456735.654075 +14.508
2456735.655309 +14.499
2456735.656552 +14.495
2456735.657783 +14.495
2456735.659012 +14.507
2456735.661478 +14.503
2456735.668875 +14.558
2456735.670114 +14.582
2456735.671345 +14.579
2456735.673809 +14.586
2456735.681162 +14.607
2456735.682396 +14.596
2456735.683625 +14.599
2456735.684855 +14.599
2456735.686084 +14.584
2456735.687324 +14.586
2456735.688559 +14.600
2456735.689791 +14.596
2456735.691031 +14.594
2456735.692262 +14.582
2456735.693492 +14.593
2456735.694719 +14.591
2456735.695947 +14.567
2456735.697182 +14.573
2456735.698412 +14.574
2456735.699645 +14.570
2456735.700888 +14.564
2456735.702125 +14.557
2456735.703356 +14.547
2456735.706407 +14.513
2456735.707641 +14.509
2456735.708881 +14.525
2456735.710113 +14.507
2456735.711342 +14.527
2456735.712582 +14.504
2456735.713815 +14.524
2456735.715045 +14.512
2456735.716277 +14.506
2456735.717513 +14.530
2456735.718743 +14.543
2456735.719977 +14.540
2456735.721211 +14.550
2456735.722440 +14.561
2456735.723667 +14.571
2456735.724898 +14.598
2456735.726132 +14.601
2456735.727365 +14.635
2456735.728597 +14.629
2456735.729842 +14.639
2456735.736069 +14.601
2456735.737304 +14.595
2456735.738540 +14.600
2456735.739777 +14.603
2456735.741020 +14.578
2456735.742251 +14.572
2456735.743488 +14.549
2456735.744724 +14.537
2456735.745955 +14.527
2456735.747194 +14.504
2456735.748435 +14.502
2456735.749670 +14.504
2456735.753365 +14.498
2456735.754599 +14.498
2456735.755832 +14.493
2456735.757074 +14.512
2456735.758305 +14.513
2456735.761199 +14.508
2456735.762431 +14.525
2456735.763661 +14.518
2456735.764891 +14.504
2456735.766137 +14.533
2456735.767367 +14.532
2456735.768596 +14.535
2456735.769827 +14.540
2456735.771066 +14.547
2456735.772299 +14.561
2456735.773527 +14.570
2456735.774759 +14.576
2456735.776001 +14.590
2456735.777228 +14.605
2456735.778472 +14.603
2456735.779706 +14.614
2456735.780935 +14.603
2456735.782171 +14.614
2456735.783413 +14.630
2456735.784643 +14.617
2456735.789140 +14.628
2456735.790371 +14.624
2456735.791610 +14.617
2456735.792844 +14.598
2456735.794076 +14.619
2456735.795307 +14.592
2456735.796546 +14.615
2456735.797776 +14.605
2456735.799008 +14.595
2456735.802707 +14.584
2456735.803936 +14.577
2456735.805176 +14.574
2456735.806403 +14.582
2456735.807644 +14.570
2456735.808885 +14.574
2456735.810114 +14.561
2456735.811344 +14.535
2456735.812573 +14.551
2456735.815467 +14.553
2456735.816706 +14.534
2456735.817934 +14.509
2456735.819167 +14.516
2456735.820407 +14.503
2456735.821636 +14.530
2456735.822867 +14.528
2456735.824100 +14.534
2456735.825339 +14.533
2456735.826569 +14.552
2456735.827799 +14.553
2456735.829043 +14.571
2456735.830270 +14.558
2456735.831503 +14.599
2456735.832735 +14.602
2456735.833970 +14.611
2456735.835204 +14.633
2456735.836434 +14.655
2456735.837668 +14.642
2456735.838901 +14.663
2456735.843658 +14.608
2456735.844889 +14.598
2456735.846122 +14.593
2456735.847354 +14.574
2456735.848599 +14.553
2456735.849829 +14.585
2456735.851058 +14.561
2456735.852289 +14.566
2456735.853529 +14.540
2456735.854758 +14.521
2456735.855988 +14.518
2456735.857231 +14.518
2456735.858461 +14.503
2456735.859694 +14.525
2456735.860920 +14.513
2456735.862155 +14.511
2456735.863387 +14.510
2456735.864617 +14.509
2456735.865843 +14.531
2456735.869989 +14.519
2456735.871223 +14.534
2456735.872451 +14.512
2456735.873677 +14.520
2456735.874914 +14.504
2456735.876144 +14.510
2456735.877379 +14.514
2456735.878609 +14.513
2456735.879843 +14.547
2456735.881075 +14.586
2456735.882305 +14.586
2456735.883537 +14.589
2456735.884772 +14.612
2456735.886006 +14.615
2456735.887240 +14.610
2456735.888478 +14.620
2456735.889708 +14.625
2456735.890935 +14.615
2456735.892165 +14.649
2456735.893404 +14.614
