2456097.685 16.071
2456097.69597 16.018
2456097.69964 16.014
2456097.70333 15.993
2456097.71066 16.037
2456097.71433 16.047
2456097.71801 16.074
2456097.72699 16.064
2456097.73065 16.04
2456097.73431 16.041
2456097.73797 16.042
2456097.74164 16.05
2456097.7453 16.056
2456097.74896 16.036
2456097.75264 16.029
2456097.7563 16.038
2456097.75997 16.025
2456097.76857 16.046
2456097.77223 16.021
2456097.77589 16.031
2456097.77956 16.095
2456097.78323 16.096
2456097.81377 16.011
2456097.81744 16.005
2456097.82478 15.99
2456097.82844 16.037
2456097.8321 16.043
2456097.84311 16.069
2456097.85147 16.079
2456097.85513 16.055
2456097.8588 16.016
2456097.86613 16.043
2456097.86983 16.02
2456097.87349 16.051
2456097.87716 16.054
2456097.88082 16.069
2456097.88448 16.104
2456097.89308 16.132
2456097.90043 16.057
2456097.90776 16.027
2456097.9151 16.012
2456097.91877 15.949
2456097.9261 15.982
