2454911.70315 -0.536
2454911.70491 -0.542
2454911.70667 -0.516
2454911.70844 -0.51
2454911.71021 -0.482
2454911.71198 -0.473
2454911.71375 -0.468
2454911.71552 -0.444
2454911.71728 -0.452
2454911.72082 -0.438
2454911.7226 -0.429
2454911.72436 -0.428
2454911.72612 -0.45
2454911.72789 -0.467
2454911.73178 -0.48
2454911.73353 -0.489
2454911.73529 -0.5
2454911.73704 -0.517
2454911.7388 -0.507
2454911.74058 -0.517
2454911.74234 -0.525
2454911.74412 -0.523
2454911.74589 -0.533
2454911.74765 -0.545
2454911.7494 -0.547
2454911.75117 -0.537
2454911.75293 -0.544
2454911.7547 -0.536
2454911.75646 -0.54
2454911.76034 -0.517
2454911.7621 -0.509
2454911.76387 -0.5
2454911.76563 -0.47
2454911.76738 -0.449
2454911.76914 -0.448
2454911.7709 -0.46
2454911.77265 -0.467
2454911.77441 -0.485
2454911.77616 -0.492
2454911.77794 -0.492
2454911.7797 -0.499
2454911.78145 -0.505
2454911.7832 -0.503
2454911.78495 -0.51
2454911.78898 -0.537
2454911.79072 -0.535
2454911.79246 -0.542
2454911.79421 -0.547
2454911.79596 -0.544
2454911.79771 -0.53
2454911.79946 -0.528
2454911.80122 -0.536
2454911.80297 -0.538
2454911.80649 -0.532
2454911.80825 -0.538
2454911.81003 -0.542
2454911.81178 -0.533
2454911.81355 -0.538
2454911.81744 -0.498
2454911.81919 -0.474
2454911.82096 -0.469
2454911.82272 -0.452
2454911.82449 -0.453
2454911.82624 -0.447
2454911.82799 -0.441
2454911.82974 -0.443
2454911.8315 -0.447
2454911.83325 -0.444
2454911.83502 -0.445
2454911.83678 -0.47
2454911.83854 -0.466
2454911.84031 -0.474
2454911.84208 -0.508
2454911.84594 -0.54
2454911.8477 -0.535
2454911.84946 -0.542
2454911.85123 -0.539
2454911.85298 -0.543
2454911.85473 -0.548
2454911.8565 -0.553
2454911.85827 -0.546
2454911.86003 -0.551
2454911.8618 -0.546
2454911.86534 -0.54
2454911.86711 -0.538
2454911.86887 -0.523
2454911.87062 -0.515
2454911.87467 -0.468
2454911.87641 -0.452
2454911.87817 -0.444
2454911.87994 -0.449
2454911.88169 -0.48
2454911.88345 -0.487
2454911.88521 -0.5
2454911.88697 -0.504
2454911.88873 -0.512
2454911.89049 -0.506
2454911.89225 -0.51
2454911.89401 -0.517
2454911.89929 -0.541
2454911.90338 -0.541
2454911.90514 -0.546
2454911.9069 -0.525
2454911.90867 -0.529
2454911.91043 -0.536
2454911.91393 -0.55
2454911.91569 -0.556
2454911.91745 -0.555
2454911.91922 -0.549
2454911.92098 -0.531
2454911.92274 -0.535
2454911.9245 -0.51
2454911.92627 -0.489
2454911.92803 -0.471
2454911.93214 -0.445
2454911.93388 -0.446
2454911.93564 -0.435
2454911.93739 -0.424
2454911.93916 -0.444
2454911.94092 -0.447
2454911.94269 -0.448
2454911.94446 -0.466
2454911.94799 -0.481
2454911.94976 -0.515
2454911.95152 -0.523
2454911.95327 -0.527
2454911.95504 -0.536
2454911.9568 -0.525
2454911.96166 -0.556
2454911.96342 -0.571
2454911.96518 -0.567
2454911.96696 -0.551
2454911.96873 -0.561
2454911.97049 -0.545
2454911.97226 -0.537
2454911.97403 -0.527
2454911.97579 -0.52
2454911.97756 -0.513
2454911.97932 -0.489
2454911.98108 -0.489
2454911.98285 -0.472
2454911.98461 -0.458
2454911.98638 -0.459
2454911.99047 -0.493
2454911.99223 -0.504
2454911.99399 -0.506
2454911.99575 -0.509
