2456096.65279 15.978
2456096.65576 15.975
2456096.66842 16.011
2456096.67139 16.002
2456096.67435 15.989
2456096.67732 15.997
2456096.68028 15.961
2456096.68326 15.944
2456096.68622 15.959
2456096.6892 15.976
2456096.69216 15.973
2456096.69942 16.027
2456096.70238 16.044
2456096.70535 16.069
2456096.70832 16.051
2456096.7113 16.054
2456096.71426 16.02
2456096.71724 16.011
2456096.72022 15.985
2456096.7232 15.974
2456096.72617 15.96
2456096.73347 15.953
2456096.73644 15.951
2456096.73943 15.974
2456096.74239 15.974
2456096.74532 15.972
2456096.74829 15.984
2456096.75127 15.984
2456096.75424 16.038
2456096.75722 16.021
2456096.7602 16.006
2456096.76782 16.018
2456096.77079 16.014
2456096.77376 16.014
2456096.77673 16.031
2456096.7797 16.019
2456096.78267 16.011
2456096.78564 16.011
2456096.78861 15.988
2456096.79158 15.973
2456096.79455 15.979
2456096.80197 15.993
2456096.80494 16.007
2456096.80791 16.028
2456096.81089 16.066
2456096.81386 16.073
2456096.81683 16.075
2456096.8198 16.069
2456096.82277 16.071
2456096.82575 16.044
2456096.82872 16.029
2456096.8355 15.967
2456096.83847 15.962
2456096.85033 15.95
2456096.85331 15.955
2456096.85628 15.969
2456096.85924 15.995
2456096.87506 15.979
2456096.88101 16.042
2456096.88399 16.029
2456096.88697 16.041
2456096.88995 16.025
2456096.89292 15.989
2456096.90302 15.975
2456096.906 15.98
2456096.91493 16.026
2456096.9179 16.015
2456096.92088 16.075
2456096.92679 16.064
2456096.92977 16.049
