2454382.674036 +0.426
2454382.680748 +0.370
2454382.687167 +0.346
2454382.693975 +0.327
2454382.700919 +0.366
2454382.715913 +0.452
2454382.729330 +0.240
2454382.736031 +0.191
2454382.743535 +0.228
2454382.750114 +0.271
2454382.756363 +0.343
2454382.762912 +0.332
2454382.774899 +0.255
2454382.781520 +0.318
2454382.788095 +0.347
2454382.794615 +0.312
2454382.800891 +0.427
2454382.808106 +0.391
2454382.842492 +0.318
2454382.848730 +0.355
2454382.855097 +0.345
2454382.861371 +0.304
2454382.867462 +0.272
2454382.873714 +0.200
2454382.880219 +0.223
2454382.886900 +0.332
2454382.895667 +0.417
