2455922.54524 16.201
2455922.54886 16.266
2455922.55248 16.34
2455922.55972 16.399
2455922.56334 16.517
2455922.56696 16.529
2455922.57058 16.65
2455922.5742 16.754
2455922.57781 16.893
2455922.58764 16.765
2455922.59126 16.648
2455922.59487 16.529
2455922.59846 16.439
2455922.60208 16.376
2455922.6057 16.254
2455922.60932 16.214
2455922.61295 16.164
2455922.61657 16.138
2455922.62019 16.148
2455922.63329 16.069
2455922.72638 16.12
2455922.73 16.08
2455922.73363 16.074
2455922.73725 16.056
2455922.74087 16.098
2455922.74448 16.088
2455922.74811 16.089
2455922.75172 16.054
2455922.75536 16.091
2455922.75899 16.102
2455922.76905 16.235
2455922.77268 16.295
2455922.77631 16.291
2455922.77992 16.395
2455922.78355 16.47
2455922.78715 16.521
2455922.80964 16.646
2455922.81325 16.581
2455922.81688 16.473
2455922.82049 16.399
2455922.82412 16.282
2455922.82773 16.214
2455922.83136 16.168
2455922.83495 16.119
2455922.83858 16.172
2455922.8422 16.106
2455922.85581 16.078
2455922.85943 16.103
2455922.86304 16.092
2455922.86663 16.112
2455922.87025 16.108
2455922.87386 16.206
2455922.89841 16.602
2455922.90564 16.861
2455922.90927 16.884
2455922.91287 16.835
2455922.91648 16.786
2455922.95819 16.08
2455922.96179 16.054
2455922.9785 16.141
2455922.9821 16.155
2455922.98571 16.157
2455922.98934 16.207
2455922.99295 16.227
2455922.99658 16.327
2455923.00018 16.34
2455923.0038 16.417
2455923.00744 16.445
