2454912.02809 0.823
2454912.03005 0.906
2454912.03169 0.933
2454912.0345 0.998
2454912.03644 1.063
2454912.03817 1.099
2454912.04097 1.218
2454912.04277 1.245
2454912.04477 1.261
2454912.04727 1.254
2454912.04898 1.216
2454912.05068 1.229
2454912.05317 1.14
2454912.05486 1.081
2454912.05656 1.034
2454912.0589 1.018
2454912.0606 0.969
2454912.0623 0.912
2454912.0673 0.868
2454912.06899 0.805
2454912.07068 0.776
2454912.07299 0.763
2454912.07468 0.718
2454912.07637 0.732
2454912.07869 0.711
2454912.08037 0.701
2454912.08207 0.719
2454912.08433 0.718
2454912.08602 0.747
2454912.08772 0.784
2454912.09 0.835
2454912.09169 0.864
2454912.09338 0.908
2454912.09567 1.008
2454912.09735 1.055
2454912.09905 1.153
2454912.10169 1.194
2454912.10339 1.215
2454912.10509 1.226
2454912.10742 1.258
2454912.11509 1.223
2454912.11678 1.257
2454912.11903 1.21
2454912.12063 1.186
2454912.12221 1.136
2454912.12434 1.051
2454912.12594 0.995
2454912.12755 0.935
2454912.12966 0.879
2454912.13126 0.824
2454912.13285 0.803
2454912.13504 0.761
2454912.13663 0.747
2454912.13823 0.709
2454912.14039 0.712
2454912.14198 0.693
2454912.14358 0.688
2454912.14573 0.711
2454912.14732 0.715
2454912.14891 0.734
2454912.15126 0.718
2454912.15285 0.748
2454912.15444 0.796
2454912.16306 0.882
2454912.16464 0.946
2454912.16624 1.009
2454912.16844 1.085
2454912.17004 1.127
2454912.17162 1.207
2454912.17407 1.234
2454912.17566 1.257
2454912.17726 1.198
2454912.17943 1.187
2454912.18104 1.175
2454912.18263 1.141
2454912.18512 1.082
2454912.18671 1.051
2454912.1883 1.025
2454912.19046 0.959
2454912.19206 0.893
2454912.19366 0.859
2454912.19582 0.8
2454912.19742 0.762
2454912.19901 0.763
2454912.20118 0.726
2454912.20278 0.726
2454912.2109 0.701
2454912.21304 0.708
2454912.21463 0.705
2454912.21623 0.709
2454912.21861 0.731
2454912.2202 0.746
2454912.22179 0.766
2454912.22397 0.823
2454912.22556 0.867
2454912.22715 0.92
2454912.22931 0.998
2454912.2309 1.072
2454912.23249 1.123
2454912.23463 1.18
2454912.23622 1.223
2454912.23781 1.204
2454912.23995 1.204
2454912.24155 1.236
2454912.24315 1.244
2454912.24531 1.217
2454912.25259 1.184
2454912.25447 1.153
2454912.25721 1.072
2454912.25909 0.989
2454912.26068 0.935
2454912.26339 0.898
2454912.26499 0.829
2454912.26721 0.78
2454912.2697 0.741
2454912.27129 0.713
2454912.27317 0.721
2454912.27586 0.685
2454912.27745 0.694
2454912.27933 0.685
2454912.28204 0.679
2454912.28363 0.681
2454912.28553 0.723
2454912.28841 0.746
2454912.29001 0.752
2454912.292 0.798
2454912.29457 0.847
2454912.29617 0.925
2454912.2981 0.953
2454912.3008 1.031
2454912.3024 1.058
