2454909.995 1.589
2454910.00499 1.585
2454910.01482 1.408
2454910.02453 1.175
2454910.03469 1.062
2454910.04465 1.101
2454910.05444 1.324
2454910.06439 1.612
2454910.07417 1.537
2454910.08412 1.32
2454910.09389 1.103
2454910.10376 1.079
2454910.11359 1.172
2454910.1234 1.446
2454910.133 1.604
2454910.14272 1.529
2454910.15225 1.239
2454910.16188 1.082
2454910.17184 1.05
2454910.18166 1.196
2454910.19157 1.505
2454910.20151 1.585
2454910.21152 1.42
2454910.2314 1.065
2454910.24134 1.119
2454910.25096 1.344
2454910.26078 1.562
2454910.27057 1.6
2454910.28046 1.348
2454910.29038 1.12
2454910.3001 1.035
