2454913.98079 2.018
2454913.98243 1.96
2454913.98435 1.933
2454913.99793 1.88
2454913.99984 1.875
2454914.00148 1.918
2454914.01473 2.19
2454914.01637 2.235
2454914.0183 2.305
2454914.03192 2.402
2454914.03367 2.34
2454914.03586 2.31
2454914.04873 2.024
2454914.05063 1.969
2454914.05226 1.966
2454914.06552 1.896
2454914.06716 1.921
2454914.06909 1.928
2454914.08763 2.409
2454914.08936 2.433
2454914.09155 2.424
2454914.10449 2.274
2454914.10642 2.2
2454914.10807 2.161
2454914.11088 2.081
2454914.11278 2.028
2454914.11441 2.004
2454914.11719 1.975
2454914.11883 1.934
2454914.1209 1.9
2454914.12379 1.892
2454914.12576 1.871
2454914.1274 1.894
2454914.13016 1.878
2454914.1323 1.891
2454914.13394 1.919
2454914.13678 1.969
2454914.13851 1.98
2454914.14035 2.028
2454914.14315 2.082
2454914.14504 2.142
2454914.14673 2.204
2454914.14985 2.284
2454914.15149 2.334
2454914.15341 2.383
2454914.15622 2.459
2454914.15786 2.411
2454914.15978 2.388
2454914.16272 2.352
2454914.16436 2.357
2454914.16631 2.312
2454914.16911 2.277
2454914.17075 2.204
2454914.17267 2.156
2454914.17551 2.113
2454914.17715 2.056
2454914.17909 2.009
2454914.18188 1.991
2454914.18352 1.951
2454914.18544 1.92
2454914.18825 1.894
2454914.18997 1.902
2454914.1919 1.893
2454914.19475 1.894
2454914.19638 1.904
2454914.1983 1.92
2454914.20146 1.945
2454914.20308 1.967
2454914.2053 2.0
2454914.20829 2.079
2454914.21008 2.129
2454914.21201 2.2
2454914.21497 2.305
2454914.2166 2.357
2454914.21881 2.368
2454914.22142 2.447
2454914.22306 2.394
2454914.22542 2.411
2454914.22799 2.426
2454914.22962 2.417
2454914.23173 2.394
2454914.23442 2.357
2454914.23605 2.282
2454914.23811 2.213
2454914.2409 2.108
2454914.24254 2.066
2454914.24451 2.033
2454914.24742 1.976
2454914.24929 1.964
2454914.25093 1.922
2454914.25376 1.898
2454914.25541 1.879
2454914.25738 1.874
2454914.26021 1.881
2454914.26184 1.871
2454914.26387 1.883
2454914.26676 1.912
2454914.26879 1.925
2454914.27042 1.961
2454914.28006 2.22
2454914.28169 2.29
2454914.28385 2.334
2454914.28642 2.406
2454914.28806 2.4
2454914.28998 2.383
2454914.29291 2.372
2454914.29454 2.355
2454914.29671 2.324
2454914.29965 2.27
2454914.30157 2.243
