2456290.62466 15.814
2456290.62691 15.851
2456290.62916 15.85
2456290.63139 15.806
2456290.63363 15.849
2456290.63586 15.81
2456290.63809 15.842
2456290.64034 15.806
2456290.64482 15.768
2456290.6515 15.736
2456290.65374 15.699
2456290.65822 15.688
2456290.66046 15.691
2456290.6627 15.667
2456290.66493 15.66
2456290.66718 15.658
2456290.67165 15.648
2456290.67709 15.677
2456290.67933 15.711
2456290.68156 15.77
2456290.6838 15.75
2456290.68604 15.772
2456290.68827 15.817
2456290.69051 15.812
2456290.69275 15.817
2456290.69722 15.807
2456290.7031 15.749
2456290.70539 15.749
2456290.70763 15.748
2456290.70986 15.737
2456290.71209 15.705
2456290.71433 15.748
2456290.71657 15.754
2456290.7188 15.723
2456290.72104 15.755
2456290.72326 15.777
2456290.72874 15.765
2456290.73097 15.732
2456290.7332 15.762
2456290.73545 15.762
2456290.73768 15.744
2456290.73991 15.796
2456290.74215 15.748
2456290.74439 15.762
2456290.74662 15.748
2456290.74887 15.752
2456290.76215 15.797
2456290.76439 15.832
2456290.76662 15.818
2456290.76886 15.835
2456290.7711 15.827
2456290.77336 15.874
2456290.78795 15.742
2456290.79019 15.741
2456290.79242 15.73
2456290.79466 15.772
2456290.7969 15.748
2456290.79914 15.736
2456290.80138 15.705
2456290.80362 15.7
2456290.80585 15.702
2456290.80809 15.698
2456290.81631 15.667
2456290.82304 15.734
2456290.82529 15.771
2456290.82975 15.774
2456290.832 15.782
2456290.83965 15.819
2456290.84188 15.803
2456290.84412 15.798
2456290.84861 15.755
2456290.85085 15.735
2456290.85309 15.748
2456290.85979 15.73
2456290.86581 15.769
2456290.86805 15.745
2456290.87028 15.798
2456290.87252 15.777
2456290.87476 15.75
2456290.87923 15.747
2456290.8837 15.807
2456290.88594 15.793
2456290.89142 15.758
2456290.89366 15.764
2456290.89589 15.751
2456290.89812 15.807
2456290.90036 15.759
2456290.90261 15.822
2456290.90485 15.791
2456290.90709 15.824
2456290.91782 15.841
2456290.92005 15.849
2456290.92228 15.829
2456290.92452 15.815
2456290.929 15.767
2456290.93124 15.806
2456290.93347 15.798
2456290.93571 15.742
