2456270.634037 +15.220
2456270.636354 +15.228
2456270.638670 +15.239
2456270.640979 +15.228
2456270.643295 +15.238
2456270.645619 +15.247
2456270.647934 +15.229
2456270.650252 +15.223
2456270.652569 +15.222
2456270.654886 +15.204
2456270.657196 +15.193
2456270.659514 +15.180
2456270.661825 +15.180
2456270.664131 +15.180
2456270.666448 +15.186
2456270.671070 +15.148
2456270.673390 +15.148
2456270.675705 +15.131
2456270.678017 +15.124
2456270.680332 +15.134
2456270.682647 +15.128
2456270.684955 +15.142
2456270.689589 +15.131
2456270.691905 +15.142
2456270.694223 +15.150
2456270.696528 +15.166
2456270.698841 +15.182
2456270.701165 +15.187
2456270.703473 +15.208
2456270.705787 +15.243
2456270.708114 +15.259
2456270.710427 +15.254
2456270.712741 +15.237
2456270.715060 +15.218
2456270.717369 +15.200
2456270.719686 +15.182
2456270.722003 +15.170
2456270.724313 +15.169
2456270.726621 +15.171
2456270.728933 +15.168
2456270.731304 +15.168
2456270.740551 +15.163
2456270.742869 +15.165
2456270.745177 +15.152
2456270.747490 +15.143
2456270.749814 +15.140
2456270.752132 +15.136
2456270.754447 +15.148
2456270.768357 +15.176
2456270.770687 +15.183
2456270.772996 +15.205
2456270.775310 +15.206
2456270.777635 +15.232
2456270.779945 +15.251
2456270.782254 +15.235
2456270.784573 +15.251
2456270.786886 +15.243
2456270.789192 +15.218
2456270.791510 +15.233
2456270.793819 +15.223
2456270.796132 +15.215
2456270.798443 +15.211
2456270.800758 +15.205
2456270.803076 +15.185
2456270.807727 +15.191
2456270.814683 +15.150
2456270.819328 +15.135
2456270.821648 +15.128
2456270.823957 +15.147
2456270.826281 +15.128
2456270.828599 +15.131
2456270.830917 +15.130
2456270.833230 +15.140
2456270.835546 +15.145
2456270.837865 +15.166
2456270.840183 +15.185
2456270.844822 +15.224
2456270.847200 +15.242
2456270.849506 +15.263
2456270.851824 +15.278
2456270.854129 +15.260
2456270.856437 +15.233
2456270.858757 +15.224
2456270.861072 +15.189
2456270.863379 +15.199
2456270.865695 +15.191
2456270.868010 +15.188
2456270.870327 +15.194
2456270.872649 +15.188
2456270.874962 +15.171
2456270.877266 +15.171
2456270.879575 +15.173
2456270.881889 +15.172
2456270.884200 +15.173
2456270.886514 +15.161
2456270.891141 +15.148
2456270.893461 +15.140
2456270.895772 +15.160
2456270.898075 +15.165
2456270.900398 +15.156
2456270.902700 +15.163
2456270.905017 +15.184
2456270.907343 +15.181
2456270.909654 +15.179
2456270.911969 +15.196
2456270.914279 +15.207
2456270.918901 +15.244
2456270.921217 +15.262
2456270.923520 +15.272
2456270.925827 +15.239
2456270.928141 +15.270
2456270.930451 +15.261
2456270.932767 +15.241
2456270.935096 +15.233
2456270.937404 +15.219
2456270.939717 +15.216
2456270.942026 +15.203
2456270.944350 +15.202
2456270.946661 +15.193
2456270.948965 +15.195
2456270.951277 +15.164
2456270.953588 +15.170
2456270.955902 +15.157
2456270.958234 +15.153
2456270.960543 +15.143
2456270.969865 +15.128
2456270.972177 +15.112
2456270.974491 +15.136
2456270.976810 +15.143
2456270.979122 +15.146
