2456270.646840 +30.161
2456270.649150 +30.169
2456270.651470 +30.180
2456270.653780 +30.169
2456270.656090 +30.179
2456270.658420 +30.188
2456270.660730 +30.170
2456270.663050 +30.164
2456270.665370 +30.163
2456270.667690 +30.145
2456270.670000 +30.134
2456270.672310 +30.121
2456270.674630 +30.121
2456270.676930 +30.121
2456270.679250 +30.127
2456270.683870 +30.089
2456270.686190 +30.089
2456270.688510 +30.072
2456270.690820 +30.065
2456270.693130 +30.075
2456270.695450 +30.069
2456270.697760 +30.083
2456270.702390 +30.072
2456270.704710 +30.083
2456270.707020 +30.091
2456270.709330 +30.107
2456270.711640 +30.123
2456270.713970 +30.128
2456270.716270 +30.149
2456270.718590 +30.184
2456270.720910 +30.200
2456270.723230 +30.195
2456270.725540 +30.178
2456270.727860 +30.159
2456270.730170 +30.141
2456270.732490 +30.123
2456270.734800 +30.111
2456270.737110 +30.110
2456270.739420 +30.112
2456270.741730 +30.109
2456270.744100 +30.109
2456270.753350 +30.104
2456270.755670 +30.106
2456270.757980 +30.093
2456270.760290 +30.084
2456270.762610 +30.081
2456270.764930 +30.077
2456270.767250 +30.089
2456270.781160 +30.117
2456270.783490 +30.124
2456270.785800 +30.146
2456270.788110 +30.147
2456270.790430 +30.173
2456270.792750 +30.192
2456270.795050 +30.176
2456270.797370 +30.192
2456270.799690 +30.184
2456270.801990 +30.159
2456270.804310 +30.174
2456270.806620 +30.164
2456270.808930 +30.156
2456270.811240 +30.152
2456270.813560 +30.146
2456270.815880 +30.126
2456270.820530 +30.132
2456270.827480 +30.091
2456270.832130 +30.076
2456270.834450 +30.069
2456270.836760 +30.088
2456270.839080 +30.069
2456270.841400 +30.072
2456270.843720 +30.071
2456270.846030 +30.081
2456270.848350 +30.086
2456270.850660 +30.107
2456270.852980 +30.126
2456270.857620 +30.165
2456270.860000 +30.183
2456270.862310 +30.204
2456270.864620 +30.219
2456270.866930 +30.201
2456270.869240 +30.174
2456270.871560 +30.165
2456270.873870 +30.130
2456270.876180 +30.140
2456270.878500 +30.132
2456270.880810 +30.129
2456270.883130 +30.135
2456270.885450 +30.129
2456270.887760 +30.112
2456270.890070 +30.112
2456270.892380 +30.114
2456270.894690 +30.113
2456270.897000 +30.114
2456270.899310 +30.102
2456270.903940 +30.089
2456270.906260 +30.081
2456270.908570 +30.101
2456270.910880 +30.106
2456270.913200 +30.097
2456270.915500 +30.104
2456270.917820 +30.125
2456270.920140 +30.122
2456270.922450 +30.120
2456270.924770 +30.137
2456270.927080 +30.148
2456270.931700 +30.185
2456270.934020 +30.203
2456270.936320 +30.213
2456270.938630 +30.180
2456270.940940 +30.211
2456270.943250 +30.202
2456270.945570 +30.182
2456270.947900 +30.174
2456270.950200 +30.160
2456270.952520 +30.157
2456270.954830 +30.144
2456270.957150 +30.143
2456270.959460 +30.134
2456270.961760 +30.136
2456270.964080 +30.105
2456270.966390 +30.111
2456270.968700 +30.098
2456270.971030 +30.094
2456270.973340 +30.084
2456270.982660 +30.069
2456270.984980 +30.053
2456270.987290 +30.077
2456270.989610 +30.084
2456270.991920 +30.087
