2456269.642290 +29.860
2456269.644640 +29.865
2456269.647190 +29.896
2456269.649550 +29.885
2456269.651910 +29.881
2456269.654270 +29.895
2456269.656620 +29.879
2456269.658980 +29.888
2456269.661340 +29.871
2456269.663690 +29.865
2456269.666050 +29.853
2456269.668400 +29.834
2456269.670750 +29.831
2456269.673110 +29.813
2456269.675460 +29.820
2456269.677820 +29.800
2456269.680170 +29.803
2456269.684870 +29.789
2456269.687220 +29.771
2456269.689580 +29.757
2456269.691930 +29.740
2456269.694280 +29.745
2456269.699000 +29.754
2456269.701350 +29.750
2456269.706060 +29.784
2456269.708420 +29.791
2456269.710780 +29.809
2456269.713130 +29.831
2456269.715500 +29.847
2456269.717850 +29.865
2456269.720210 +29.886
2456269.722570 +29.900
2456269.724910 +29.890
2456269.727290 +29.863
2456269.736690 +29.832
2456269.739050 +29.823
2456269.741410 +29.824
2456269.743760 +29.813
2456269.746110 +29.817
2456269.748470 +29.812
2456269.750830 +29.795
2456269.753180 +29.808
2456269.755530 +29.785
2456269.757880 +29.794
2456269.760300 +29.810
2456269.762660 +29.808
2456269.767370 +29.797
2456269.769720 +29.791
2456269.772080 +29.797
2456269.776800 +29.820
2456269.779160 +29.826
2456269.781520 +29.836
2456269.783870 +29.852
2456269.786240 +29.865
2456269.788590 +29.869
2456269.793310 +29.904
2456269.795660 +29.910
2456269.798010 +29.904
2456269.800370 +29.899
2456269.805080 +29.853
2456269.842730 +29.783
2456269.845080 +29.787
2456269.849800 +29.810
2456269.852150 +29.800
2456269.854500 +29.824
2456269.856850 +29.837
2456269.859210 +29.873
2456269.861570 +29.877
2456269.868610 +29.898
2456269.870980 +29.872
2456269.873340 +29.869
2456269.875690 +29.855
2456269.878100 +29.849
2456269.880450 +29.830
2456269.882820 +29.822
2456269.885160 +29.829
2456269.887520 +29.830
2456269.889870 +29.816
2456269.892220 +29.825
2456269.894590 +29.826
2456269.896950 +29.798
2456269.899300 +29.826
2456269.901660 +29.818
2456269.906380 +29.814
2456269.908730 +29.819
2456269.911070 +29.814
2456269.913430 +29.820
2456269.915790 +29.827
2456269.918140 +29.828
2456269.920490 +29.820
2456269.922840 +29.832
2456269.925200 +29.834
2456269.927550 +29.855
2456269.929900 +29.860
2456269.932260 +29.876
2456269.934610 +29.898
2456269.936980 +29.903
2456269.939330 +29.890
2456269.941690 +29.912
2456269.944040 +29.902
2456269.946390 +29.912
2456269.948760 +29.885
2456269.951110 +29.890
2456269.953460 +29.873
2456269.955810 +29.851
2456269.958170 +29.848
2456269.960530 +29.835
2456269.962870 +29.836
2456269.965220 +29.815
2456269.967600 +29.805
2456269.969950 +29.789
2456269.972310 +29.791
2456269.977020 +29.751
2456269.981740 +29.748
2456269.984100 +29.761
2456269.986450 +29.754
2456269.988800 +29.761
2456269.991160 +29.783
2456269.993510 +29.816
2456269.995940 +29.839
2456269.998290 +29.871
2456270.003010 +29.876
2456270.005360 +29.903
2456270.007710 +29.898
