2453774.95834 1.751
2453774.96187 1.773
2453774.9741 1.787
2453774.97759 1.872
2453774.98972 1.796
2453774.99324 1.758
2453775.0055 1.746
2453775.00907 1.672
2453775.02135 1.618
2453775.02484 1.588
2453775.03711 1.634
2453775.04063 1.673
2453775.05284 1.702
2453775.05644 1.743
2453775.06886 1.65
2453775.07239 1.643
2453775.08467 1.603
2453775.08826 1.609
2453775.10053 1.629
2453775.10409 1.644
2453775.11637 1.689
2453775.11998 1.656
2453775.13239 1.617
2453775.13596 1.584
2453775.14833 1.579
2453775.1518 1.611
2453775.16475 1.59
2453775.16836 1.607
2453775.18081 1.691
2453775.18437 1.69
2453775.19686 1.628
2453775.20043 1.608
2453775.21263 1.641
2453775.21626 1.642
2453775.22224 1.643
2453775.22577 1.658
2453775.22964 1.701
2453775.23319 1.65
2453775.23706 1.684
2453775.24063 1.757
2453775.24447 1.75
2453775.24814 1.731
2453775.25196 1.697
2453775.25555 1.707
