2454833.58954 2.238
2454833.59245 2.241
2454833.5954 2.218
2454833.59829 2.231
2454833.60122 2.324
2454833.60416 2.283
2454833.60853 2.327
2454833.61147 2.285
2454833.61441 2.291
2454833.61727 2.295
2454833.62019 2.259
2454833.62312 2.304
2454833.62601 2.218
2454833.63001 2.351
2454833.63288 2.384
2454833.63582 2.441
2454833.63875 2.307
2454833.64168 2.34
2454833.64458 2.372
2454833.64751 2.42
2454833.65156 2.388
2454833.65447 2.358
2454833.65735 2.321
2454833.66029 2.332
2454833.6632 2.345
2454833.66615 2.33
2454833.66907 2.288
2454833.67306 2.25
2454833.67599 2.282
2454833.67892 2.27
2454833.68178 2.263
2454833.68471 2.278
2454833.68764 2.259
2454833.69055 2.256
2454833.69448 2.255
2454833.69737 2.293
2454833.70028 2.264
2454833.70318 2.314
2454833.70608 2.315
2454833.70898 2.322
2454833.71191 2.257
2454833.71574 2.254
2454833.71866 2.217
2454833.72156 2.192
2454833.72447 2.18
2454833.72736 2.176
2454833.73026 2.2
2454833.73317 2.181
2454833.73711 2.184
2454833.74001 2.162
2454833.74292 2.138
2454833.74584 2.185
2454833.74875 2.199
2454833.75165 2.184
2454833.75456 2.191
2454833.75846 2.214
2454833.76134 2.251
2454833.76426 2.276
2454833.76716 2.286
2454833.77006 2.305
2454833.77297 2.271
2454833.77587 2.29
2454833.77959 2.288
2454833.78251 2.275
2454833.78541 2.27
2454833.7883 2.291
2454833.79119 2.245
2454833.7941 2.269
2454833.79694 2.273
2454833.80066 2.241
2454833.80355 2.215
2454833.80647 2.229
2454833.80937 2.193
2454833.81227 2.204
2454833.81519 2.19
2454833.81808 2.2
2454833.82187 2.267
2454833.82478 2.211
2454833.82768 2.221
2454833.83058 2.253
2454833.83346 2.287
2454833.83636 2.318
2454833.83926 2.344
2454833.84328 2.272
2454833.84618 2.235
2454833.84907 2.245
2454833.85197 2.236
2454833.85489 2.194
2454833.85777 2.201
2454833.86068 2.205
2454833.86456 2.142
2454833.86742 2.161
2454833.87031 2.148
2454833.87321 2.14
2454833.87611 2.198
2454833.87901 2.081
2454833.8819 2.165
2454833.88606 2.157
2454833.88896 2.171
2454833.89186 2.179
2454833.89476 2.227
2454833.89765 2.266
2454833.90055 2.256
2454833.90345 2.295
