2453793.92768 1.507
2453793.93142 1.521
2453793.93511 1.535
2453793.93953 1.479
2453793.9433 1.596
2453793.94703 1.655
2453793.95155 1.651
2453793.95563 1.606
2453793.95974 1.618
2453793.97397 1.598
2453793.97767 1.587
2453793.98143 1.608
2453793.98588 1.568
2453793.98965 1.573
2453793.9934 1.593
2453793.99836 1.562
2453794.00214 1.588
2453794.00583 1.602
2453794.01029 1.657
2453794.01395 1.75
2453794.01766 1.768
2453794.02215 1.725
2453794.02595 1.725
2453794.02966 1.718
2453794.03413 1.69
2453794.03788 1.675
2453794.04172 1.642
2453794.05906 1.625
2453794.0628 1.601
2453794.0665 1.604
2453794.07099 1.644
2453794.07481 1.64
2453794.07858 1.669
2453794.11025 1.567
2453794.11402 1.544
2453794.11775 1.534
2453794.12225 1.538
2453794.12606 1.576
2453794.12985 1.581
2453794.13436 1.59
2453794.13819 1.582
2453794.14199 1.619
2453794.14651 1.639
2453794.15066 1.636
2453794.15475 1.609
2453794.15966 1.529
2453794.1634 1.549
2453794.1672 1.536
2453794.1717 1.55
2453794.17547 1.54
2453794.17924 1.498
2453794.18378 1.514
2453794.18757 1.49
2453794.19136 1.521
2453794.19586 1.521
2453794.19964 1.543
