2453801.90361 1.09
2453801.90729 1.131
2453801.91092 1.081
2453801.91528 1.1
2453801.91871 1.097
2453801.92212 1.077
2453801.92629 1.054
2453801.93004 0.998
2453801.93371 1.03
2453801.93812 1.004
2453801.94177 0.976
2453801.94541 1.001
2453801.94975 1.04
2453801.95326 1.03
2453801.95678 1.126
2453801.97071 1.173
2453801.97429 1.152
2453801.97785 1.051
2453802.00871 1.082
2453802.01234 1.105
2453802.01596 1.138
2453802.02976 1.268
2453802.03334 1.297
2453802.03695 1.286
2453802.05109 1.15
2453802.05467 1.167
2453802.05829 1.088
2453802.07261 1.036
2453802.07638 1.038
2453802.08003 1.005
2453802.09422 1.13
2453802.09764 1.246
2453802.10112 1.172
2453802.11438 0.983
2453802.11804 1.006
2453802.12168 0.961
2453802.13516 1.016
2453802.13885 0.98
2453802.14243 0.953
2453802.15601 1.098
2453802.15973 1.132
2453802.16336 1.174
2453802.17719 1.097
2453802.18079 1.043
