2453798.90395 0.657
2453798.90799 0.671
2453798.91197 0.686
2453798.91673 0.685
2453798.92059 0.657
2453798.92447 0.688
2453798.92902 0.656
2453798.93273 0.684
2453798.93642 0.683
2453798.9409 0.691
2453798.94459 0.699
2453798.94869 0.722
2453798.9535 0.694
2453798.95728 0.743
2453798.96097 0.777
2453798.96541 0.789
2453798.96908 0.801
2453798.9728 0.76
2453798.97724 0.72
2453798.98097 0.658
2453798.98469 0.629
2453798.9892 0.621
2453798.99291 0.596
2453798.99659 0.608
2453799.00114 0.55
2453799.00486 0.587
2453799.00858 0.563
2453799.01305 0.56
2453799.01678 0.586
2453799.02053 0.584
2453799.025 0.636
2453799.02872 0.656
2453799.03243 0.701
2453799.03689 0.591
2453799.04062 0.668
2453799.04436 0.673
2453799.04883 0.626
2453799.05251 0.601
2453799.05628 0.64
2453799.06078 0.572
2453799.06454 0.584
2453799.06826 0.544
2453799.07276 0.518
2453799.07648 0.504
2453799.08018 0.523
2453799.08462 0.555
2453799.08847 0.597
2453799.09229 0.601
2453799.09732 0.602
2453799.10119 0.64
2453799.10537 0.686
2453799.11026 0.576
2453799.11409 0.574
2453799.11794 0.578
2453799.12252 0.55
2453799.12616 0.554
2453799.12983 0.546
2453799.13429 0.529
2453799.13807 0.516
2453799.14186 0.546
2453799.14638 0.549
2453799.15016 0.568
2453799.15409 0.576
2453799.15865 0.618
2453799.16248 0.685
2453799.16637 0.639
2453799.17096 0.626
2453799.17461 0.675
2453799.17835 0.644
2453799.18274 0.636
2453799.18657 0.606
2453799.19039 0.592
