2453800.90219 0.174
2453800.90594 0.201
2453800.90968 0.218
2453800.9137 0.262
2453800.91783 0.212
2453800.92189 0.26
2453800.9263 0.304
2453800.9304 0.267
2453800.93446 0.249
2453800.93888 0.245
2453800.9429 0.215
2453800.94703 0.218
2453800.95138 0.195
2453800.95555 0.187
2453800.95958 0.184
2453800.96397 0.127
2453800.97411 0.176
2453800.9782 0.199
2453800.98226 0.264
2453800.99763 0.302
2453801.00135 0.26
2453801.00504 0.289
2453801.01935 0.248
2453801.02301 0.197
2453801.02671 0.221
2453801.03284 0.21
2453801.03653 0.252
2453801.04024 0.214
2453801.07672 0.293
2453801.08042 0.271
2453801.08428 0.268
2453801.09962 0.243
2453801.10342 0.239
2453801.1072 0.282
2453801.12146 0.377
2453801.12524 0.407
2453801.12899 0.336
2453801.14352 0.269
2453801.1474 0.224
2453801.15128 0.233
2453801.16583 0.151
2453801.16966 0.175
2453801.17358 0.166
