2456309.5784 13.921
2456309.58137 13.985
2456309.58435 14.028
2456309.58732 14.075
2456309.59029 14.092
2456309.59327 14.065
2456309.59624 14.052
2456309.60379 13.951
2456309.60676 13.939
2456309.60973 13.904
2456309.61272 13.873
2456309.61569 13.841
2456309.61867 13.842
2456309.62164 13.829
2456309.62461 13.867
2456309.62757 13.873
2456309.63054 13.896
2456309.63842 14.011
2456309.64138 14.052
2456309.64435 14.067
2456309.64732 14.093
2456309.65325 14.146
2456309.65922 14.083
2456309.6622 14.036
2456309.66517 13.97
2456309.67293 13.867
2456309.67591 13.816
2456309.67887 13.793
2456309.68184 13.759
2456309.68481 13.743
2456309.68779 13.74
2456309.69076 13.763
2456309.69373 13.798
2456309.69671 13.834
2456309.69968 13.884
2456309.70728 14.014
2456309.71026 14.041
2456309.71323 14.069
2456309.7162 14.047
2456309.72511 13.968
2456309.72808 13.956
2456309.73105 13.904
2456309.73401 13.876
2456309.74175 13.833
2456309.74472 13.798
2456309.74768 13.785
2456309.75066 13.807
2456309.75363 13.83
2456309.7566 13.877
2456309.75957 13.902
2456309.76255 13.929
2456309.76551 13.95
2456309.76848 13.983
2456309.78541 13.995
2456309.7884 13.942
2456309.79137 13.902
2456309.79434 13.855
2456309.79731 13.806
2456309.80028 13.767
2456309.80324 13.724
2456309.81072 13.73
2456309.8137 13.717
2456309.81666 13.757
2456309.81965 13.781
2456309.82262 13.836
2456309.82559 13.885
2456309.82858 13.938
2456309.83154 13.967
2456309.84553 14.005
2456309.8485 13.976
2456309.85147 13.956
2456309.85444 13.888
2456309.85741 13.878
2456309.86038 13.849
2456309.86335 13.824
2456309.86632 13.822
2456309.86929 13.773
2456309.87226 13.796
2456309.87958 13.857
2456309.88255 13.859
2456309.88552 13.898
2456309.88849 13.958
2456309.89146 13.981
2456309.89444 13.996
2456309.89744 14.02
2456309.90041 14.059
2456309.90339 14.069
2456309.90636 14.04
2456309.91401 13.923
2456309.91699 13.874
2456309.91996 13.815
2456309.92293 13.793
2456309.92591 13.757
2456309.92888 13.758
2456309.93186 13.74
2456309.93483 13.734
2456309.9378 13.742
2456309.94837 13.866
2456309.96323 14.053
2456309.96621 14.052
2456309.96918 14.021
2456309.97215 13.976
