2456310.57533 14.026
2456310.58129 14.095
2456310.58425 14.083
2456310.58721 14.085
2456310.59019 14.059
2456310.59315 14.026
2456310.59612 13.993
2456310.59909 13.958
2456310.60206 13.924
2456310.61018 13.849
2456310.61315 13.835
2456310.61611 13.828
2456310.61908 13.834
2456310.62206 13.844
2456310.62503 13.883
2456310.62799 13.897
2456310.63096 13.944
2456310.63394 13.989
2456310.6369 14.019
2456310.64464 14.082
2456310.64761 14.102
2456310.65058 14.066
2456310.65356 14.053
2456310.65653 13.99
2456310.6595 13.954
2456310.66247 13.901
2456310.66544 13.854
2456310.6684 13.823
2456310.67137 13.78
2456310.67904 13.743
2456310.68202 13.757
2456310.68499 13.776
2456310.68796 13.802
2456310.69093 13.85
2456310.6939 13.893
2456310.69687 13.935
2456310.7058 14.09
2456310.7135 14.035
2456310.71648 14.009
2456310.71944 13.979
2456310.72243 13.956
2456310.72541 13.938
2456310.7509 13.868
2456310.75387 13.926
2456310.75685 13.959
2456310.75982 13.997
2456310.76279 14.021
2456310.76577 14.031
2456310.76873 14.044
2456310.77172 14.081
2456310.78246 13.953
2456310.78841 13.873
2456310.79137 13.836
2456310.79733 13.773
2456310.81694 13.861
2456310.81991 13.935
2456310.82288 13.982
2456310.82585 14.027
2456310.82882 14.061
2456310.83476 14.073
2456310.83773 14.057
2456310.8407 14.036
2456310.85236 13.91
2456310.85831 13.842
2456310.86837 13.838
2456310.86994 13.852
2456310.87152 13.863
2456310.87312 13.875
2456310.87469 13.897
2456310.87627 13.908
2456310.87786 13.928
2456310.87944 13.957
2456310.88103 13.981
2456310.88261 13.979
2456310.8842 14.007
2456310.88579 14.014
2456310.8958 14.082
2456310.89741 14.079
2456310.89899 14.094
2456310.90058 14.072
2456310.90216 14.044
2456310.90374 14.013
2456310.90533 13.999
2456310.90691 13.987
2456310.90849 13.964
2456310.91007 13.916
2456310.91165 13.902
2456310.91324 13.887
2456310.91482 13.861
2456310.9164 13.825
2456310.91798 13.819
2456310.92354 13.787
2456310.92512 13.777
2456310.9267 13.779
2456310.92828 13.793
2456310.92986 13.796
2456310.93306 13.797
2456310.95694 14.128
