2456313.57133 14.138
2456313.57292 14.138
2456313.57452 14.118
2456313.58302 14.036
2456313.58461 14.008
2456313.58619 14.003
2456313.58777 13.973
2456313.58935 13.955
2456313.59097 13.942
2456313.59257 13.93
2456313.59415 13.921
2456313.59573 13.929
2456313.59731 13.92
2456313.5989 13.907
2456313.60048 13.91
2456313.60205 13.926
2456313.60364 13.924
2456313.60523 13.939
2456313.61258 14.013
2456313.61417 14.046
2456313.61576 14.072
2456313.61734 14.08
2456313.61894 14.096
2456313.62052 14.101
2456313.62211 14.127
2456313.62369 14.14
2456313.62527 14.147
2456313.62686 14.158
2456313.63003 14.176
2456313.63735 14.055
2456313.63893 14.032
2456313.64052 14.006
2456313.64368 13.974
2456313.64527 13.931
2456313.64684 13.917
2456313.64843 13.877
2456313.65 13.866
2456313.65159 13.847
2456313.65318 13.85
2456313.65476 13.836
2456313.65635 13.83
2456313.65793 13.813
2456313.65951 13.813
2456313.67956 14.026
2456313.68272 14.072
2456313.68431 14.122
2456313.68589 14.147
2456313.69133 14.141
2456313.69291 14.143
2456313.69449 14.119
2456313.69607 14.095
2456313.69766 14.09
2456313.69924 14.066
2456313.70082 14.061
2456313.7024 14.04
2456313.70399 14.001
2456313.70559 13.981
2456313.70717 13.973
2456313.70876 13.93
2456313.71034 13.932
2456313.71192 13.895
2456313.71351 13.891
2456313.7241 13.905
2456313.72568 13.901
2456313.72728 13.903
2456313.72886 13.911
2456313.73043 13.918
2456313.73202 13.971
2456313.73361 13.963
2456313.73519 13.985
2456313.73677 14.007
2456313.73835 14.034
2456313.73993 14.051
2456313.75304 14.128
2456313.75462 14.158
2456313.75621 14.146
2456313.75779 14.112
2456313.75937 14.096
2456313.76095 14.081
2456313.76253 14.058
2456313.76413 14.026
2456313.76571 13.998
2456313.76729 13.962
2456313.77149 13.913
2456313.77308 13.865
2456313.77783 13.818
2456313.77941 13.809
2456313.78575 13.793
2456313.78893 13.814
2456313.79051 13.83
2456313.79368 13.855
2456313.79909 13.975
2456313.80068 13.997
2456313.80386 14.056
2456313.80544 14.064
2456313.80702 14.078
2456313.8086 14.1
2456313.81018 14.132
2456313.81177 14.109
2456313.81336 14.14
2456313.81494 14.112
2456313.81652 14.112
2456313.8181 14.126
2456313.81968 14.1
2456313.82126 14.099
2456313.82545 14.046
2456313.82703 14.022
2456313.82862 13.984
2456313.83019 13.965
2456313.83178 13.941
2456313.83496 13.91
2456313.83654 13.903
2456313.83812 13.892
2456313.83972 13.897
2456313.84129 13.884
2456313.84288 13.886
2456313.84607 13.883
2456313.84765 13.883
2456313.85281 13.922
2456313.85439 13.948
2456313.85597 13.966
2456313.85755 13.97
2456313.85913 13.991
2456313.86072 14.013
2456313.86389 14.054
2456313.8655 14.071
2456313.86866 14.093
2456313.87025 14.099
2456313.87183 14.126
2456313.87342 14.133
2456313.875 14.131
2456313.9077 13.794
2456313.90928 13.82
2456313.91086 13.816
2456313.91244 13.83
2456313.91403 13.842
2456313.91561 13.854
2456313.91719 13.873
2456313.91877 13.899
2456313.92036 13.917
2456313.92195 13.944
2456313.92353 13.966
2456313.92511 13.996
2456313.92669 14.015
2456313.92827 14.052
2456313.93248 14.122
2456313.93406 14.115
2456313.93564 14.132
2456313.93722 14.131
2456313.93881 14.119
2456313.94039 14.119
2456313.94197 14.104
2456313.94356 14.095
2456313.94514 14.085
2456313.94674 14.054
2456313.94832 14.059
2456313.9499 14.033
2456313.95149 14.013
2456313.95307 14.001
