2455680.69111 15.31
2455680.69415 15.354
2455680.69717 15.346
2455680.70018 15.366
2455680.7032 15.4
2455680.70621 15.409
2455680.70924 15.398
2455680.71228 15.359
2455680.7153 15.308
2455680.71832 15.263
2455680.7355 15.083
2455680.73852 15.082
2455680.74155 15.107
2455680.74458 15.113
2455680.74758 15.162
2455680.7506 15.225
2455680.75362 15.297
2455680.77159 15.357
2455680.7746 15.331
2455680.77762 15.289
2455680.78064 15.241
2455680.78367 15.209
2455680.7867 15.18
2455680.78973 15.156
2455680.79276 15.149
2455680.79578 15.138
2455680.79881 15.15
2455680.8107 15.272
2455680.81371 15.294
2455680.81673 15.342
2455680.81976 15.349
2455680.82278 15.359
2455680.82579 15.387
2455680.82882 15.413
2455680.83182 15.394
2455680.83483 15.379
2455680.84385 15.243
2455680.84688 15.193
2455680.84984 15.138
2455680.85286 15.095
2455680.85588 15.074
2455680.85889 15.044
2455680.86192 15.041
2455680.86494 15.063
2455680.86797 15.093
2455680.87098 15.139
2455680.88065 15.353
2455680.88367 15.41
2455680.88668 15.411
2455680.88971 15.391
2455680.89274 15.347
2455680.89574 15.324
2455680.89876 15.315
2455680.90177 15.264
2455680.90479 15.245
2455680.90782 15.223
2455680.916 15.149
2455680.92202 15.14
2455680.95111 15.404
