2457179.886232 +15.687
2457179.889870 +15.683
2457179.893509 +15.677
2457179.897152 +15.683
2457179.926784 +15.613
2457179.930390 +15.609
2457179.933998 +15.607
2457179.937606 +15.614
2457179.941214 +15.624
2457179.944826 +15.640
2457179.948430 +15.671
2457179.952037 +15.693
2457179.955642 +15.677
2457179.959251 +15.697
2457179.962858 +15.719
2457179.967062 +15.719
2457179.970671 +15.750
2457180.021818 +15.695
2457180.025429 +15.681
2457180.029033 +15.696
2457180.032645 +15.673
2457180.036253 +15.647
2457180.039865 +15.618
2457180.043476 +15.613
2457180.047091 +15.592
2457180.050701 +15.593
2457180.107118 +15.741
2457180.110729 +15.745
2457180.114336 +15.726
2457180.117946 +15.710
2457180.125157 +15.711
2457180.128767 +15.700
2457180.132376 +15.708
2457180.135980 +15.695
2457180.139588 +15.718
2457180.143821 +15.708
2457180.147435 +15.730
2457180.151041 +15.717
2457180.154651 +15.677
2457180.158262 +15.666
2457180.161870 +15.667
2457180.165475 +15.655
2457180.172699 +15.637
2457180.176307 +15.604
2457180.179916 +15.599
2457180.191351 +15.641
2457180.194965 +15.698
2457180.198595 +15.737
2457180.202280 +15.729
2457180.205921 +15.777
2457180.209534 +15.779
2457180.216789 +15.823
2457180.220398 +15.802
2457180.224009 +15.832
2457180.227620 +15.817
2457180.231809 +15.802
2457180.235421 +15.809
2457180.239029 +15.757
2457180.242644 +15.763
