2454450.53613 1.23
2454450.54642 1.239
2454450.55062 1.162
2454450.55271 1.211
2454450.55691 1.121
2454450.55896 1.132
2454450.56108 1.149
2454450.56625 1.118
2454450.56849 1.077
2454450.57044 1.116
2454450.57256 1.091
2454450.57469 1.113
2454450.57681 1.106
2454450.6761 1.154
2454450.67826 1.156
2454450.68034 1.119
2454450.68241 1.117
2454450.68446 1.134
2454450.68649 1.096
2454450.68856 1.103
2454450.69061 1.108
2454450.69269 1.115
2454450.69476 1.09
2454450.6968 1.089
2454450.69886 1.109
2454450.70094 1.106
2454450.70298 1.118
2454450.70813 1.102
2454450.71035 1.139
2454450.71242 1.168
2454450.71448 1.149
2454450.71657 1.136
2454450.7187 1.168
2454450.72078 1.163
2454450.72283 1.153
2454450.72486 1.108
2454450.72692 1.137
2454450.72899 1.115
2454450.73115 1.127
2454450.73324 1.105
2454450.73534 1.109
2454450.73739 1.095
2454450.74262 1.123
2454450.74481 1.126
2454450.74901 1.152
2454450.75112 1.129
2454450.75318 1.144
2454450.75735 1.172
2454450.75947 1.202
2454450.76158 1.157
2454450.76364 1.152
2454450.76576 1.165
2454450.76784 1.197
2454450.76985 1.206
2454450.7719 1.206
2454450.77711 1.228
2454450.77935 1.217
2454450.78138 1.238
2454450.78347 1.242
2454450.78763 1.211
2454450.78969 1.233
2454450.7918 1.221
2454450.79389 1.219
2454450.79596 1.204
2454450.79807 1.182
2454450.80016 1.197
2454450.80221 1.177
2454450.80422 1.147
2454450.80626 1.149
2454450.81142 1.148
2454450.81773 1.111
2454450.81984 1.123
2454450.82196 1.12
2454450.824 1.104
2454450.8261 1.148
2454450.8302 1.144
2454450.83226 1.112
2454450.83639 1.175
2454450.84787 1.156
2454450.84991 1.17
2454450.85396 1.129
2454450.85602 1.16
2454450.85808 1.092
2454450.86015 1.128
2454450.8622 1.136
2454450.86624 1.129
