2457178.888029 +15.727
2457178.891640 +15.685
2457178.895251 +15.675
2457178.898860 +15.673
2457178.902470 +15.671
2457178.906080 +15.665
2457178.909689 +15.686
2457178.913300 +15.685
2457178.916909 +15.685
2457178.920519 +15.719
2457178.924131 +15.690
2457178.928412 +15.680
2457178.932019 +15.648
2457178.935625 +15.627
2457178.939232 +15.610
2457178.942842 +15.595
2457178.946449 +15.596
2457178.950051 +15.611
2457178.953661 +15.618
2457178.957264 +15.624
2457178.960870 +15.647
2457178.964480 +15.645
2457178.975157 +15.672
2457178.982373 +15.680
2457178.985982 +15.699
2457178.989593 +15.709
2457178.993203 +15.728
2457178.996814 +15.717
2457179.000423 +15.707
2457179.004035 +15.701
2457179.007645 +15.685
2457179.011256 +15.678
2457179.014868 +15.651
2457179.019082 +15.651
2457179.022688 +15.645
2457179.026296 +15.645
2457179.029907 +15.653
2457179.051565 +15.644
2457179.055177 +15.621
2457179.078855 +15.623
2457179.082471 +15.633
2457179.086080 +15.657
2457179.089696 +15.657
2457179.093305 +15.692
2457179.096916 +15.674
2457179.100522 +15.693
2457179.104133 +15.708
2457179.107742 +15.722
2457179.111354 +15.721
2457179.114963 +15.732
2457179.118572 +15.722
2457179.122908 +15.734
2457179.126519 +15.712
2457179.130132 +15.712
2457179.133740 +15.682
2457179.137348 +15.695
2457179.140959 +15.665
2457179.144569 +15.658
2457179.148178 +15.685
2457179.151786 +15.682
2457179.155400 +15.713
2457179.159011 +15.698
2457179.162621 +15.711
2457179.166825 +15.706
2457179.170431 +15.696
2457179.174041 +15.687
2457179.177655 +15.650
2457179.181261 +15.629
2457179.184878 +15.608
2457179.199379 +15.620
2457179.202988 +15.636
2457179.206600 +15.670
2457179.210907 +15.716
2457179.214514 +15.752
2457179.218122 +15.765
2457179.221731 +15.783
2457179.225337 +15.768
2457179.228949 +15.798
2457179.232556 +15.800
2457179.236165 +15.804
