2454734.94418 0.188
2454734.94594 0.262
2454734.94818 0.254
2454734.95105 0.284
2454734.95285 0.288
2454734.95484 0.278
2454734.95757 0.281
2454734.95928 0.305
2454734.96175 0.321
2454734.96451 0.328
2454734.96641 0.313
2454734.96822 0.297
2454734.97107 0.355
2454734.97278 0.351
2454734.97477 0.34
2454734.97728 0.332
2454734.97919 0.291
2454734.98118 0.271
2454734.98377 0.271
2454734.98567 0.263
2454734.9876 0.22
2454734.99024 0.221
2454734.99212 0.237
2454734.99402 0.217
2454735.0249 0.303
2454735.02666 0.276
2454735.02912 0.26
2454735.04022 0.249
2454735.04192 0.244
2454735.04403 0.247
2454735.05479 0.245
2454735.05677 0.296
2454735.05847 0.299
2454735.06958 0.339
2454735.0713 0.35
2454735.07368 0.342
2454735.0846 0.279
2454735.08648 0.276
2454735.08866 0.257
2454735.09968 0.241
2454735.10139 0.254
2454735.10365 0.277
2454735.11461 0.342
2454735.11632 0.38
2454735.11831 0.358
2454735.12938 0.289
2454735.13151 0.273
2454735.13322 0.269
2454735.14463 0.248
2454735.14663 0.231
2454735.14833 0.227
2454735.15924 0.285
2454735.16095 0.285
2454735.16294 0.309
2454735.17421 0.326
2454735.176 0.349
2454735.17792 0.356
2454735.18888 0.293
2454735.19059 0.263
2454735.19287 0.242
2454735.20347 0.219
2454735.20557 0.268
2454735.20727 0.276
2454735.22441 0.395
2454735.2361 0.241
2454735.23793 0.327
2454735.24056 0.268
2454735.25149 0.238
2454735.25345 0.236
2454735.26707 0.321
2454735.26957 0.339
2454735.27168 0.296
