2454734.94418 0.196
2454734.94594 0.271
2454734.94819 0.262
2454734.95106 0.293
2454734.95285 0.298
2454734.95484 0.288
2454734.95757 0.291
2454734.95929 0.315
2454734.96175 0.331
2454734.96452 0.337
2454734.96642 0.322
2454734.96822 0.307
2454734.97107 0.365
2454734.97278 0.361
2454734.97477 0.349
2454734.97728 0.342
2454734.97919 0.3
2454734.98118 0.28
2454734.98378 0.28
2454734.98568 0.272
2454734.98761 0.229
2454734.99025 0.231
2454734.99212 0.246
2454734.99402 0.226
2454735.0249 0.312
2454735.02666 0.285
2454735.02912 0.269
2454735.04022 0.259
2454735.04193 0.253
2454735.04403 0.257
2454735.0548 0.255
2454735.05677 0.306
2454735.05848 0.309
2454735.06959 0.349
2454735.0713 0.36
2454735.07368 0.353
2454735.0846 0.289
2454735.08649 0.286
2454735.08866 0.268
2454735.09968 0.252
2454735.10139 0.264
2454735.10365 0.287
2454735.11461 0.353
2454735.11632 0.39
2454735.11831 0.369
2454735.12938 0.299
2454735.13151 0.283
2454735.13322 0.28
2454735.14463 0.258
2454735.14664 0.241
2454735.14834 0.238
2454735.15924 0.297
2454735.16095 0.296
2454735.16294 0.32
2454735.17422 0.337
2454735.176 0.361
2454735.17792 0.368
2454735.18888 0.304
2454735.19059 0.275
2454735.19287 0.253
2454735.20348 0.23
2454735.20557 0.28
2454735.20727 0.288
2454735.22441 0.406
2454735.2361 0.253
2454735.23793 0.338
2454735.24056 0.279
2454735.2515 0.251
2454735.25345 0.248
2454735.26708 0.333
2454735.26958 0.352
2454735.27168 0.308
