2453236.34646 -1.207
2453236.34868 -1.212
2453236.35089 -1.22
2453236.3531 -1.208
2453236.35533 -1.229
2453236.35754 -1.222
2453236.35975 -1.241
2453236.36197 -1.248
2453236.36419 -1.247
2453236.3664 -1.256
2453236.36861 -1.271
2453236.37084 -1.279
2453236.37305 -1.301
2453236.37526 -1.301
2453236.37748 -1.302
2453236.3797 -1.308
2453236.38198 -1.297
2453236.38419 -1.297
2453236.38642 -1.275
2453236.38863 -1.268
2453236.39085 -1.233
2453236.39306 -1.221
2453236.39527 -1.202
2453236.39749 -1.18
2453236.3997 -1.171
2453236.40192 -1.163
2453236.40414 -1.166
2453236.40635 -1.156
2453236.40857 -1.165
2453236.41078 -1.138
2453236.413 -1.157
2453236.41521 -1.171
2453236.41743 -1.189
2453236.41964 -1.202
2453236.42185 -1.212
2453236.42408 -1.218
2453236.42629 -1.229
2453236.42851 -1.244
2453236.43072 -1.249
2453236.43295 -1.259
2453236.43515 -1.27
2453236.43736 -1.28
2453236.43959 -1.281
2453236.4418 -1.301
2453236.44434 -1.297
2453236.44655 -1.299
2453236.44878 -1.293
2453236.45108 -1.28
2453236.45339 -1.279
2453236.45559 -1.259
2453236.45782 -1.236
2453236.46003 -1.214
2453236.46225 -1.185
2453236.46446 -1.194
2453236.46668 -1.2
2453236.46889 -1.221
2453236.47111 -1.223
2453236.47332 -1.231
2453236.47555 -1.238
2453236.47776 -1.252
2453236.47997 -1.264
2453236.48219 -1.257
2453236.52217 -1.192
2453236.52446 -1.186
2453236.52675 -1.197
2453236.52961 -1.17
2453236.53182 -1.17
2453236.53404 -1.18
2453236.53626 -1.184
2453236.53846 -1.195
2453236.5407 -1.209
2453236.58915 -1.196
2453236.59137 -1.21
2453236.59357 -1.214
2453236.59579 -1.233
2453236.598 -1.242
2453236.60022 -1.247
