2456664.67384 17.797
2456664.68840 17.879
2456664.70305 18.209
2456664.71680 18.774
2456664.73051 18.331
2456664.74425 17.947
2456664.75798 17.755
2456664.77174 17.752
2456664.78547 17.955
2456664.79921 18.509
2456664.81298 18.525
2456664.82673 18.120
2456664.84049 17.854
2456664.85429 17.664
2456664.86817 17.890
2456664.89806 18.745
2456664.91205 18.106
2456664.92807 17.734
2456664.94192 17.647
2456664.96966 18.213
2456664.98356 18.594
2456664.99759 18.220
2456665.01152 17.905
2456665.02550 17.743
2456665.05350 18.122
2456665.06754 18.574
