2456663.70104 17.797
2456663.71715 17.896
2456663.73084 18.323
2456663.74659 18.642
2456663.76168 17.933
2456663.77424 17.864
2456663.77539 17.758
2456663.78795 17.741
2456663.78909 17.721
2456663.80173 17.877
2456663.80286 17.898
2456663.81545 18.201
2456663.81659 18.313
2456663.82915 18.849
2456663.83028 18.707
2456663.84287 18.389
2456663.84400 18.301
2456663.85656 17.998
2456663.85770 17.960
2456663.87030 17.754
2456663.87144 17.750
2456663.88408 17.766
2456663.88523 17.660
2456663.89790 17.992
2456663.91171 18.497
2456663.91285 18.407
2456663.94155 18.086
2456663.95752 17.813
2456663.97134 17.809
2456663.98517 18.050
2456663.99902 18.465
2456664.01294 18.753
2456664.05704 17.978
2456664.07132 18.115
