2455630.59891 17.059
2455630.60017 17.028
2455630.60144 16.993
2455630.60271 17.021
2455630.60397 17.038
2455630.60524 17.002
2455630.6065 16.99
2455630.60777 16.992
2455630.60904 16.984
2455630.6103 17.003
2455630.61157 17.009
2455630.61283 16.965
2455630.6141 16.984
2455630.61537 16.966
2455630.61663 16.945
2455630.6179 16.946
2455630.61916 16.969
2455630.62043 16.937
2455630.6217 16.956
2455630.62296 16.95
2455630.62423 16.932
2455630.62549 16.924
2455630.62676 16.962
2455630.62802 16.935
2455630.62929 16.937
2455630.63056 16.953
2455630.63182 16.976
2455630.63309 16.951
2455630.63436 16.984
2455630.63563 16.963
2455630.63689 16.977
2455630.63816 16.989
2455630.63942 16.974
2455630.64069 16.981
2455630.64196 16.996
2455630.64322 16.989
2455630.64449 17.013
2455630.64575 17.02
2455630.64702 17.009
2455630.64828 17.016
2455630.64955 16.997
2455630.65082 17.01
2455630.65224 17.025
2455630.6535 17.029
2455630.65476 17.032
2455630.65603 16.997
2455630.6573 16.991
2455630.65857 16.947
2455630.65983 17.012
2455630.6611 17.016
2455630.66236 16.99
2455630.66363 17.012
2455630.66553 17.009
2455630.66743 16.969
2455630.66934 16.961
2455630.67124 16.962
2455630.67314 16.964
2455630.67505 16.958
2455630.67695 16.932
2455630.67885 16.948
2455630.68075 16.945
2455630.68266 16.941
2455630.68456 16.937
2455630.68647 16.931
2455630.69949 17.087
2455630.70076 17.072
2455630.70202 17.085
2455630.70329 17.094
2455630.70455 17.1
2455630.70582 17.103
2455630.70709 17.081
2455630.70835 17.075
2455630.70962 17.075
2455630.71089 17.084
2455630.71215 17.087
2455630.71342 17.067
2455630.71468 17.058
2455630.71595 17.055
2455630.71721 17.052
2455630.71848 17.031
2455630.72181 17.042
2455630.72307 17.04
2455630.72434 17.023
2455630.72561 17.018
2455630.72687 17.012
2455630.72814 16.994
2455630.7294 16.984
2455630.73067 17.0
2455630.73194 16.993
2455630.73321 16.991
2455630.73447 17.011
2455630.73573 16.994
2455630.737 17.0
2455630.73826 17.0
2455630.73953 17.01
2455630.7408 17.011
2455630.74206 16.996
2455630.74333 17.027
2455630.7446 17.029
2455630.74587 17.035
2455630.74714 17.051
2455630.7484 17.059
2455630.74967 17.057
2455630.75094 17.061
2455630.75221 17.063
2455630.75347 17.083
2455630.75474 17.096
2455630.756 17.054
2455630.75727 17.091
2455630.75853 17.052
2455630.76099 17.076
2455630.76226 17.075
2455630.76353 17.069
2455630.76479 17.06
2455630.76606 17.071
2455630.76732 17.037
2455630.76859 17.052
2455630.76986 17.052
2455630.77112 17.055
2455630.77239 17.05
2455630.77365 17.041
2455630.77492 17.026
2455630.77618 16.972
2455630.77745 16.991
2455630.77872 17.026
2455630.77998 17.019
2455630.78125 17.02
2455630.78252 16.992
2455630.78379 16.992
2455630.78506 16.967
2455630.78764 16.991
2455630.78891 17.002
2455630.79018 16.989
2455630.79144 17.003
2455630.79271 17.001
2455630.79398 16.993
2455630.79525 17.011
2455630.79651 17.011
2455630.79778 17.005
2455630.79905 17.014
2455630.80031 17.028
2455630.80158 17.028
2455630.80285 17.049
2455630.80411 17.043
2455630.80538 17.051
2455630.80664 17.045
2455630.80791 17.042
2455630.80918 17.036
2455630.81044 17.043
2455630.81171 17.036
2455630.81298 17.041
2455630.81425 17.045
2455630.81551 17.03
2455630.81678 17.017
2455630.81804 16.991
2455630.81931 17.017
2455630.82058 16.996
2455630.82184 16.998
2455630.82311 16.998
2455630.82437 16.987
2455630.82564 16.976
2455630.8269 16.988
2455630.82817 16.955
2455630.82944 16.945
2455630.8307 16.966
2455630.83197 16.946
2455630.83323 16.956
2455630.8345 16.95
2455630.83577 16.931
2455630.83704 16.925
2455630.8383 16.919
2455630.83957 16.942
2455630.84084 16.931
2455630.8421 16.929
2455630.84337 16.94
2455630.84463 16.941
2455630.8459 16.948
2455630.84717 16.951
2455630.84843 16.959
2455630.8497 16.96
2455630.85105 16.936
2455630.85232 16.987
2455630.8536 16.96
2455630.85486 16.984
2455630.85612 17.005
2455630.85739 16.96
2455630.85866 16.968
2455630.85993 16.995
2455630.86119 17.01
2455630.86246 17.003
2455630.86372 16.994
2455630.86499 16.993
2455630.86626 17.022
2455630.86753 16.992
2455630.86879 16.989
2455630.87006 16.998
2455630.87133 16.996
2455630.87259 16.983
2455630.87386 17.011
2455630.87513 16.992
2455630.87639 16.988
2455630.87766 16.975
2455630.87893 16.974
2455630.88019 16.984
2455630.88146 16.959
2455630.88272 16.959
2455630.88399 16.955
2455630.88526 16.948
2455630.88653 16.926
2455630.88779 16.94
2455630.88905 16.917
2455630.89032 16.923
2455630.89159 16.91
2455630.89286 16.906
2455630.89412 16.912
2455630.89539 16.916
2455630.89666 16.935
2455630.89792 16.895
2455630.89919 16.914
2455630.90046 16.928
2455630.90173 16.938
2455630.90299 16.937
2455630.90426 16.954
2455630.90553 16.94
2455630.90679 16.928
2455630.90806 16.989
2455630.90933 16.979
2455630.91059 16.978
2455630.91185 16.978
2455630.91312 16.954
2455630.91463 17.017
2455630.91716 16.981
2455630.91843 17.006
2455630.91969 17.0
2455630.92096 16.966
2455630.92222 17.011
2455630.92349 16.987
