2455629.6014 16.899
2455629.60267 16.894
2455629.60394 16.898
2455629.6052 16.921
2455629.60647 16.915
2455629.60773 16.938
2455629.609 16.943
2455629.61027 16.945
2455629.61153 16.978
2455629.61288 16.97
2455629.61414 16.987
2455629.61541 16.947
2455629.61668 16.958
2455629.61794 16.975
2455629.61921 16.961
2455629.62577 16.974
2455629.62704 16.977
2455629.6283 17.005
2455629.62957 16.973
2455629.63084 16.981
2455629.6321 16.979
2455629.63337 16.98
2455629.63464 16.987
2455629.6359 16.977
2455629.63717 16.972
2455629.63843 16.962
2455629.6397 16.992
2455629.64097 16.959
2455629.64224 16.925
2455629.6435 16.941
2455629.64477 16.93
2455629.64604 16.94
2455629.6473 16.945
2455629.64857 16.927
2455629.64983 16.913
2455629.6511 16.924
2455629.65237 16.928
2455629.65363 16.943
2455629.6549 16.938
2455629.65617 16.911
2455629.65743 16.95
2455629.65869 16.944
2455629.65996 16.945
2455629.66123 16.971
2455629.6625 16.959
2455629.66377 16.976
2455629.66503 16.98
2455629.6663 16.974
2455629.66757 16.996
2455629.66883 16.987
2455629.6701 17.006
2455629.67137 16.986
2455629.67263 16.985
2455629.6739 17.01
2455629.67517 16.996
2455629.67643 16.989
2455629.68783 16.975
2455629.72155 16.955
2455629.72349 16.939
2455629.75262 16.895
2455629.75389 16.9
2455629.75516 16.912
2455629.75642 16.895
2455629.75769 16.912
2455629.75896 16.91
2455629.76023 16.915
2455629.76149 16.918
2455629.76276 16.924
2455629.76403 16.932
2455629.7653 16.935
2455629.76656 16.928
2455629.76791 16.95
2455629.76917 16.961
2455629.77044 16.978
2455629.77171 16.969
2455629.77297 16.952
2455629.77424 16.977
2455629.77551 16.991
2455629.77677 16.997
2455629.77804 16.997
2455629.7793 16.985
2455629.78057 17.014
2455629.78184 17.011
2455629.78311 17.013
2455629.78438 17.011
2455629.78582 16.989
2455629.78709 17.013
2455629.78836 16.973
2455629.78963 17.004
2455629.79089 17.01
2455629.79216 17.0
2455629.79343 16.986
2455629.79469 17.004
2455629.79596 17.002
2455629.79723 16.99
2455629.7985 16.995
2455629.79977 16.982
2455629.80103 16.974
2455629.8023 16.973
2455629.80357 16.965
2455629.80483 16.956
2455629.8061 16.97
2455629.80737 16.974
2455629.80863 16.962
2455629.8099 16.956
2455629.81117 16.932
2455629.81243 16.955
2455629.8137 16.947
2455629.81497 16.958
2455629.81814 16.951
2455629.81941 16.959
2455629.82068 16.966
2455629.82194 16.961
2455629.82321 16.983
2455629.82448 16.996
2455629.82574 16.991
2455629.82701 17.028
2455629.82827 17.024
2455629.82954 17.006
2455629.8308 17.008
2455629.83207 17.021
2455629.83334 17.017
2455629.83461 17.028
2455629.83587 17.045
2455629.83714 17.038
2455629.8384 17.023
2455629.83967 17.031
2455629.84093 17.038
2455629.8422 17.049
2455629.84346 17.054
2455629.8449 17.051
2455629.8463 17.056
2455629.84757 17.06
2455629.84884 17.04
2455629.8501 17.04
2455629.85137 17.041
2455629.85263 17.044
2455629.8539 17.024
2455629.85517 17.044
2455629.85643 17.031
2455629.8577 17.022
2455629.85896 17.01
2455629.86023 17.027
2455629.8615 16.998
2455629.86276 16.984
2455629.86403 16.987
2455629.8653 17.021
2455629.86656 16.998
2455629.86783 16.984
2455629.86909 17.002
2455629.87036 16.992
2455629.87163 17.005
2455629.87289 16.991
2455629.87416 17.015
2455629.87543 17.015
2455629.87669 17.029
2455629.87796 17.043
2455629.87922 17.028
2455629.88049 17.024
2455629.88176 17.041
2455629.88302 17.019
2455629.88429 17.044
2455629.88556 17.041
2455629.88682 17.042
2455629.88809 17.063
2455629.88936 17.043
2455629.90329 17.034
2455629.90455 17.027
2455629.90582 17.013
2455629.90708 17.028
2455629.90835 17.018
2455629.91333 17.007
2455629.91459 16.986
2455629.91586 16.966
2455629.91713 16.991
2455629.91839 16.982
2455629.91966 16.986
2455629.92092 16.97
2455629.92219 16.97
2455629.92345 16.967
2455629.92472 16.983
2455629.92599 16.969
2455629.92725 16.968
2455629.92852 16.987
2455629.92978 16.968
2455629.93105 16.98
2455629.93232 16.961
2455629.93358 17.028
2455629.93485 17.018
2455629.93612 17.007
2455629.93941 17.011
2455629.94067 17.056
2455629.94194 17.021
2455629.94321 17.025
