2455625.6009 16.93
2455625.60198 16.916
2455625.60301 16.944
2455625.60404 16.936
2455625.60506 16.942
2455625.60625 16.914
2455625.60727 16.905
2455625.6083 16.936
2455625.60932 16.899
2455625.61034 16.921
2455625.61137 16.963
2455625.61238 16.952
2455625.61341 16.974
2455625.61444 16.92
2455625.61548 16.963
2455625.61651 16.996
2455625.61754 16.913
2455625.61855 16.963
2455625.61957 16.976
2455625.62059 16.951
2455625.62161 16.963
2455625.62263 17.012
2455625.62365 17.011
2455625.62466 16.971
2455625.62568 16.975
2455625.62671 17.043
2455625.62773 17.022
2455625.62875 17.063
2455625.62978 17.048
2455625.6308 17.017
2455625.63183 16.983
2455625.63286 16.996
2455625.63388 17.018
2455625.6349 17.042
2455625.63591 17.042
2455625.63694 17.001
2455625.63796 17.043
2455625.63898 16.908
2455625.64 16.949
2455625.64102 16.925
2455625.64204 16.902
2455625.64306 16.914
2455625.64409 16.795
2455625.6451 16.817
2455625.64613 16.852
2455625.64715 16.832
2455625.64817 16.812
2455625.64919 16.824
2455625.65022 16.873
2455625.65125 16.802
2455625.65227 16.85
2455625.65329 16.866
2455625.65431 16.819
2455625.65532 16.89
2455625.65634 16.85
2455625.65736 16.883
2455625.65838 16.84
2455625.6594 16.883
2455625.66042 16.863
2455625.66144 16.828
2455625.66245 16.849
2455625.66348 16.856
2455625.6645 16.856
2455625.66553 16.861
2455625.66656 16.855
2455625.66759 16.873
2455625.66861 16.917
2455625.66964 16.887
2455625.67066 16.907
2455625.67168 16.874
2455625.67271 16.833
2455625.67373 16.891
2455625.67475 16.876
2455625.67576 16.895
2455625.67678 16.876
2455625.6778 16.901
2455625.67882 16.852
2455625.67984 16.903
2455625.68086 16.852
2455625.68188 16.87
2455625.68291 16.89
2455625.68394 16.896
2455625.68495 16.883
2455625.68597 16.85
2455625.687 16.851
2455625.68803 16.868
2455625.68906 16.842
2455625.69008 16.84
2455625.69111 16.865
2455625.71666 16.892
2455625.71769 16.899
2455625.7187 16.927
2455625.71972 17.015
2455625.72178 17.001
2455625.7228 17.001
2455625.72383 17.003
2455625.72486 16.982
2455625.72589 17.001
2455625.72691 16.976
2455625.72793 16.937
2455625.72896 16.994
2455625.72998 16.951
2455625.731 16.971
2455625.73201 16.931
2455625.73303 16.958
2455625.73405 16.984
2455625.73507 16.933
2455625.7361 16.945
2455625.73713 16.979
2455625.73816 16.93
2455625.73919 16.938
2455625.74021 16.919
2455625.74124 16.927
2455625.74226 16.915
2455625.74328 16.927
2455625.74429 16.947
2455625.74532 16.914
2455625.74634 16.908
2455625.74736 16.909
2455625.74838 16.918
2455625.7494 16.918
2455625.75042 16.905
2455625.75144 16.903
2455625.75245 16.882
2455625.75347 16.897
2455625.75449 16.881
2455625.75551 16.874
2455625.75654 16.891
2455625.75756 16.858
2455625.75859 16.853
2455625.75962 16.872
2455625.76065 16.869
2455625.76168 16.855
2455625.7627 16.882
2455625.76373 16.89
2455625.76475 16.895
2455625.76576 16.875
2455625.76678 16.894
2455625.7678 16.928
2455625.76882 16.929
2455625.76984 16.921
2455625.77086 16.91
2455625.77188 16.934
2455625.77289 16.915
2455625.77391 16.92
2455625.77493 16.898
2455625.77595 16.903
2455625.77697 16.946
2455625.77799 16.91
2455625.77902 16.936
2455625.78005 16.864
2455625.78107 16.905
2455625.78208 16.869
2455625.7831 16.863
2455625.78412 16.867
2455625.78514 16.855
2455625.78616 16.894
2455625.78718 16.881
2455625.79949 16.791
2455625.80157 16.796
2455625.80262 16.807
2455625.80366 16.801
2455625.8047 16.763
2455625.80574 16.816
2455625.80678 16.799
2455625.80782 16.822
2455625.80887 16.802
2455625.81095 16.797
2455625.81199 16.824
2455625.81303 16.804
2455625.81407 16.779
2455625.81512 16.837
2455625.81616 16.816
2455625.8172 16.834
2455625.81824 16.789
2455625.81928 16.774
2455625.82032 16.824
2455625.82137 16.793
2455625.82241 16.803
2455625.82345 16.791
2455625.82449 16.804
2455625.82553 16.814
2455625.82657 16.827
2455625.82762 16.845
2455625.82866 16.888
2455625.8297 16.895
2455625.83074 16.863
2455625.83178 16.885
2455625.83282 16.864
2455625.83387 16.898
2455625.83491 16.898
2455625.83595 16.873
2455625.83699 16.886
2455625.83803 16.874
2455625.83907 16.887
2455625.84012 16.869
2455625.84116 16.934
2455625.8422 16.894
2455625.84324 16.931
2455625.84428 16.873
2455625.84532 16.895
2455625.84637 16.915
2455625.84741 16.867
2455625.84845 16.9
2455625.84949 16.898
2455625.85053 16.891
2455625.85157 16.905
2455625.85262 16.838
2455625.85366 16.835
2455625.8547 16.853
2455625.85574 16.803
2455625.85678 16.856
2455625.85782 16.818
2455625.85887 16.844
2455625.85991 16.783
2455625.86095 16.826
2455625.86199 16.825
2455625.86303 16.812
2455625.86407 16.816
2455625.86512 16.841
2455625.86616 16.798
2455625.8672 16.821
2455625.86824 16.793
2455625.86928 16.822
2455625.87032 16.805
2455625.87137 16.809
2455625.87241 16.792
2455625.87345 16.823
2455625.87449 16.844
2455625.87553 16.838
2455625.87657 16.871
2455625.87762 16.878
2455625.87866 16.875
2455625.8797 16.879
2455625.88178 16.865
2455625.88282 16.904
2455625.88387 16.857
2455625.88491 16.908
2455625.88595 16.87
2455625.88699 16.894
2455625.88803 16.87
2455625.88907 16.863
2455625.89012 16.886
2455625.89116 16.873
2455625.8922 16.918
2455625.89324 16.886
2455625.89428 16.921
2455625.89532 16.885
2455625.89637 16.878
2455625.89741 16.837
2455625.89845 16.912
2455625.89949 16.869
2455625.90053 16.909
2455625.90157 16.848
2455625.90262 16.89
2455625.90366 16.91
2455625.9047 16.891
2455625.90574 16.885
2455625.90678 16.858
2455625.90782 16.856
2455625.90887 16.829
2455625.90991 16.897
2455625.91095 16.869
2455625.91199 16.862
2455625.91303 16.766
2455625.91407 16.844
2455625.91512 16.819
2455625.9172 16.783
2455625.91824 16.793
2455625.91928 16.804
2455625.92032 16.822
2455625.92137 16.817
2455625.92241 16.821
2455625.92345 16.793
2455625.92449 16.839
2455625.92553 16.827
2455625.92657 16.835
2455625.93282 16.921
2455625.93595 16.943
2455625.93699 16.97
2455625.93803 17.004
2455625.94012 16.993
2455625.94116 16.976
2455625.9422 17.044
2455625.94324 17.038
2455625.94428 17.005
2455625.94532 16.989
2455625.94637 16.975
2455625.94741 17.033
2455625.94845 16.993
2455625.94949 16.943
2455625.95053 16.979
2455625.95157 16.979
2455625.95262 16.992
2455625.95366 16.91
2455625.9547 16.922
2455625.95574 16.951
2455625.95678 16.937
2455625.95782 16.91
2455625.95887 16.896
2455625.95991 16.896
2455625.96095 16.884
2455625.96199 16.959
2455625.96303 16.904
2455625.96407 16.879
2455625.96512 16.955
2455625.96616 16.894
2455625.9672 16.89
2455625.96824 16.897
2455625.96928 16.86
2455625.97032 16.854
2455625.97137 16.907
2455625.97241 16.851
2455625.97345 16.857
2455625.97449 16.842
2455625.97553 16.878
2455625.97657 16.896
2455625.97866 16.861
2455625.9797 16.898
2455625.98074 16.794
2455625.98178 16.867
2455625.98282 16.805
2455625.98387 16.816
2455625.98491 16.831
2455625.98595 16.841
2455625.98699 16.848
