2455631.60766 17.032
2455631.60945 17.029
2455631.61095 17.032
2455631.61244 17.01
2455631.61394 17.045
2455631.61544 17.058
2455631.61694 17.049
2455631.61844 17.066
2455631.61993 17.042
2455631.62143 17.075
2455631.6293 17.031
2455631.63081 17.069
2455631.6323 17.059
2455631.6338 17.046
2455631.6353 17.066
2455631.6368 17.038
2455631.63829 17.038
2455631.63979 17.025
2455631.64128 17.032
2455631.64278 17.035
2455631.64428 17.024
2455631.64584 17.015
2455631.64734 16.989
2455631.64884 16.994
2455631.65033 16.976
2455631.65183 16.968
2455631.65333 16.976
2455631.65482 16.988
2455631.65632 16.987
2455631.65797 16.955
2455631.65946 16.996
2455631.66096 16.985
2455631.66246 17.001
2455631.66396 17.003
2455631.66545 17.029
2455631.66695 17.033
2455631.66845 17.04
2455631.66994 17.006
2455631.67144 17.035
2455631.67294 17.027
2455631.67444 17.031
2455631.67593 17.028
2455631.67743 17.042
2455631.67893 17.05
2455631.68043 17.023
2455631.68192 17.037
2455631.68342 17.066
2455631.68492 17.05
2455631.68641 17.04
2455631.68791 17.035
2455631.6894 17.025
2455631.6909 17.035
2455631.6939 17.043
2455631.69539 17.006
2455631.69689 17.018
2455631.69839 17.003
2455631.69989 16.976
2455631.70138 16.965
2455631.70288 16.981
2455631.70437 16.98
2455631.70587 16.963
2455631.70737 16.965
2455631.70886 16.967
2455631.71036 16.97
2455631.71186 16.998
2455631.71336 16.979
2455631.71485 17.005
2455631.71635 16.992
2455631.71785 17.011
2455631.71935 17.023
2455631.72085 17.036
2455631.72234 17.025
2455631.72384 17.043
2455631.72533 17.028
2455631.72683 17.041
2455631.72833 17.041
2455631.72983 17.02
2455631.73132 17.031
2455631.73332 17.039
2455631.73482 17.01
2455631.73632 17.007
2455631.73781 17.013
2455631.73931 17.01
2455631.74081 17.031
2455631.74231 17.007
2455631.7438 16.994
2455631.7453 16.991
2455631.7468 16.99
2455631.74829 16.987
2455631.74979 16.962
2455631.75129 16.954
2455631.75278 16.939
2455631.75429 16.96
2455631.75578 16.954
2455631.75728 16.952
2455631.75877 16.935
2455631.76027 16.946
2455631.76177 16.944
2455631.76327 16.936
2455631.76476 16.952
2455631.76626 16.931
2455631.76776 16.924
2455631.76925 16.964
2455631.77075 16.977
2455631.77225 16.982
2455631.77374 17.002
2455631.77524 17.001
2455631.77674 17.02
2455631.77824 16.983
2455631.77973 16.999
2455631.78123 17.003
2455631.78273 16.973
2455631.78423 16.972
2455631.78572 16.984
2455631.79171 16.956
2455631.79321 16.999
2455631.79471 16.977
2455631.7962 16.971
2455631.7977 16.986
2455631.7992 16.993
2455631.8007 16.983
2455631.80219 16.982
2455631.80369 16.957
2455631.80519 16.95
2455631.80668 16.927
2455631.80891 16.924
2455631.81041 16.927
2455631.81191 16.937
2455631.81341 16.935
2455631.8149 16.934
2455631.8164 16.921
2455631.8179 16.928
2455631.8194 16.933
2455631.8209 16.956
2455631.82239 16.95
2455631.82389 16.94
2455631.82538 16.97
2455631.82688 16.976
2455631.82838 16.972
2455631.82988 16.966
2455631.83137 16.989
2455631.83287 16.988
2455631.83437 16.999
2455631.83586 16.99
2455631.83736 17.002
2455631.83885 17.001
2455631.84035 17.01
2455631.84185 17.003
2455631.84335 17.012
2455631.84484 16.99
2455631.84634 16.991
2455631.84784 17.0
2455631.84934 16.987
2455631.85083 17.0
2455631.85233 16.999
2455631.85383 16.976
2455631.85532 16.967
2455631.85683 16.972
2455631.85832 16.958
2455631.85982 16.967
2455631.86131 16.955
2455631.86281 16.939
2455631.86431 16.942
2455631.86581 16.939
2455631.8673 16.924
2455631.8688 16.925
2455631.8703 16.914
2455631.87179 16.931
2455631.87329 16.925
2455631.87479 16.943
2455631.87629 16.931
2455631.88925 16.98
2455631.89075 16.968
2455631.89225 16.978
2455631.89375 16.977
2455631.89525 16.973
2455631.89675 16.974
2455631.89825 16.94
2455631.91487 16.894
2455631.91637 16.901
2455631.91786 16.929
2455631.91936 16.932
2455631.92086 16.927
2455631.92236 16.943
2455631.92386 16.943
2455631.92535 16.934
2455631.92685 16.934
2455631.92835 16.91
2455631.92997 16.915
2455631.93147 16.949
2455631.93297 16.948
2455631.93446 16.981
2455631.93596 16.984
