2455624.59938 16.909
2455624.60046 16.921
2455624.60148 16.956
2455624.6025 16.924
2455624.60352 16.927
2455624.60462 16.934
2455624.60564 16.943
2455624.60666 16.883
2455624.60767 16.937
2455624.60869 16.833
2455624.60971 16.94
2455624.61073 16.91
2455624.61175 16.843
2455624.61277 16.914
2455624.61379 16.813
2455624.6148 16.907
2455624.61583 16.888
2455624.61685 16.903
2455624.61788 16.852
2455624.6189 16.845
2455624.61992 16.843
2455624.62094 16.862
2455624.62196 16.811
2455624.62298 16.864
2455624.62399 16.844
2455624.62501 16.815
2455624.62603 16.849
2455624.62705 16.881
2455624.62807 16.85
2455624.6301 16.921
2455624.63112 16.89
2455624.63214 16.88
2455624.63316 16.852
2455624.63418 16.833
2455624.63521 16.806
2455624.63623 16.782
2455624.63725 16.817
2455624.63826 16.831
2455624.63928 16.832
2455624.6403 16.819
2455624.64132 16.89
2455624.64234 16.864
2455624.64336 16.84
2455624.64438 16.869
2455624.64541 16.859
2455624.64642 16.86
2455624.64744 16.871
2455624.64846 16.858
2455624.64948 16.81
2455624.6505 16.846
2455624.65153 16.883
2455624.65255 16.879
2455624.65357 16.883
2455624.65458 16.877
2455624.6556 16.871
2455624.65662 16.875
2455624.65764 16.872
2455624.65866 16.902
2455624.65968 16.832
2455624.66069 16.825
2455624.66171 16.817
2455624.66273 16.871
2455624.66375 16.855
2455624.66477 16.878
2455624.66579 16.844
2455624.66681 16.796
2455624.66782 16.809
2455624.66884 16.87
2455624.66986 16.822
2455624.67088 16.844
2455624.6719 16.839
2455624.67292 16.842
2455624.67394 16.83
2455624.67495 16.859
2455624.67598 16.803
2455624.677 16.796
2455624.67802 16.81
2455624.67905 16.822
2455624.68007 16.881
2455624.6811 16.84
2455624.68212 16.854
2455624.68314 16.884
2455624.68416 16.86
2455624.68517 16.887
2455624.68619 16.885
2455624.68721 16.841
2455624.68823 16.905
2455624.68925 16.872
2455624.69027 16.887
2455624.69129 16.866
2455624.6923 16.877
2455624.69332 16.905
2455624.69434 16.933
2455624.69536 16.906
2455624.69638 16.892
2455624.6974 16.875
2455624.69841 16.864
2455624.69944 16.901
2455624.70046 16.895
2455624.70148 16.848
2455624.7025 16.832
2455624.70352 16.873
2455624.70454 16.859
2455624.70556 16.864
2455624.70657 16.889
2455624.70759 16.869
2455624.70861 16.899
2455624.71065 16.856
2455624.71167 16.876
2455624.71269 16.89
2455624.71372 16.877
2455624.71473 16.841
2455624.71576 16.872
2455624.71678 16.856
2455624.7178 16.897
2455624.71882 16.876
2455624.71984 16.855
2455624.72086 16.883
2455624.72188 16.849
2455624.72289 16.876
2455624.72391 16.868
2455624.72493 16.852
2455624.72595 16.892
2455624.72697 16.854
2455624.72799 16.889
2455624.72901 16.878
2455624.73002 16.896
2455624.73104 16.859
2455624.73206 16.829
2455624.73308 16.827
2455624.7341 16.838
2455624.73512 16.842
2455624.73613 16.854
2455624.73715 16.86
2455624.73817 16.848
2455624.73919 16.87
2455624.74021 16.851
2455624.74123 16.855
2455624.74225 16.881
2455624.74326 16.902
2455624.74428 16.857
2455624.7453 16.872
2455624.74632 16.896
2455624.74734 16.907
2455624.74836 16.945
2455624.74938 16.889
2455624.75039 16.929
2455624.75141 16.902
2455624.75243 16.896
2455624.75345 16.913
2455624.75447 16.936
2455624.75549 16.905
2455624.75652 16.913
2455624.75755 16.926
2455624.75857 16.923
2455624.75958 16.889
2455624.76061 16.894
2455624.76164 16.918
2455624.76266 16.911
2455624.76368 16.918
2455624.7647 16.916
2455624.76572 16.938
2455624.76674 16.879
2455624.76776 16.908
2455624.76877 16.914
2455624.76979 16.886
2455624.77081 16.948
2455624.77183 16.87
2455624.77285 16.84
2455624.77387 16.902
2455624.77488 16.863
2455624.7759 16.852
2455624.77692 16.872
2455624.77795 16.822
2455624.77897 16.81
2455624.78 16.832
2455624.78102 16.812
2455624.78204 16.818
2455624.78407 16.851
2455624.78509 16.843
2455624.78611 16.825
2455624.78713 16.858
2455624.78815 16.876
2455624.78917 16.88
2455624.79019 16.875
2455624.7912 16.911
2455624.79222 16.865
2455624.79324 16.94
2455624.79426 16.914
2455624.79528 16.91
2455624.7963 16.928
2455624.79732 16.913
2455624.79833 16.937
2455624.79935 16.954
2455624.80037 16.927
2455624.80139 16.966
2455624.80241 16.975
2455624.80343 16.96
2455624.80444 17.002
2455624.80546 17.0
2455624.80648 16.974
2455624.8075 16.972
2455624.80852 16.987
2455624.80954 17.022
2455624.81056 17.001
2455624.81157 16.99
2455624.81259 17.012
2455624.81361 16.977
2455624.81463 17.027
2455624.81565 17.002
2455624.81667 16.995
2455624.81769 16.979
2455624.8187 16.997
2455624.81972 17.029
2455624.82074 17.027
2455624.82176 16.992
2455624.8238 17.02
2455624.82482 16.971
2455624.82583 16.986
2455624.82685 16.946
2455624.82787 16.94
2455624.82889 16.967
2455624.82991 16.924
2455624.83093 16.946
2455624.83296 16.899
2455624.83398 16.931
2455624.835 16.912
2455624.83602 16.878
2455624.83704 16.884
2455624.83806 16.89
2455624.83907 16.875
2455624.84009 16.897
2455624.84111 16.861
2455624.84213 16.881
2455624.84315 16.913
2455624.84417 16.827
2455624.84519 16.857
2455624.8462 16.851
2455624.84722 16.879
2455624.84824 16.873
2455624.84926 16.899
2455624.85028 16.906
2455624.8513 16.937
2455624.85232 16.902
2455624.85333 16.902
2455624.85435 16.932
2455624.85537 16.916
2455624.85639 16.951
2455624.85741 16.901
2455624.85843 16.898
2455624.85944 16.89
2455624.86046 16.917
2455624.86148 16.92
2455624.8625 16.904
2455624.86352 16.936
2455624.86454 16.908
2455624.86556 16.923
2455624.86657 16.942
2455624.86759 16.931
2455624.86861 16.897
2455624.86963 16.944
2455624.87066 16.884
2455624.87168 16.917
2455624.8727 16.892
2455624.87372 16.903
2455624.87473 16.91
2455624.87575 16.905
2455624.87677 16.839
2455624.87779 16.838
2455624.87881 16.927
2455624.87983 16.851
2455624.88085 16.872
2455624.88186 16.878
2455624.88288 16.821
2455624.8839 16.859
2455624.88492 16.876
2455624.88595 16.792
2455624.88697 16.805
2455624.88799 16.789
2455624.88901 16.826
2455624.89002 16.84
2455624.89104 16.815
2455624.89206 16.805
2455624.89308 16.803
2455624.8941 16.821
2455624.89513 16.814
2455624.89615 16.831
2455624.89718 16.809
2455624.89819 16.794
2455624.89921 16.84
2455624.90023 16.816
2455624.90125 16.851
2455624.90227 16.85
2455624.90329 16.812
2455624.90431 16.834
2455624.90532 16.875
2455624.90634 16.875
2455624.90736 16.841
2455624.90838 16.844
2455624.9094 16.881
2455624.91042 16.877
2455624.91145 16.85
2455624.91247 16.882
2455624.91348 16.861
2455624.9145 16.863
2455624.91552 16.898
2455624.91654 16.872
2455624.91756 16.929
2455624.91858 16.866
2455624.9196 16.853
2455624.92063 16.955
2455624.92164 16.871
2455624.92266 16.886
2455624.92368 16.936
2455624.9247 16.91
2455624.92572 16.927
2455624.92674 16.901
2455624.92776 16.876
2455624.92877 16.899
2455624.9298 16.873
2455624.93082 16.864
2455624.93184 16.863
2455624.93286 16.842
2455624.93388 16.846
2455624.9349 16.854
2455624.93591 16.825
2455624.93693 16.819
2455624.93795 16.797
2455624.93897 16.824
2455624.93999 16.793
2455624.94101 16.793
2455624.94203 16.785
2455624.94304 16.84
2455624.94406 16.779
2455624.94508 16.828
2455624.9461 16.809
2455624.94712 16.779
2455624.94814 16.806
2455624.94917 16.837
2455624.95019 16.793
2455624.9512 16.865
2455624.95222 16.755
2455624.95324 16.773
2455624.95426 16.809
2455624.95528 16.789
2455624.9563 16.844
2455624.95732 16.853
2455624.95833 16.837
2455624.95935 16.845
2455624.96037 16.813
2455624.96139 16.852
2455624.96241 16.849
2455624.96343 16.857
2455624.96444 16.911
2455624.96546 16.882
2455624.96648 16.989
2455624.9675 16.985
2455624.96852 16.94
2455624.96954 16.96
2455624.97157 16.946
2455624.97259 16.976
2455624.97361 16.956
2455624.97463 16.959
2455624.97565 16.932
2455624.97667 16.98
2455624.97769 16.936
2455624.9787 16.995
2455624.97973 16.972
2455624.98075 16.969
2455624.98178 17.018
2455624.9828 16.93
2455624.98382 16.948
2455624.98484 16.977
2455624.98586 16.951
