2454172.91772 -0.06
2454172.92073 -0.065
2454172.9319 -0.217
2454172.9606 -0.01
2454172.96361 -0.001
2454172.98227 0.046
2454172.98528 0.053
2454173.00354 0.001
2454173.00655 -0.002
2454173.02488 -0.094
2454173.02789 -0.096
2454173.04631 -0.03
2454173.04931 -0.023
2454173.06897 0.073
2454173.07199 0.082
2454173.09029 -0.034
2454173.09331 -0.035
2454173.11157 -0.13
2454173.11459 -0.111
2454173.13304 -0.051
2454173.13606 -0.026
2454173.14693 0.05
2454173.15017 0.072
2454173.16706 0.046
2454173.17007 0.024
2454173.18566 -0.051
2454173.18867 -0.121
2454173.2043 -0.097
2454173.20732 -0.085
2454173.22259 -0.058
2454173.22575 -0.022
2454173.24247 0.067
2454173.2456 0.081
2454173.2619 -0.057
2454173.26492 -0.046
2454173.28032 -0.032
2454173.28334 -0.049
