2454169.92955 -0.572
2454169.93256 -0.515
2454169.93618 -0.522
2454169.93919 -0.491
2454169.94295 -0.479
2454169.95638 -0.454
2454169.95939 -0.402
2454169.9632 -0.35
2454169.96621 -0.334
2454169.97739 -0.322
2454169.98039 -0.368
2454169.99807 -0.428
2454170.00108 -0.439
2454170.01956 -0.509
2454170.02257 -0.522
2454170.04099 -0.421
2454170.04399 -0.382
2454170.06329 -0.347
2454170.0663 -0.364
2454170.08406 -0.464
2454170.08707 -0.479
2454170.10524 -0.557
2454170.10825 -0.555
2454170.12741 -0.423
2454170.13056 -0.39
2454170.15284 -0.368
2454170.17669 -0.428
2454170.1797 -0.456
2454170.20339 -0.482
2454170.20661 -0.515
2454170.22947 -0.337
2454170.23259 -0.322
2454170.25664 -0.481
2454170.25998 -0.47
2454170.28286 -0.539
2454170.28614 -0.55
