2454169.92955 -0.572
2454169.93256 -0.516
2454169.93618 -0.522
2454169.93919 -0.492
2454169.94295 -0.479
2454169.95638 -0.453
2454169.95939 -0.401
2454169.96319 -0.35
2454169.9662 -0.333
2454169.97738 -0.322
2454169.98039 -0.367
2454169.99807 -0.427
2454170.00108 -0.438
2454170.01956 -0.507
2454170.02257 -0.521
2454170.04098 -0.419
2454170.04399 -0.38
2454170.06329 -0.344
2454170.0663 -0.362
2454170.08406 -0.461
2454170.08707 -0.477
2454170.10524 -0.555
2454170.10825 -0.551
2454170.12741 -0.42
2454170.13056 -0.386
2454170.15284 -0.365
2454170.17669 -0.424
2454170.1797 -0.452
2454170.20339 -0.477
2454170.20661 -0.51
2454170.22947 -0.332
2454170.23259 -0.317
2454170.25664 -0.475
2454170.25998 -0.465
2454170.28286 -0.533
2454170.28613 -0.544
