2456849.924844 +14.833
2456849.933578 +14.810
2456849.964876 +14.778
2456849.969242 +14.757
2456849.973609 +14.811
2456849.977976 +14.812
2456849.982341 +14.810
2456849.986707 +14.802
2456849.991074 +14.778
2456849.995448 +14.786
2456849.999813 +14.802
2456850.004179 +14.802
2456850.008546 +14.833
2456850.012916 +14.853
2456850.017282 +14.884
2456850.021648 +14.953
2456850.056018 +14.884
2456850.060386 +14.900
2456850.064753 +14.948
2456850.069225 +14.956
2456850.073593 +14.984
2456850.077960 +14.931
2456850.082322 +14.914
2456850.086688 +14.889
2456850.091049 +14.850
2456850.095414 +14.831
2456850.099785 +14.770
2456850.104153 +14.767
2456850.108515 +14.780
2456850.112875 +14.827
2456850.117243 +14.785
2456850.121608 +14.811
2456850.125978 +14.813
2456850.130346 +14.843
2456850.138419 +14.823
2456850.142785 +14.775
2456850.147153 +14.754
2456850.151524 +14.730
2456850.155891 +14.722
2456850.160260 +14.747
2456850.164629 +14.789
2456850.168988 +14.789
2456850.173353 +14.778
2456850.177721 +14.815
2456850.182092 +14.801
2456850.208297 +14.781
2456850.212666 +14.814
2456850.217027 +14.838
2456850.221393 +14.838
2456850.225755 +14.856
2456850.230212 +14.827
2456850.234576 +14.889
2456850.238941 +14.850
2456850.246456 +14.846
2456850.250822 +14.830
2456850.259559 +14.803
2456850.264034 +14.805
2456850.268395 +14.827
2456850.272756 +14.844
2456850.277125 +14.797
2456850.281490 +14.817
2456850.285857 +14.809
2456850.290752 +14.761
2456850.295121 +14.767
2456850.299487 +14.802
2456850.303851 +14.793
2456850.316945 +14.838
2456850.321312 +14.788
2456850.325670 +14.818
