2454208.952 0.202
2454208.95509 0.192
2454208.9601 0.221
2454208.96322 0.239
2454208.96769 0.22
2454208.97942 0.241
2454208.9835 0.266
2454209.00196 0.358
2454209.00676 0.397
2454209.01431 0.383
2454209.01809 0.313
2454209.03146 0.151
2454209.03454 0.152
2454209.04778 0.117
2454209.0525 0.148
2454209.06593 0.189
2454209.06901 0.2
2454209.08372 0.13
2454209.08678 0.126
2454209.10016 0.118
2454209.10325 0.082
2454209.11781 0.167
2454209.12234 0.166
2454209.13564 0.086
2454209.13873 0.083
2454209.15329 0.116
2454209.15771 0.122
2454209.17109 0.152
2454209.17417 0.175
2454209.18748 0.083
2454209.19184 0.082
2454209.20638 0.088
2454209.20946 0.117
2454209.22409 0.163
2454209.22723 0.154
