2455261.95471 0.322
2455261.95833 0.256
2455261.96194 0.218
2455261.96552 0.186
2455261.96898 0.219
2455261.97118 0.197
2455261.97337 0.268
2455261.97556 0.237
2455261.97774 0.297
2455261.97993 0.267
2455261.98212 0.279
2455261.98431 0.256
2455261.9865 0.236
2455261.98869 0.253
2455261.99088 0.266
2455261.99307 0.237
2455261.99525 0.357
2455261.99743 0.319
2455261.99963 0.285
2455262.00182 0.298
2455262.004 0.335
2455262.00619 0.291
2455262.00838 0.319
2455262.01056 0.262
2455262.01352 0.269
2455262.01573 0.218
2455262.01792 0.236
2455262.02011 0.22
2455262.0223 0.224
2455262.02448 0.208
2455262.02667 0.252
2455262.02887 0.286
2455262.03105 0.267
2455262.03324 0.27
2455262.03543 0.247
2455262.03762 0.246
2455262.03981 0.273
2455262.04199 0.281
2455262.04418 0.28
2455262.04637 0.284
2455262.04856 0.327
2455262.05076 0.347
2455262.05295 0.321
2455262.05513 0.328
2455262.0581 0.304
2455262.06029 0.285
2455262.06248 0.28
2455262.06467 0.221
2455262.06687 0.209
2455262.06905 0.181
2455262.07124 0.173
2455262.07344 0.171
2455262.07563 0.195
2455262.07785 0.163
2455262.08007 0.195
2455262.08228 0.225
2455262.0845 0.244
2455262.08673 0.24
2455262.08894 0.246
2455262.09116 0.268
2455262.09338 0.231
2455262.0956 0.286
2455262.09782 0.282
2455262.10004 0.244
2455262.1031 0.266
2455262.10529 0.3
2455262.10748 0.323
2455262.10967 0.315
2455262.11186 0.337
2455262.11405 0.32
2455262.11624 0.265
2455262.11845 0.31
2455262.12063 0.284
2455262.12283 0.272
2455262.12501 0.273
2455262.1272 0.261
2455262.12939 0.243
2455262.13158 0.271
2455262.13693 0.227
2455262.13912 0.244
2455262.14131 0.262
2455262.1435 0.235
2455262.14569 0.21
2455262.14788 0.236
2455262.15101 0.259
2455262.1532 0.267
2455262.15539 0.264
2455262.15757 0.291
2455262.15976 0.298
2455262.16195 0.329
2455262.18414 0.201
2455262.18633 0.244
2455262.18853 0.25
2455262.19073 0.241
2455262.19292 0.276
2455262.19584 0.24
2455262.19803 0.278
2455262.20023 0.266
2455262.20242 0.269
2455262.20462 0.303
2455262.2068 0.308
2455262.20901 0.3
2455262.2112 0.317
2455262.21339 0.353
2455262.21558 0.334
2455262.21777 0.288
