2454738.779178 -0.2360
2454738.781539 -0.2355
2454738.783924 -0.2392
2454738.786296 -0.2350
2454738.788669 -0.2398
2454738.791030 -0.2496
2454738.793461 -0.2455
2454738.795833 -0.2217
2454738.798252 -0.1860
2454738.800637 -0.2031
2454738.803009 -0.1953
2454738.805382 -0.1813
2454738.807755 -0.1935
2454738.810116 -0.1937
2454738.812488 -0.1988
2454738.815208 -0.2170
2454738.817581 -0.2281
2454738.819954 -0.2441
2454738.822326 -0.2584
2454738.824699 -0.2509
2454738.827095 -0.2598
2454738.829479 -0.2500
2454738.831852 -0.2425
2454738.834225 -0.2514
2454738.836678 -0.2341
2454738.839051 -0.2348
2454738.841424 -0.2326
2454738.844190 -0.2254
2454738.846563 -0.2239
2454738.875104 -0.2386
2454738.877488 -0.2424
2454738.879861 -0.2432
2454738.882245 -0.2339
2454738.884618 -0.2060
2454738.886991 -0.1985
2454738.889363 -0.2071
2454738.891736 -0.2098
2454738.894109 -0.2276
2454738.896481 -0.2167
2454738.898854 -0.2214
2454738.901238 -0.2174
2454738.903935 -0.1969
2454738.906308 -0.2020
2454738.908681 -0.1933
2454738.911053 -0.1889
2454738.913426 -0.1843
2454738.916157 -0.1926
2454738.918530 -0.2079
2454738.920903 -0.2297
2454738.923275 -0.2337
2454738.925648 -0.2229
2454738.928021 -0.2171
2454738.930394 -0.2198
2454738.933021 -0.1959
2454738.935394 -0.1796
2454738.937766 -0.1490
2454738.940150 -0.1457
2454738.942523 -0.1164
2454738.944884 -0.1210
2454738.947257 -0.1258
2454738.949630 -0.0999
2454738.952014 -0.0959
2454738.954375 -0.0711
2454738.956759 -0.0617
2454738.959120 -0.0374
2454738.961759 -0.0514
2454738.964491 -0.0684
2454738.966921 -0.0363
2454738.969294 -0.0476
2454738.971667 -0.0689
2454738.974039 -0.0747
2454738.976412 -0.1102
2454738.978785 -0.1398
2454738.981157 -0.1455
2454738.983530 -0.1745
2454738.985903 -0.1869
2454738.988345 -0.1486
2454738.991019 -0.1610
2454738.993391 -0.1579
2454738.995764 -0.1727
