2455801.87646 1.569
2455801.87875 1.56
2455801.88103 1.52
2455801.88635 1.551
2455801.88867 1.547
2455801.89097 1.537
2455801.89666 1.525
2455801.89898 1.522
2455801.90127 1.537
2455801.90696 1.591
2455801.90925 1.586
2455801.91156 1.594
2455801.91719 1.609
2455801.91948 1.599
2455801.92179 1.556
2455801.93773 1.487
2455801.94004 1.501
2455801.94233 1.53
2455801.948 1.522
2455801.95029 1.522
2455801.9526 1.528
2455801.95822 1.567
2455801.96052 1.584
2455801.96281 1.578
2455801.97229 1.606
2455801.9746 1.594
2455801.9769 1.577
2455801.99462 1.553
2455801.99692 1.54
2455801.99921 1.534
2455802.0169 1.587
2455802.01919 1.59
2455802.02149 1.588
2455802.03913 1.505
2455802.04144 1.485
2455802.04374 1.502
2455802.06138 1.566
2455802.06367 1.582
2455802.06597 1.586
2455802.08361 1.572
2455802.08589 1.559
2455802.08819 1.537
2455802.1058 1.551
2455802.10809 1.538
2455802.11038 1.557
2455802.12809 1.622
2455802.13037 1.603
2455802.13267 1.604
2455802.15266 1.546
2455802.15498 1.547
2455802.17258 1.59
2455802.17488 1.591
2455802.17716 1.612
2455802.19472 1.595
2455802.19704 1.568
2455802.19933 1.523
2455802.22205 1.61
2455802.24017 1.66
2455802.24244 1.598
2455802.24473 1.588
