2454737.634259 +0.1518
2454737.636563 +0.1220
2454737.638866 +0.1233
2454737.641157 +0.0963
2454737.643461 +0.0708
2454737.645752 +0.0722
2454737.648056 +0.0941
2454737.650347 +0.0981
2454737.652650 +0.1101
2454737.654942 +0.1270
2454737.657245 +0.1149
2454737.659549 +0.1246
2454737.661852 +0.1457
2454737.664144 +0.1399
2454737.666447 +0.1533
2454737.668993 +0.1590
2454737.671296 +0.1948
2454737.673588 +0.1753
2454737.675880 +0.1750
2454737.678183 +0.1830
2454737.680475 +0.2050
2454737.683137 +0.1948
2454737.685428 +0.1747
2454737.687731 +0.1607
2454737.690023 +0.1476
2454737.692326 +0.1568
2454737.694630 +0.1307
2454737.696921 +0.1026
2454737.699213 +0.0987
2454737.701516 +0.1014
2454737.704063 +0.1058
2454737.706354 +0.1180
2454737.708657 +0.1353
2454737.710949 +0.1309
2454737.713252 +0.1284
2454737.715544 +0.1331
2454737.717847 +0.1345
2454737.720139 +0.1281
2454737.722431 +0.1375
2454737.724734 +0.1618
2454737.727025 +0.1682
2454737.729329 +0.1961
2454737.731632 +0.1886
2454737.734259 +0.2007
2454737.736551 +0.2068
2454737.739236 +0.1823
2454737.741528 +0.1578
2454737.743819 +0.1507
2454737.746123 +0.1359
2454737.748414 +0.1122
2454737.750718 +0.0957
2454737.753009 +0.0880
2454737.755301 +0.0905
2454737.757604 +0.0998
2454737.759896 +0.1123
2454737.762188 +0.1162
2454737.764491 +0.1155
2454737.766782 +0.1144
2454737.769086 +0.1193
2454737.771389 +0.1356
2454737.816366 +0.1554
2454737.818669 +0.1459
2454737.820972 +0.1390
2454737.823275 +0.1412
2454737.825579 +0.1480
2454737.827870 +0.1449
2454737.830174 +0.1477
2454737.832465 +0.1647
2454737.834769 +0.1805
2454737.864537 +0.1312
2454737.866840 +0.1429
2454737.869132 +0.1610
2454737.871435 +0.1506
2454737.873727 +0.1509
2454737.876030 +0.1510
2454737.878322 +0.1588
2454737.880613 +0.1563
2454737.882917 +0.1722
2454737.906308 +0.1695
2454737.908600 +0.1484
2454737.910903 +0.1346
2454737.913194 +0.1331
2454737.915498 +0.1382
2454737.917789 +0.1627
2454737.920093 +0.1907
2454737.922384 +0.2126
2454737.924676 +0.2315
2454737.926956 +0.2449
2454737.929248 +0.2701
2454737.931782 +0.2769
2454737.934074 +0.2725
2454737.936366 +0.2837
2454737.938669 +0.3066
2454737.940961 +0.3031
2454737.943264 +0.3104
2454737.945556 +0.3120
2454737.947859 +0.3277
2454737.950556 +0.3212
2454737.952847 +0.3088
2454737.955139 +0.2714
2454737.957755 +0.2734
2454737.960046 +0.2384
2454737.962338 +0.2188
2454737.964641 +0.2052
2454737.966933 +0.2292
2454737.969236 +0.1996
2454737.971528 +0.2002
2454737.973831 +0.2001
2454737.976123 +0.1995
2454737.978414 +0.1927
2454737.980718 +0.2057
