2456864.914782 +14.871
2456864.919157 +14.822
2456864.923523 +14.806
2456864.927879 +14.767
2456864.932246 +14.758
2456864.936622 +14.744
2456864.962430 +14.767
2456864.966904 +14.786
2456864.979991 +14.768
2456865.001814 +14.772
2456865.006178 +14.762
2456865.010539 +14.797
2456865.014903 +14.856
2456865.019270 +14.886
2456865.023738 +14.871
2456865.045812 +14.813
2456865.050282 +14.808
2456865.054649 +14.825
2456865.059024 +14.850
2456865.063402 +14.847
2456865.067771 +14.847
2456865.088563 +14.854
2456865.092931 +14.839
2456865.097302 +14.842
2456865.101672 +14.868
2456865.106040 +14.860
2456865.110420 +14.862
2456865.131335 +14.880
2456865.135702 +14.869
2456865.140173 +14.860
2456865.144535 +14.840
2456865.148903 +14.848
2456865.153265 +14.895
2456865.174748 +14.987
2456865.179221 +15.014
2456865.183592 +15.051
2456865.187961 +15.029
2456865.192326 +14.990
2456865.196697 +14.931
2456865.222501 +14.990
2456865.226855 +14.997
2456865.231212 +14.900
2456865.235573 +14.889
2456865.239938 +14.923
2456865.245441 +14.938
2456865.249810 +14.931
2456865.258541 +14.950
2456865.262903 +14.995
2456865.267262 +14.982
2456865.272881 +14.995
2456865.277247 +15.044
2456865.281613 +15.077
2456865.285979 +15.101
2456865.290452 +15.155
2456865.294817 +15.149
