2454223.92793 0.333
2454223.93146 0.319
2454223.93973 0.384
2454223.94348 0.399
2454223.94712 0.418
2454223.9509 0.434
2454223.95487 0.446
2454223.95888 0.419
2454223.96263 0.409
2454223.96631 0.368
2454223.97006 0.366
2454223.97391 0.374
2454223.97765 0.364
2454223.98137 0.353
2454223.98511 0.356
2454223.98895 0.362
2454223.99279 0.368
2454223.99644 0.422
2454224.00018 0.415
2454224.0039 0.402
2454224.00778 0.404
2454224.01149 0.374
2454224.01521 0.357
2454224.01897 0.331
2454224.02262 0.31
2454224.02633 0.323
2454224.03028 0.353
2454224.03396 0.38
2454224.03765 0.357
2454224.04153 0.376
2454224.0454 0.393
2454224.04922 0.415
2454224.05296 0.425
2454224.05674 0.451
2454224.0604 0.439
2454224.06408 0.416
2454224.06778 0.393
2454224.07159 0.342
2454224.09823 0.385
2454224.10176 0.405
2454224.10529 0.434
2454224.10883 0.419
2454224.11236 0.457
2454224.11589 0.439
2454224.11943 0.441
2454224.12296 0.445
2454224.12648 0.44
2454224.13003 0.443
2454224.13356 0.457
2454224.13709 0.459
2454224.14062 0.48
2454224.14414 0.516
2454224.14767 0.497
2454224.1512 0.506
2454224.15473 0.56
2454224.15826 0.529
2454224.16179 0.61
2454224.16533 0.599
2454224.16886 0.583
2454224.17239 0.556
2454224.17592 0.501
2454224.17945 0.459
2454224.18297 0.44
2454224.18649 0.395
2454224.19001 0.404
2454224.19353 0.365
2454224.19705 0.361
2454224.20057 0.37
2454224.20409 0.359
2454224.20761 0.41
2454224.21113 0.381
