2455806.87076 1.808
2455806.87306 1.793
2455806.87868 1.877
2455806.8833 1.874
2455806.8889 1.891
2455806.89119 1.876
2455806.8935 1.865
2455806.89909 1.871
2455806.90139 1.863
2455806.90793 1.781
2455806.9136 1.721
2455806.91597 1.706
2455806.91829 1.703
2455806.92399 1.68
2455806.92629 1.677
2455806.9286 1.672
2455806.93434 1.643
2455806.93664 1.659
2455806.93899 1.696
2455806.94468 1.725
2455806.947 1.747
2455806.94933 1.712
2455806.95506 1.691
2455806.95742 1.66
2455806.95975 1.643
2455806.98032 1.62
2455806.98267 1.604
2455806.98501 1.617
2455807.00495 1.711
2455807.0073 1.708
2455807.00963 1.696
2455807.02951 1.663
2455807.03185 1.646
2455807.03417 1.646
2455807.05426 1.685
2455807.05655 1.679
2455807.05884 1.68
2455807.07888 1.636
2455807.08122 1.648
2455807.08353 1.659
2455807.10362 1.713
2455807.10595 1.697
2455807.10832 1.712
2455807.13074 1.61
2455807.13309 1.635
2455807.15304 1.718
2455807.15542 1.711
2455807.15778 1.716
2455807.17773 1.635
2455807.18008 1.639
2455807.18241 1.627
2455807.20265 1.669
2455807.20495 1.712
2455807.20723 1.709
2455807.22504 1.706
2455807.22734 1.701
