2454210.94623 1.126
2454210.94931 1.092
2454210.95332 1.064
2454210.96879 1.095
2454210.97186 1.092
2454210.97588 1.135
2454210.98955 1.281
2454210.99263 1.282
2454210.99572 1.297
2454211.01063 1.229
2454211.0137 1.227
2454211.01677 1.224
2454211.03278 1.251
2454211.03586 1.243
2454211.03894 1.266
2454211.05208 1.2
2454211.0564 1.157
2454211.05948 1.123
2454211.07395 1.08
2454211.07703 1.086
2454211.08133 1.073
2454211.09529 1.159
2454211.09837 1.196
2454211.10238 1.168
2454211.11622 1.12
2454211.11931 1.11
2454211.12238 1.133
2454211.13551 1.104
2454211.14016 1.12
2454211.14325 1.126
2454211.16578 1.084
2454211.16885 1.041
2454211.17263 1.033
2454211.18602 1.103
2454211.1891 1.118
2454211.19219 1.13
2454211.20708 1.147
2454211.21325 1.135
