2456862.919928 +14.870
2456862.924293 +14.873
2456862.928658 +14.891
2456862.933021 +14.884
2456862.937385 +14.892
2456862.963566 +14.862
2456862.967971 +14.857
2456862.972332 +14.865
2456862.977012 +14.908
2456862.981379 +14.913
2456862.985742 +14.909
2456862.990103 +14.894
2456862.994473 +14.861
2456862.998838 +14.842
2456863.003202 +14.809
2456863.007564 +14.815
2456863.011931 +14.851
2456863.020895 +14.854
2456863.025260 +14.874
2456863.029627 +14.896
2456863.033992 +14.903
2456863.038353 +14.911
2456863.042715 +14.926
2456863.047079 +14.909
2456863.051443 +14.910
2456863.055813 +14.843
2456863.064548 +14.852
2456863.068917 +14.853
2456863.073292 +14.856
2456863.077660 +14.864
2456863.082026 +14.873
2456863.090763 +14.924
2456863.095340 +14.930
2456863.099708 +14.907
2456863.105675 +14.877
2456863.110043 +14.834
2456863.114411 +14.842
2456863.118781 +14.853
2456863.148997 +14.975
2456863.153472 +14.992
2456863.157835 +14.970
2456863.162200 +14.941
2456863.166564 +14.922
2456863.170932 +14.965
2456863.175300 +14.984
2456863.179665 +14.988
2456863.184032 +14.971
2456863.192865 +15.004
2456863.197233 +15.014
2456863.201598 +15.005
2456863.206175 +14.970
2456863.210539 +14.886
2456863.215088 +14.808
2456863.219453 +14.794
2456863.223817 +14.807
2456863.228183 +14.797
2456863.232658 +14.832
2456863.240901 +14.871
2456863.245268 +14.915
2456863.249633 +14.949
2456863.254107 +14.942
2456863.258472 +14.908
2456863.262838 +14.873
2456863.267204 +14.840
2456863.271568 +14.813
