2454295.83221 1.111
2454295.83574 1.114
2454295.83928 1.105
2454295.84283 1.082
2454295.84637 1.085
2454295.8499 1.13
2454295.85343 1.131
2454295.85696 1.081
2454295.86051 1.095
2454295.86404 1.079
2454295.86757 1.047
2454295.87601 1.071
2454295.87954 1.067
2454295.88308 1.081
2454295.8866 1.117
2454295.89013 1.129
2454295.89366 1.134
2454295.89719 1.208
2454295.90072 1.124
2454295.90425 1.138
2454295.90777 1.116
2454295.9113 1.121
2454295.91483 1.148
2454295.91836 1.106
2454295.92188 1.091
2454295.92541 1.067
2454295.92894 1.034
2454295.93247 1.04
2454295.93601 1.065
2454295.93954 1.055
2454295.94307 1.071
2454295.9466 1.053
2454295.95013 1.056
2454295.95366 1.135
2454295.95721 1.171
2454295.96074 1.166
2454295.96426 1.1
2454295.96779 1.086
2454295.97132 1.031
2454295.97484 1.009
2454295.97837 0.975
2454295.9819 0.95
2454295.98543 0.971
2454295.98896 0.974
2454295.99249 1.001
2454295.99602 1.035
2454295.99955 1.046
2454296.00308 1.095
2454296.00662 1.08
2454296.01014 1.08
2454296.01367 1.105
2454296.01721 1.087
2454296.02074 1.125
2454296.02427 1.109
2454296.0278 1.055
2454296.03133 1.075
2454296.03486 1.028
2454296.03839 1.03
2454296.04191 1.033
2454296.04545 1.071
2454296.04898 1.018
