2455811.86226 1.507
2455811.86462 1.558
2455811.8669 1.56
2455811.87255 1.586
2455811.87486 1.593
2455811.87715 1.574
2455811.88282 1.577
2455811.88512 1.539
2455811.88742 1.554
2455811.9135 1.7
2455811.91579 1.706
2455811.91808 1.721
2455811.92379 1.762
2455811.92609 1.79
2455811.92839 1.801
2455811.93404 1.719
2455811.93634 1.737
2455811.93866 1.734
2455811.9586 1.655
2455811.96088 1.626
2455811.96318 1.627
2455811.98302 1.601
2455811.98531 1.58
2455811.98764 1.557
2455812.00748 1.52
2455812.00977 1.504
2455812.0121 1.499
2455812.03228 1.603
2455812.03458 1.573
2455812.03688 1.575
2455812.05683 1.539
2455812.05912 1.559
2455812.06141 1.548
2455812.08164 1.585
2455812.08392 1.566
2455812.0862 1.566
