2454225.89031 0.569
2454225.8934 0.553
2454225.89647 0.529
2454225.91227 0.548
2454225.91535 0.568
2454225.91841 0.57
2454225.93392 0.653
2454225.937 0.607
2454225.94007 0.584
2454225.95586 0.541
2454225.95894 0.564
2454225.96201 0.551
2454225.97524 0.586
2454225.9791 0.597
2454225.98219 0.591
2454225.99667 0.596
2454226.00068 0.591
2454226.00376 0.585
2454226.01866 0.585
2454226.02174 0.613
2454226.02579 0.585
2454226.04037 0.61
2454226.04345 0.62
2454226.04747 0.583
2454226.06193 0.544
2454226.06501 0.569
2454226.06904 0.6
2454226.08383 0.625
2454226.08691 0.642
2454226.09001 0.647
2454226.10692 0.559
2454226.11 0.547
2454226.11311 0.555
2454226.12932 0.619
2454226.13241 0.649
2454226.15281 0.782
2454226.1609 0.685
2454226.16403 0.663
2454226.18396 0.713
2454226.18705 0.743
2454226.20727 0.688
2454226.21035 0.703
2454226.22829 0.563
2454226.23138 0.566
2454226.25104 0.613
2454226.25414 0.654
