2454254.85259 1.813
2454254.85567 1.802
2454254.8606 1.858
2454254.86368 1.808
2454254.86677 1.806
2454254.87161 1.796
2454254.87505 1.808
2454254.87813 1.849
2454254.89447 1.91
2454254.89755 1.969
2454254.90063 1.99
2454254.91697 1.898
2454254.92004 1.9
2454254.92311 1.898
2454254.93846 1.932
2454254.94247 1.944
2454254.96087 1.928
2454254.96492 1.913
2454254.96799 1.909
2454254.98319 1.925
2454254.98722 1.939
2454254.99032 1.971
2454255.00537 2.009
2454255.00939 1.99
2454255.01248 1.959
2454255.02757 1.846
2454255.03159 1.876
2454255.03466 1.868
2454255.04971 1.905
2454255.05373 1.906
2454255.05681 1.931
2454255.07186 1.782
2454255.076 1.765
2454255.09538 1.888
2454255.0994 1.887
2454255.10248 1.922
2454255.11759 1.892
2454255.12161 1.852
2454255.12469 1.818
2454255.13997 1.791
2454255.14426 1.843
2454255.14734 1.831
