2456851.961159 +14.714
2456851.965558 +14.729
2456851.974371 +14.685
2456851.978768 +14.616
2456851.983164 +14.543
2456851.987552 +14.511
2456851.991948 +14.532
2456851.996349 +14.572
2456852.000757 +14.565
2456852.005162 +14.584
2456852.009564 +14.627
2456852.013969 +14.633
2456852.018366 +14.637
2456852.022754 +14.610
2456852.027149 +14.552
2456852.032337 +14.606
2456852.036723 +14.700
2456852.041116 +14.648
2456852.045505 +14.649
2456852.054277 +14.622
2456852.063003 +14.579
2456852.067358 +14.546
2456852.071722 +14.523
2456852.076060 +14.473
2456852.080431 +14.482
2456852.084807 +14.478
2456852.089164 +14.515
2456852.093531 +14.572
2456852.097888 +14.590
2456852.102264 +14.604
2456852.106633 +14.637
2456852.110993 +14.608
2456852.115358 +14.597
2456852.119721 +14.623
2456852.124072 +14.592
2456852.128441 +14.569
2456852.132807 +14.502
2456852.137174 +14.518
2456852.143180 +14.530
2456852.147547 +14.502
2456852.151920 +14.522
2456852.156285 +14.558
2456852.163988 +14.604
2456852.168347 +14.654
2456852.172706 +14.627
2456852.177073 +14.616
2456852.181427 +14.586
2456852.185793 +14.569
2456852.190159 +14.540
2456852.194527 +14.535
2456852.198892 +14.536
2456852.216353 +14.557
2456852.220720 +14.500
2456852.225085 +14.520
2456852.229445 +14.573
2456852.233811 +14.609
2456852.238176 +14.616
2456852.242541 +14.592
2456852.246900 +14.608
2456852.251265 +14.608
2456852.255932 +14.584
2456852.260306 +14.518
2456852.264663 +14.519
2456852.272191 +14.614
2456852.276556 +14.699
2456852.280929 +14.751
2456852.285280 +14.702
2456852.289652 +14.694
2456852.294016 +14.621
2456852.298367 +14.668
2456852.302730 +14.663
2456852.307104 +14.688
2456852.311458 +14.760
2456852.315817 +14.750
2456852.320175 +14.717
2456852.324542 +14.828
2456852.328904 +14.782
