2454748.9169 0.37
2454748.91931 0.373
2454748.92223 0.392
2454748.93157 0.381
2454748.93398 0.401
2454748.93692 0.346
2454748.9462 0.369
2454748.94863 0.354
2454748.95176 0.355
2454748.96102 0.319
2454748.96344 0.324
2454748.96635 0.319
2454748.97549 0.367
2454748.97816 0.361
2454748.98063 0.387
2454748.9902 0.35
2454748.99285 0.316
2454748.99586 0.291
2454749.00529 0.337
2454749.00815 0.364
2454749.01063 0.347
2454749.02014 0.443
2454749.02292 0.474
2454749.02539 0.471
2454749.03514 0.503
2454749.03771 0.512
2454749.04069 0.468
2454749.05166 0.511
2454749.05447 0.497
2454749.05697 0.511
2454749.06685 0.512
2454749.06932 0.513
2454749.07213 0.534
2454749.082 0.587
2454749.08457 0.592
2454749.08758 0.56
2454749.097 0.462
2454749.09977 0.426
2454749.10234 0.392
2454749.11221 0.414
2454749.11478 0.387
2454749.11774 0.361
2454749.12734 0.408
2454749.13001 0.412
2454749.13291 0.414
2454749.14324 0.418
2454749.14612 0.418
2454749.14859 0.389
2454749.15933 0.342
2454749.17438 0.376
2454749.177 0.378
2454749.18006 0.37
2454749.18966 0.449
2454749.20484 0.347
2454749.20765 0.366
2454749.21022 0.329
