2455248.03525 0.407
2455248.03888 0.389
2455248.04252 0.398
2455248.04613 0.345
2455248.04975 0.307
2455248.05337 0.304
2455248.057 0.404
2455248.06062 0.343
2455248.06431 0.372
2455248.06794 0.44
2455248.07339 0.47
2455248.07703 0.453
2455248.08065 0.438
2455248.08427 0.505
2455248.0879 0.524
2455248.09152 0.545
2455248.09514 0.48
2455248.09877 0.463
2455248.1024 0.452
2455248.11087 0.463
2455248.11449 0.449
2455248.11811 0.424
2455248.12173 0.388
2455248.12535 0.431
2455248.12899 0.502
2455248.13261 0.449
2455248.13623 0.49
2455248.13985 0.466
2455248.14347 0.399
2455248.14845 0.365
2455248.15207 0.377
2455248.15571 0.395
2455248.15933 0.378
2455248.16296 0.378
2455248.16661 0.397
2455248.17025 0.403
2455248.17389 0.45
2455248.18098 0.509
2455248.18459 0.489
2455248.19092 0.395
2455248.19817 0.399
2455248.20179 0.367
2455248.20542 0.326
2455248.20905 0.301
2455248.21268 0.344
2455248.2163 0.362
2455248.21992 0.337
2455248.22356 0.308
2455248.22952 0.329
2455248.23319 0.355
2455248.23692 0.436
2455248.24062 0.395
2455248.24442 0.435
2455248.24806 0.364
2455248.25175 0.319
2455248.25918 0.323
2455248.2628 0.278
