2454737.98352 0.537
2454737.98542 0.527
2454737.98713 0.533
2454738.00669 0.577
2454738.00892 0.563
2454738.0111 0.542
2454738.02257 0.459
2454738.02428 0.477
2454738.02635 0.464
2454738.03835 0.476
2454738.04006 0.482
2454738.04205 0.446
2454738.0538 0.506
2454738.05574 0.532
2454738.05795 0.524
2454738.07009 0.489
2454738.07185 0.477
2454738.07405 0.463
2454738.08605 0.485
2454738.08833 0.477
2454738.10255 0.513
2454738.10473 0.54
2454738.10651 0.538
2454738.12012 0.504
2454738.12266 0.455
2454738.12442 0.475
2454738.13657 0.551
2454738.13832 0.529
2454738.14045 0.515
2454738.15258 0.523
2454738.15485 0.507
2454738.16874 0.519
2454738.17118 0.54
2454738.17321 0.494
2454738.18516 0.439
2454738.18706 0.469
2454738.18929 0.488
2454738.20138 0.512
2454738.20314 0.529
2454738.20543 0.522
2454738.21759 0.573
2454738.21935 0.546
2454738.22162 0.55
2454738.23457 0.463
2454738.23659 0.469
2454738.23833 0.46
