2454257.83898 1.924
2454257.84205 1.893
2454257.84551 1.845
2454257.84923 1.801
2454257.8523 1.77
2454257.85538 1.747
2454257.86031 1.756
2454257.8634 1.755
2454257.86648 1.771
2454257.87113 1.814
2454257.87421 1.82
2454257.87729 1.84
2454257.88203 1.876
2454257.8851 1.868
2454257.88818 1.879
2454257.89284 1.867
2454257.89593 1.863
2454257.89901 1.874
2454257.90369 1.855
2454257.90677 1.817
2454257.90985 1.8
2454257.9146 1.779
2454257.91802 1.791
2454257.92144 1.796
2454257.93781 1.902
2454257.94089 1.948
2454257.94397 1.978
2454257.96023 1.895
2454257.96333 1.841
2454257.9664 1.836
2454257.98256 1.865
2454257.98564 1.88
2454257.98872 1.934
2454258.00532 1.967
2454258.0084 1.968
2454258.01148 1.944
2454258.02773 1.886
2454258.03081 1.885
2454258.03391 1.865
2454258.05023 1.87
2454258.05331 1.88
2454258.05639 1.874
2454258.07277 1.777
2454258.07585 1.751
2454258.07892 1.782
2454258.09514 1.877
2454258.09822 1.924
2454258.1013 1.891
2454258.11883 1.853
2454258.12191 1.829
2454258.12499 1.811
2454258.14104 1.83
2454258.14412 1.839
2454258.1472 1.824
