2454209.99 0.112
2454209.99309 0.108
2454210.00625 0.165
2454210.00934 0.158
2454210.02421 0.258
2454210.02729 0.263
2454210.04043 0.137
2454210.04806 0.04
2454210.05115 0.028
2454210.06439 0.003
2454210.06749 0.01
2454210.08259 0.077
2454210.08567 0.068
2454210.09889 -0.03
2454210.10197 -0.021
2454210.11674 -0.006
2454210.11982 -0.009
2454210.13284 0.038
2454210.13591 0.064
2454210.14927 -0.001
2454210.15389 -0.006
2454210.16718 0.029
2454210.17024 0.031
2454210.18397 0.059
2454210.18837 0.046
2454210.20174 -0.031
2454210.20482 -0.026
2454210.21814 -0.008
2454210.22242 -0.009
2454210.2361 0.042
2454210.2392 0.095
2454210.2523 0.027
2454210.25688 0.01
2454210.27026 -0.014
2454210.27335 -0.012
2454210.28646 0.018
2454210.28954 0.025
2454210.3055 0.02
2454210.30868 0.017
