2455803.91965 1.254
2455803.92194 1.264
2455803.92426 1.259
2455803.92992 1.296
2455803.93223 1.262
2455803.93453 1.265
2455803.94015 1.284
2455803.94242 1.324
2455803.94471 1.295
2455803.95035 1.33
2455803.95265 1.316
2455803.95494 1.295
2455803.96057 1.27
2455803.96288 1.265
2455803.96517 1.25
2455803.98499 1.257
2455803.9873 1.26
2455803.98964 1.275
2455804.00999 1.334
2455804.01234 1.291
2455804.01468 1.279
2455804.03454 1.298
2455804.03684 1.299
2455804.03917 1.286
2455804.05899 1.285
2455804.06132 1.27
2455804.06365 1.259
2455804.08344 1.27
2455804.08574 1.272
2455804.08803 1.273
2455804.10798 1.313
2455804.11028 1.333
2455804.11259 1.364
2455804.13252 1.25
2455804.13484 1.25
2455804.13712 1.28
2455804.15701 1.326
2455804.15933 1.335
2455804.18847 1.242
2455804.21148 1.3
2455804.21382 1.339
2455804.23162 1.319
2455804.23392 1.308
2455804.23626 1.306
