2455280.91072 0.002
2455280.9131 -0.031
2455280.91548 -0.046
2455280.91786 -0.109
2455280.92089 -0.08
2455280.92327 -0.068
2455280.92566 -0.049
2455280.92805 -0.023
2455280.93042 -0.002
2455280.9328 0.005
2455280.93517 0.057
2455280.93786 0.05
2455280.94024 0.103
2455280.94262 0.136
2455280.94499 0.146
2455280.94736 0.17
2455280.94974 0.184
2455280.95211 0.204
2455280.9545 0.21
2455280.95873 0.234
2455280.96109 0.196
2455280.96345 0.167
2455280.96583 0.177
2455280.9682 0.153
2455280.97056 0.117
2455280.97293 0.103
2455280.97529 0.095
2455280.97767 0.09
2455280.98002 0.105
2455280.98238 0.134
2455280.98474 0.105
2455280.9871 0.108
2455280.98946 0.12
2455280.99181 0.122
2455280.99418 0.108
2455280.99654 0.109
2455280.99891 0.12
2455281.00128 0.126
2455281.00364 0.129
2455281.00999 0.118
2455281.01355 0.069
2455281.0159 0.073
2455281.01823 0.028
2455281.02059 -0.001
2455281.02293 -0.031
2455281.02529 -0.045
2455281.02763 -0.042
2455281.02996 -0.05
2455281.03464 -0.023
2455281.03934 0.023
2455281.04167 -0.006
2455281.04401 -0.014
2455281.04637 0.006
2455281.04872 0.027
2455281.05113 0.012
2455281.05351 0.035
2455281.05584 0.027
2455281.05817 0.069
2455281.06495 0.104
2455281.10391 -0.015
2455281.11096 0.062
2455281.11334 0.075
2455281.11567 0.094
2455281.11801 0.098
2455281.12085 0.061
2455281.12317 0.067
2455281.1255 0.018
2455281.12809 0.022
2455281.13042 0.027
2455281.13275 -0.001
2455281.13508 -0.015
2455281.13741 0.003
2455281.13975 0.028
2455281.14209 0.026
2455281.14441 0.046
2455281.14681 0.034
2455281.15143 0.044
2455281.15376 0.06
2455281.15608 0.046
2455281.16021 0.083
2455281.16477 0.065
2455281.1671 0.082
2455281.16945 0.093
2455281.17185 0.094
2455281.17426 0.095
2455281.17659 0.087
2455281.17893 0.079
2455281.18127 0.055
2455281.18368 0.051
2455281.186 0.014
2455281.18834 0.013
2455281.19068 -0.002
2455281.19301 0.037
2455281.19535 0.05
2455281.1977 0.072
2455281.20004 0.066
2455281.20237 0.048
2455281.2047 0.048
2455281.20886 0.078
2455281.2112 0.096
2455281.21356 0.12
2455281.2159 0.129
2455281.21823 0.139
2455281.22058 0.136
2455281.22291 0.135
2455281.22525 0.131
2455281.2276 0.106
2455281.22994 0.098
2455281.23228 0.087
2455281.23463 0.042
2455281.23697 0.042
2455281.23931 0.043
