2455799.89353 1.071
2455799.89582 1.077
2455799.8981 1.088
2455799.90608 1.12
2455799.90838 1.12
2455799.91632 1.134
2455799.91863 1.157
2455799.92431 1.179
2455799.92659 1.169
2455799.92888 1.152
2455799.93461 1.184
2455799.93689 1.191
2455799.93918 1.169
2455799.94478 1.166
2455799.94707 1.158
2455799.94938 1.136
2455799.95501 1.138
2455799.95732 1.137
2455799.95963 1.154
2455799.96522 1.133
2455799.9675 1.127
2455799.96979 1.116
2455799.97929 1.171
2455799.98162 1.149
2455799.98394 1.157
2455800.00166 1.114
2455800.00394 1.113
2455800.00622 1.105
2455800.02611 1.15
2455800.0284 1.17
2455800.04612 1.194
2455800.04843 1.181
2455800.05073 1.169
2455800.06839 1.143
2455800.07067 1.159
2455800.07296 1.145
2455800.09063 1.197
2455800.09292 1.202
2455800.0952 1.201
2455800.11287 1.095
2455800.11516 1.111
2455800.11745 1.113
2455800.1351 1.171
2455800.13738 1.175
2455800.13966 1.197
2455800.15734 1.205
2455800.15964 1.187
2455800.16193 1.147
2455800.17961 1.145
2455800.18188 1.158
2455800.18418 1.157
2455800.20189 1.204
2455800.20424 1.201
2455800.20655 1.183
2455800.22457 1.122
2455800.22688 1.136
2455800.22916 1.173
2455800.24561 1.188
2455800.24792 1.188
2455800.25022 1.188
