2455776.98455 1.895
2455776.98684 1.883
2455776.98916 1.897
2455776.99544 1.915
2455776.99776 1.9
2455777.00006 1.923
2455777.0062 1.989
2455777.00851 1.965
2455777.01079 1.965
2455777.01704 1.953
2455777.01934 1.953
2455777.02164 1.979
2455777.0278 1.953
2455777.03012 1.918
2455777.03243 1.947
2455777.04219 1.964
2455777.0445 2.003
2455777.04681 2.046
2455777.0571 2.026
2455777.05939 2.038
2455777.06169 2.011
2455777.07196 2.092
2455777.07427 2.056
2455777.07655 2.059
2455777.0869 1.972
2455777.0892 1.956
2455777.09153 1.974
2455777.10181 1.977
2455777.1041 1.952
2455777.10637 1.979
2455777.11901 2.077
2455777.1213 2.105
2455777.13135 2.028
2455777.13365 1.996
2455777.13591 1.975
2455777.14591 1.941
2455777.14819 1.923
2455777.15051 1.939
2455777.16263 1.936
2455777.16493 1.932
2455777.1747 2.01
2455777.17698 2.009
2455777.17926 2.006
2455777.18897 1.982
2455777.19129 1.928
2455777.19357 1.88
2455777.20306 1.907
2455777.20536 1.903
2455777.20765 1.901
2455777.21708 1.916
2455777.21936 1.947
2455777.22166 1.963
2455777.23111 2.008
2455777.23339 1.999
2455777.23569 2.004
2455777.24543 1.979
2455777.2477 1.96
2455777.25001 1.934
2455777.25973 1.899
2455777.26205 1.896
2455777.26434 1.882
2455777.27407 1.946
2455777.27635 1.913
2455777.27863 1.947
2455777.28867 1.969
2455777.29095 1.94
2455777.29325 1.926
2455777.30064 1.907
2455777.30292 1.886
2455777.30521 1.903
2455777.31262 1.89
2455777.3149 1.906
2455777.3172 1.913
2455777.32457 1.963
2455777.32689 1.985
2455777.32919 1.962
