2454700.754595 +0.0431
2454700.756979 +0.0426
2454700.765706 +0.0357
2454700.768079 +0.0754
2454700.776840 +0.0401
2454700.779213 +0.0228
2454700.787951 +0.0963
2454700.790336 +0.0902
2454700.799051 +0.0414
2454700.801424 +0.0388
2454700.810208 +0.0100
2454700.812581 -0.0097
2454700.821308 +0.0274
2454700.823692 +0.0455
2454700.832442 +0.0961
2454700.834815 +0.0918
2454700.843588 +0.1045
2454700.845961 +0.1005
2454700.854792 +0.0776
2454700.857164 +0.0705
2454700.866030 +0.0071
2454700.868403 +0.0086
2454700.877118 +0.0444
2454700.879491 +0.0417
2454700.888229 +0.0534
2454700.890602 +0.0743
2454700.899398 +0.1346
2454700.901771 +0.1207
2454700.910532 +0.0385
2454700.912905 +0.0203
2454700.921701 -0.0255
2454700.924074 -0.0245
2454700.932847 +0.0149
2454700.935220 +0.0182
2454700.944213 +0.0965
2454700.946586 +0.1026
2454700.955463 +0.1467
2454700.957847 +0.1662
2454700.966597 +0.0699
2454700.968970 +0.0612
2454700.977766 +0.0484
2454700.980139 +0.0456
