2453743.573420 +0.777
2453743.576660 +0.726
2453743.578480 +0.733
2453743.580290 +0.721
2453743.582090 +0.664
2453743.583900 +0.678
2453743.585710 +0.668
2453743.587510 +0.652
2453743.589330 +0.633
2453743.591160 +0.659
2453743.592980 +0.657
2453743.594810 +0.653
2453743.596620 +0.661
2453743.598420 +0.661
2453743.602050 +0.673
2453743.603850 +0.628
2453743.605670 +0.643
2453743.607490 +0.655
2453743.609290 +0.628
2453743.611090 +0.665
2453743.612910 +0.662
2453743.616520 +0.698
2453743.687270 +0.699
2453743.689080 +0.773
2453743.690890 +0.752
2453743.692690 +0.801
2453743.694500 +0.829
2453743.696300 +0.838
2453743.698110 +0.850
2453743.699920 +0.812
2453743.701720 +0.798
2453743.703540 +0.798
2453743.705350 +0.786
2453743.707150 +0.765
2453743.708960 +0.744
2453743.710770 +0.712
2453743.712570 +0.676
2453743.714370 +0.679
2453743.716190 +0.682
2453743.717990 +0.656
2453743.719790 +0.648
2453743.721610 +0.672
2453743.723410 +0.687
2453743.725210 +0.661
2453743.727020 +0.662
2453743.728820 +0.666
2453743.730630 +0.686
2453743.733400 +0.712
2453743.735200 +0.694
2453743.737000 +0.700
2453743.738820 +0.700
2453743.740620 +0.717
2453743.742420 +0.706
2453743.744240 +0.710
2453743.746040 +0.737
2453743.747840 +0.736
2453743.749650 +0.735
2453743.758760 +0.774
2453743.761990 +0.714
2453743.763800 +0.771
2453743.765630 +0.732
2453743.767450 +0.759
2453743.769270 +0.761
2453743.771100 +0.715
2453743.772920 +0.746
2453743.774750 +0.746
2453743.776580 +0.747
2453743.778380 +0.730
2453743.780200 +0.724
2453743.783840 +0.668
2453743.785640 +0.615
2453743.787470 +0.632
2453743.789270 +0.634
2453743.791090 +0.591
2453743.792920 +0.618
2453743.794730 +0.564
2453743.796550 +0.566
2453743.798380 +0.575
2453743.800180 +0.569
2453743.801990 +0.564
2453743.803820 +0.606
2453743.805640 +0.606
2453743.807460 +0.639
2453743.809290 +0.654
2453743.811110 +0.665
2453743.812910 +0.694
2453743.814740 +0.714
2453743.816540 +0.743
2453743.818370 +0.741
2453743.820170 +0.738
2453743.822000 +0.799
2453743.823800 +0.796
2453743.825610 +0.819
2453743.827430 +0.809
2453743.829230 +0.812
2453743.831060 +0.773
2453743.832880 +0.804
2453743.834690 +0.764
2453743.836500 +0.744
2453743.838300 +0.717
2453743.840120 +0.670
2453743.841930 +0.656
2453743.843730 +0.662
2453743.845550 +0.664
2453743.847360 +0.656
2453743.849160 +0.652
2453743.850970 +0.657
2453743.852800 +0.651
2453743.854620 +0.642
