2453736.600030 +0.480
2453736.603270 +0.484
2453736.605060 +0.498
2453736.606860 +0.492
2453736.608650 +0.512
2453736.610450 +0.504
2453736.612250 +0.505
2453736.614060 +0.509
2453736.639310 +0.432
2453736.641100 +0.387
2453736.642890 +0.390
2453736.644700 +0.385
2453736.646500 +0.376
2453736.648290 +0.371
2453736.650090 +0.362
2453736.651880 +0.339
2453736.653670 +0.358
2453736.655470 +0.346
2453736.657280 +0.354
2453736.660910 +0.374
2453736.662720 +0.402
2453736.664510 +0.427
2453736.666330 +0.435
2453736.668140 +0.465
2453736.669950 +0.487
2453736.671750 +0.511
2453736.673560 +0.511
2453736.675350 +0.534
2453736.677170 +0.550
2453736.678970 +0.555
2453736.680780 +0.557
2453736.682580 +0.577
2453736.684380 +0.556
2453736.686170 +0.571
2453736.687990 +0.552
2453736.689780 +0.528
2453736.691580 +0.520
2453736.693390 +0.478
2453736.695190 +0.478
2453736.697000 +0.466
2453736.698800 +0.457
2453736.700610 +0.425
2453736.702420 +0.418
2453736.704240 +0.409
2453736.706030 +0.429
2453736.707820 +0.422
2453736.711420 +0.421
2453736.713220 +0.423
2453736.715020 +0.431
2453736.716810 +0.425
2453736.759430 +0.489
2453736.761230 +0.490
2453736.763060 +0.486
2453736.764880 +0.465
2453736.766680 +0.447
2453736.768510 +0.440
2453736.770330 +0.424
2453736.772160 +0.413
2453736.773970 +0.403
2453736.775790 +0.398
2453736.777620 +0.394
2453736.779450 +0.381
2453736.781270 +0.377
2453736.784900 +0.371
2453736.786700 +0.382
2453736.788930 +0.393
2453736.790740 +0.403
2453736.792540 +0.411
2453736.794370 +0.440
2453736.796190 +0.440
2453736.798010 +0.483
2453736.799850 +0.492
2453736.801670 +0.513
2453736.803490 +0.521
2453736.805320 +0.547
2453736.807120 +0.546
2453736.808930 +0.555
2453736.810740 +0.560
2453736.812540 +0.564
2453736.814340 +0.575
2453736.816180 +0.549
2453736.817980 +0.549
2453736.819790 +0.534
2453736.821600 +0.519
2453736.823420 +0.494
2453736.825230 +0.480
2453736.827040 +0.444
2453736.828850 +0.449
2453736.830660 +0.434
2453736.832470 +0.417
2453736.834270 +0.410
2453736.836100 +0.413
2453736.837910 +0.420
2453736.839730 +0.427
2453736.841550 +0.427
2453736.843390 +0.441
2453736.845210 +0.443
2453736.847030 +0.445
2453736.848860 +0.440
2453736.850680 +0.452
2453736.852480 +0.456
2453736.899610 +0.508
2453736.901420 +0.524
2453736.905040 +0.502
2453736.910480 +0.453
2453736.912290 +0.460
2453736.914120 +0.452
2453736.915940 +0.474
2453736.917740 +0.466
2453736.919570 +0.435
2453736.921390 +0.454
2453736.923190 +0.482
2453736.925010 +0.507
2453736.926810 +0.518
2453736.930470 +0.543
