2453711.666600 +1.451
2453711.667700 +1.492
2453711.668820 +1.520
2453711.669920 +1.482
2453711.671030 +1.499
2453711.674360 +1.513
2453711.675470 +1.489
2453711.676570 +1.510
2453711.677680 +1.405
2453711.678780 +1.410
2453711.680440 +1.460
2453711.682650 +1.491
2453711.683760 +1.498
2453711.684870 +1.480
2453711.685970 +1.456
2453711.687070 +1.449
2453711.688180 +1.418
2453711.689280 +1.454
2453711.690390 +1.439
2453711.691500 +1.400
2453711.692600 +1.417
2453711.694810 +1.383
2453711.697580 +1.424
2453711.755560 +1.459
2453711.756660 +1.416
2453711.758870 +1.417
2453711.759970 +1.418
2453711.761070 +1.406
2453711.763280 +1.441
2453711.766040 +1.392
2453711.768250 +1.401
2453711.769360 +1.415
2453711.770460 +1.364
2453711.773770 +1.421
2453711.774870 +1.372
2453711.775970 +1.387
2453711.777070 +1.377
2453711.778180 +1.392
2453711.779280 +1.378
2453711.780380 +1.357
2453711.783150 +1.349
2453711.784250 +1.386
2453711.785350 +1.443
2453711.786460 +1.408
2453711.788680 +1.451
2453711.789780 +1.481
2453711.790890 +1.441
2453711.791990 +1.465
2453711.793090 +1.458
2453711.794190 +1.458
2453711.797500 +1.488
2453711.800260 +1.485
2453711.801360 +1.419
2453711.803570 +1.447
2453711.806880 +1.490
2453711.807980 +1.463
2453711.809090 +1.400
2453711.810190 +1.418
2453711.811290 +1.467
2453711.813500 +1.462
2453711.817370 +1.396
2453711.818470 +1.466
2453711.819580 +1.396
2453711.820680 +1.392
2453711.821780 +1.372
2453711.823990 +1.422
2453711.825090 +1.373
2453711.827300 +1.413
2453711.828400 +1.369
2453711.829500 +1.363
2453711.832810 +1.446
2453711.834470 +1.338
2453711.836680 +1.382
2453711.837780 +1.368
2453711.838880 +1.370
2453711.839990 +1.344
2453711.846600 +1.331
2453711.848810 +1.362
2453711.849910 +1.398
2453711.851760 +1.435
2453711.852860 +1.395
2453711.853960 +1.382
2453711.855060 +1.427
2453711.856170 +1.424
2453711.857270 +1.441
2453711.858370 +1.480
2453711.859480 +1.449
2453711.860580 +1.457
2453711.861680 +1.422
2453711.862780 +1.488
2453711.863890 +1.470
2453711.940770 +1.454
2453711.941870 +1.465
2453711.942980 +1.401
2453711.946290 +1.488
2453711.947390 +1.430
2453711.948490 +1.464
2453711.951800 +1.476
2453711.952900 +1.366
2453711.954560 +1.463
2453711.955660 +1.393
2453711.957870 +1.416
2453711.958970 +1.382
2453711.960070 +1.391
2453711.961180 +1.353
2453711.964480 +1.403
