2453737.54673 0.448
2453737.549 0.424
2453737.55127 0.42
2453737.55577 0.392
2453737.55803 0.369
2453737.5603 0.353
2453737.56256 0.365
2453737.56482 0.358
2453737.56708 0.353
2453737.56935 0.372
2453737.57161 0.403
2453737.57387 0.418
2453737.58133 0.501
2453737.58359 0.517
2453737.58583 0.529
2453737.58806 0.548
2453737.5903 0.549
2453737.59253 0.576
2453737.59477 0.567
2453737.597 0.55
2453737.60147 0.503
2453737.60371 0.47
2453737.60595 0.452
2453737.60819 0.435
2453737.61047 0.413
2453737.61946 0.392
2453737.62172 0.404
2453737.62399 0.425
2453737.62625 0.417
2453737.63076 0.438
2453737.63303 0.438
2453737.63529 0.442
2453737.63754 0.445
2453737.64206 0.475
2453737.64431 0.482
2453737.64657 0.498
2453737.64883 0.5
2453737.65109 0.519
2453737.65761 0.514
2453737.65987 0.504
2453737.66213 0.498
2453737.66664 0.489
2453737.6689 0.483
2453737.67116 0.463
2453737.67341 0.465
2453737.70419 0.391
2453737.70644 0.417
2453737.7087 0.438
2453737.71096 0.464
2453737.71321 0.48
2453737.71548 0.509
2453737.71774 0.529
2453737.72 0.541
2453737.72451 0.561
2453737.72677 0.538
2453737.7326 0.492
2453737.73486 0.465
2453737.73937 0.421
2453737.74164 0.396
2453737.7439 0.408
2453737.74615 0.411
2453737.74841 0.408
2453737.75068 0.405
2453737.75294 0.421
2453737.75971 0.43
2453737.76422 0.428
2453737.77024 0.471
2453737.77473 0.488
2453737.777 0.502
2453737.77926 0.506
2453737.78152 0.519
2453737.78378 0.498
2453737.78604 0.53
2453737.79282 0.508
2453737.79508 0.492
2453737.79735 0.496
2453737.79959 0.499
2453737.80185 0.476
2453737.80787 0.432
2453737.81012 0.446
2453737.81238 0.401
2453737.81464 0.39
2453737.8169 0.387
2453737.81915 0.378
2453737.82141 0.371
2453737.82367 0.369
2453737.82819 0.394
2453737.83045 0.391
2453737.83271 0.41
2453737.83496 0.453
2453737.83722 0.475
2453737.83948 0.499
2453737.84778 0.569
2453737.85004 0.563
2453737.8523 0.587
2453737.85456 0.588
2453737.85681 0.55
2453737.85907 0.546
2453737.86133 0.532
2453737.86359 0.498
2453737.8681 0.449
2453737.87036 0.447
2453737.8726 0.425
2453737.87486 0.424
2453737.87712 0.416
2453737.88387 0.43
2453737.88613 0.432
2453737.88839 0.445
2453737.89064 0.45
2453737.8929 0.434
2453737.89515 0.451
