2453714.653060 +1.013
2453714.657470 +0.935
2453714.761420 +0.933
2453714.762530 +0.924
2453714.763630 +0.914
2453714.764730 +0.882
2453714.765840 +0.885
2453714.766940 +0.910
2453714.768040 +0.903
2453714.769150 +0.878
2453714.770250 +0.921
2453714.771350 +0.905
2453714.773010 +0.887
2453714.774110 +0.956
2453714.777440 +0.937
2453714.778550 +0.992
2453714.779650 +0.936
2453714.780750 +0.984
2453714.781860 +1.013
2453714.782960 +0.991
2453714.784060 +0.966
2453714.785170 +1.021
2453714.786270 +1.030
2453714.787370 +0.972
2453714.788480 +0.990
2453714.791260 +1.069
2453714.792370 +1.058
2453714.794570 +1.112
2453714.795670 +1.035
2453714.802290 +1.101
2453714.804500 +1.045
2453714.808360 +1.073
2453714.809470 +1.050
2453714.811670 +1.072
2453714.812780 +1.052
2453714.813880 +1.022
2453714.814980 +1.015
2453714.816080 +1.003
2453714.817190 +0.977
2453714.818290 +1.010
2453714.819390 +1.008
2453714.820500 +0.958
2453714.821600 +0.951
2453714.822700 +0.974
2453714.824400 +0.922
2453714.825510 +0.967
2453714.826610 +0.963
2453714.886760 +1.051
2453714.887860 +1.069
2453714.888960 +1.053
2453714.891170 +1.065
2453714.892830 +0.984
2453714.895040 +1.086
2453714.896140 +0.974
2453714.897240 +0.982
2453714.898350 +1.027
2453714.899450 +1.046
2453714.900550 +1.101
2453714.902760 +1.143
2453714.903860 +1.088
2453714.906060 +1.102
2453714.908270 +1.115
2453714.913240 +1.129
2453714.914340 +1.196
2453714.915440 +1.168
2453714.916540 +1.150
2453714.918750 +1.151
2453714.919850 +1.153
2453714.920960 +1.177
2453714.922060 +1.129
2453714.924270 +1.194
2453714.942630 +1.044
2453714.943740 +0.995
2453714.944840 +1.029
2453714.948150 +1.010
2453714.949250 +0.978
2453714.950350 +1.036
2453714.953660 +1.023
2453714.957520 +1.023
2453714.958620 +0.986
2453714.959720 +1.026
2453714.963030 +0.988
