2453716.672560 +0.367
2453716.674770 +0.418
2453716.675880 +0.415
2453716.676980 +0.378
2453716.679210 +0.421
2453716.680320 +0.396
2453716.681420 +0.448
2453716.682530 +0.478
2453716.684190 +0.465
2453716.685300 +0.498
2453716.687510 +0.494
2453716.689720 +0.413
2453716.690830 +0.415
2453716.691930 +0.471
2453716.693040 +0.416
2453716.694140 +0.408
2453716.699670 +0.422
2453716.702640 +0.363
2453716.703740 +0.357
2453716.708170 +0.324
2453716.709270 +0.356
2453716.710380 +0.418
2453716.711480 +0.329
2453716.712590 +0.346
2453716.713690 +0.353
2453716.714800 +0.305
2453716.715910 +0.434
2453716.718680 +0.382
2453716.719780 +0.338
2453716.720890 +0.436
2453716.721990 +0.390
2453716.723100 +0.438
2453716.724210 +0.455
2453716.725310 +0.415
2453716.726420 +0.399
2453716.727520 +0.403
2453716.728630 +0.405
2453716.737110 +0.509
2453716.739330 +0.431
2453716.740430 +0.426
2453716.741540 +0.431
2453716.743740 +0.471
2453716.744850 +0.518
2453716.745950 +0.493
2453716.747070 +0.494
2453716.749280 +0.498
2453716.750390 +0.435
2453716.751500 +0.473
2453716.753150 +0.388
2453716.754250 +0.384
2453716.755350 +0.421
2453716.756460 +0.453
2453716.757560 +0.403
2453716.758670 +0.363
2453716.759770 +0.449
2453716.761980 +0.369
2453716.766400 +0.386
2453716.768600 +0.382
2453716.772480 +0.316
2453716.774680 +0.336
2453716.776890 +0.361
2453716.777990 +0.348
2453716.781320 +0.343
2453716.782420 +0.321
2453716.783530 +0.347
2453716.784630 +0.350
2453716.785730 +0.358
2453716.788490 +0.315
2453716.789590 +0.347
2453716.790700 +0.348
2453716.791800 +0.310
2453716.792910 +0.412
2453716.795120 +0.445
2453716.797330 +0.435
2453716.798430 +0.443
2453716.799530 +0.435
2453716.800630 +0.442
2453716.801740 +0.380
2453716.802840 +0.447
2453716.805590 +0.414
2453716.806700 +0.465
2453716.807800 +0.439
2453716.808910 +0.420
2453716.810010 +0.453
2453716.811110 +0.481
2453716.812210 +0.449
2453716.814420 +0.460
2453716.818830 +0.514
2453716.845490 +0.421
2453716.846590 +0.454
2453716.851000 +0.487
2453716.852100 +0.445
2453716.853210 +0.463
2453716.859270 +0.432
2453716.860380 +0.481
2453716.868100 +0.468
2453716.871410 +0.514
2453716.872510 +0.488
2453716.873610 +0.487
2453716.874720 +0.531
2453716.878580 +0.493
2453716.879680 +0.537
2453716.880780 +0.527
2453716.881890 +0.438
2453716.901180 +0.366
2453716.904490 +0.335
2453716.906700 +0.310
2453716.907800 +0.315
2453716.908910 +0.376
2453716.918280 +0.413
2453716.923800 +0.474
2453716.924900 +0.422
2453716.926000 +0.391
2453716.928760 +0.375
2453716.929860 +0.422
2453716.932070 +0.435
2453716.934270 +0.513
2453716.935370 +0.451
2453716.936480 +0.443
2453716.939790 +0.485
2453716.940890 +0.472
2453716.941990 +0.478
