2453728.615250 +1.152
2453728.626370 +1.089
2453728.628500 +1.289
2453728.629610 +1.219
2453728.630720 +1.345
2453728.631830 +1.176
2453728.634050 +1.237
2453728.635150 +1.246
2453728.637370 +1.095
2453728.640700 +1.038
2453728.641800 +1.037
2453728.663830 +1.079
2453728.664940 +1.065
2453728.666050 +1.134
2453728.667160 +1.149
2453728.668270 +1.080
2453728.670480 +1.040
2453728.672700 +1.127
2453728.677140 +1.124
2453728.681510 +1.082
2453728.683720 +1.147
2453728.684830 +1.079
2453728.685930 +1.191
2453728.687040 +1.239
2453728.688150 +1.225
2453728.690370 +1.201
2453728.693700 +1.131
2453728.700270 +1.128
2453728.701380 +1.136
2453728.702490 +1.189
2453728.770930 +1.226
2453728.773150 +1.131
2453728.775360 +1.136
2453728.776480 +1.152
2453728.777580 +1.072
2453728.784230 +0.986
2453728.785340 +1.000
2453728.787680 +0.993
2453728.822960 +1.107
2453728.824070 +1.107
2453728.825180 +1.131
2453728.826290 +1.079
2453728.827390 +1.120
2453728.828500 +1.085
2453728.829600 +1.086
2453728.834020 +1.057
2453728.835140 +1.106
2453728.836240 +1.074
2453728.837340 +1.125
2453728.838450 +1.030
2453728.840590 +1.032
2453728.841700 +1.075
2453728.842810 +1.119
2453728.845020 +1.066
2453728.846120 +1.079
2453728.847230 +1.054
2453728.848340 +1.084
2453728.850560 +1.110
2453728.853880 +1.170
2453728.854990 +1.169
2453728.856090 +1.138
2453728.858230 +1.165
2453728.859340 +1.167
2453728.862660 +1.224
2453728.864870 +1.278
2453728.865970 +1.230
2453728.867080 +1.294
2453728.868190 +1.297
2453728.869300 +1.288
2453728.870410 +1.271
2453728.872630 +1.346
2453728.875870 +1.408
2453728.878080 +1.427
2453728.881400 +1.425
2453728.882510 +1.404
2453728.883620 +1.379
2453728.884730 +1.447
2453728.885830 +1.427
2453728.886940 +1.473
2453728.889160 +1.395
2453728.890260 +1.437
2453728.891370 +1.377
2453728.893510 +1.398
2453728.894620 +1.385
2453728.896840 +1.386
2453728.897940 +1.372
2453728.899050 +1.316
2453728.900150 +1.309
2453728.901260 +1.337
2453728.902370 +1.306
