2454757.57781 1.073
2454757.58079 1.051
2454757.58377 1.038
2454757.58676 1.065
2454757.5898 1.072
2454757.59279 1.099
2454757.59578 1.122
2454757.60181 1.154
2454757.60784 1.213
2454757.61082 1.22
2454757.61387 1.247
2454757.61685 1.256
2454757.61991 1.244
2454757.62577 1.142
2454757.62882 1.124
2454757.63484 1.103
2454757.63788 1.083
2454757.64086 1.073
2454757.64384 1.086
2454757.64683 1.112
2454757.64981 1.108
2454757.65286 1.132
2454757.6559 1.169
2454757.65888 1.173
2454757.66186 1.116
2454757.66491 1.092
2454757.66789 1.089
2454757.67351 1.086
2454757.6765 1.05
2454757.67948 1.033
2454757.68246 1.016
2454757.6855 1.035
2454757.68854 1.009
2454757.69462 1.015
2454757.70072 0.98
2454757.7037 0.99
2454757.70675 1.001
2454757.70979 1.041
2454757.71278 1.035
2454757.71575 1.052
2454757.72083 1.096
2454757.72381 1.092
2454757.72984 1.118
2454757.73588 1.106
2454757.7389 1.09
2454757.74192 1.091
2454757.74796 1.006
2454757.75099 1.001
2454757.7571 0.98
2454757.76853 1.033
2454757.77155 1.058
2454757.77759 1.065
2454757.78362 1.073
2454757.78665 1.1
2454757.79269 1.067
2454757.79571 1.04
2454757.80175 1.029
2454757.8078 0.993
2454757.81082 0.996
2454757.81625 0.975
2454757.81926 0.989
2454757.82531 1.038
2454757.82832 1.042
2454757.83134 1.066
2454757.83436 1.057
2454757.84041 1.066
2454757.84343 1.114
2454757.84644 1.096
2454757.84953 1.093
2454757.85255 1.066
2454757.85558 1.043
2454757.85862 1.037
2454757.86952 1.017
2454757.87556 1.014
2454757.87858 1.0
2454757.8816 1.034
2454757.88462 1.118
2454757.89008 1.134
2454757.89311 1.162
2454757.89613 1.122
2454757.89915 1.117
2454757.90218 1.111
2454757.9052 1.065
2454757.90823 1.092
2454757.91125 1.045
