2454764.57263 1.641
2454764.57562 1.634
2454764.5786 1.586
2454764.58165 1.593
2454764.58465 1.624
2454764.58764 1.646
2454764.59063 1.718
2454764.59362 1.742
2454764.59661 1.722
2454764.59959 1.774
2454764.60565 1.769
2454764.61162 1.8
2454764.61663 1.772
2454764.62259 1.74
2454764.62559 1.729
2454764.63157 1.752
2454764.63456 1.714
2454764.63754 1.715
2454764.64053 1.751
2454764.64352 1.771
2454764.6465 1.802
2454764.64949 1.813
2454764.65249 1.819
2454764.65846 1.834
2454764.66408 1.88
2454764.66707 1.889
2454764.67005 1.852
2454764.67303 1.842
2454764.67602 1.801
2454764.67901 1.756
2454764.69096 1.724
2454764.69395 1.713
2454764.69999 1.719
2454764.70299 1.704
2454764.70597 1.725
2454764.71149 1.752
2454764.71447 1.747
2454764.71746 1.774
2454764.72046 1.793
2454764.72644 1.752
2454764.72942 1.728
2454764.73241 1.687
2454764.7593 1.659
2454764.76229 1.653
2454764.76528 1.692
2454764.76828 1.665
2454764.77126 1.714
2454764.77425 1.723
2454764.77724 1.72
2454764.78322 1.757
2454764.78621 1.718
2454764.78919 1.723
2454764.79217 1.685
2454764.79815 1.691
2454764.80113 1.644
2454764.8064 1.617
2454764.80938 1.613
2454764.81834 1.661
2454764.82133 1.714
2454764.82433 1.769
2454764.82732 1.778
2454764.83031 1.819
2454764.83635 1.794
2454764.85399 1.673
2454764.85697 1.659
2454764.85996 1.687
