2454747.60838 1.09
2454747.61069 1.083
2454747.61307 1.086
2454747.61537 1.079
2454747.62297 1.053
2454747.62528 1.032
2454747.62989 1.033
2454747.63449 1.03
2454747.63687 1.016
2454747.63917 1.015
2454747.64148 1.009
2454747.64378 1.006
2454747.64615 1.029
2454747.64851 1.019
2454747.65089 1.035
2454747.65326 1.061
2454747.65765 1.049
2454747.66232 1.042
2454747.66462 1.051
2454747.66693 1.085
2454747.66924 1.079
2454747.67155 1.081
2454747.67386 1.093
2454747.67616 1.113
2454747.67846 1.094
2454747.68076 1.093
2454747.68313 1.076
2454747.6855 1.041
2454747.6878 1.033
2454747.6901 1.011
2454747.69601 0.972
2454747.69839 0.974
2454747.7007 0.987
2454747.70774 1.022
2454747.7101 1.031
2454747.71944 1.103
2454747.72175 1.094
2454747.72413 1.097
2454747.73144 1.076
2454747.7433 1.039
2454747.74561 1.043
2454747.74799 1.041
2454747.75029 1.023
2454747.75503 1.024
2454747.7574 1.019
2454747.75977 1.027
2454747.76214 1.023
2454747.76445 1.044
2454747.76779 1.059
2454747.77009 1.053
2454747.7724 1.059
2454747.77471 1.069
2454747.77702 1.067
2454747.77932 1.079
2454747.78162 1.095
2454747.78391 1.124
2454747.79088 1.142
2454747.79325 1.13
2454747.79556 1.111
2454747.79786 1.12
2454747.80016 1.097
2454747.82297 1.032
2454747.84254 1.082
2454747.84491 1.072
2454747.84728 1.078
2454747.84964 1.084
2454747.85433 1.086
2454747.86145 1.077
2454747.86376 1.072
2454747.86612 1.05
2454747.86842 1.064
2454747.87304 1.034
2454747.8777 1.045
2454747.88001 1.065
2454747.88467 1.099
2454747.88697 1.112
2454747.89172 1.133
2454747.89402 1.141
2454747.89638 1.151
2454747.89868 1.147
