2454767.57398 2.134
2454767.57701 2.146
2454767.57998 2.111
2454767.58301 2.127
2454767.58598 2.12
2454767.58894 2.11
2454767.59194 2.091
2454767.60343 2.152
2454767.60953 2.188
2454767.61251 2.19
2454767.61549 2.21
2454767.61853 2.18
2454767.62158 2.163
2454767.62461 2.121
2454767.62763 2.092
2454767.63073 2.113
2454767.63677 2.11
2454767.65102 2.146
2454767.65708 2.16
2454767.6601 2.202
2454767.66623 2.218
2454767.66925 2.211
2454767.67228 2.23
2454767.67532 2.22
2454767.67833 2.225
2454767.68135 2.185
2454767.68439 2.154
2454767.68742 2.112
2454767.69588 2.113
2454767.70193 2.149
2454767.70497 2.144
2454767.71404 2.217
2454767.71708 2.218
2454767.72011 2.225
2454767.72921 2.231
2454767.73224 2.203
2454767.74396 2.18
2454767.74699 2.143
2454767.75002 2.121
2454767.75606 2.08
2454767.7591 2.09
2454767.76816 2.116
2454767.77121 2.141
2454767.77423 2.149
2454767.77727 2.178
2454767.78028 2.176
2454767.78332 2.19
2454767.78832 2.242
2454767.79134 2.208
2454767.79437 2.235
2454767.79738 2.213
2454767.80344 2.232
2454767.80646 2.224
2454767.81252 2.174
2454767.81555 2.105
2454767.81857 2.135
2454767.82159 2.109
2454767.87237 2.218
2454767.87539 2.166
2454767.87842 2.144
