2454763.56026 1.97
2454763.56324 1.971
2454763.56623 1.95
2454763.57219 1.91
2454763.57518 1.942
2454763.57816 1.913
2454763.58114 1.902
2454763.58413 1.882
2454763.59316 1.895
2454763.59621 1.883
2454763.6011 1.896
2454763.60409 1.902
2454763.60708 1.921
2454763.61304 1.968
2454763.61602 1.971
2454763.619 1.984
2454763.62206 2.023
2454763.62504 2.021
2454763.62809 2.009
2454763.63114 1.987
2454763.63717 1.947
2454763.64015 1.94
2454763.6432 1.913
2454763.6481 1.911
2454763.65406 1.869
2454763.65705 1.877
2454763.66002 1.884
2454763.66307 1.923
2454763.66606 1.965
2454763.66904 2.018
2454763.67202 2.011
2454763.67798 2.001
2454763.68102 2.0
2454763.684 1.99
2454763.68699 1.989
2454763.69478 1.971
2454763.69783 1.955
2454763.70087 1.917
2454763.70691 1.906
2454763.70996 1.921
2454763.71301 1.902
2454763.71599 1.926
2454763.71904 1.919
2454763.72204 1.921
2454763.72501 1.938
2454763.72806 1.961
2454763.73105 2.016
2454763.73409 2.038
2454763.73713 2.101
2454763.7419 2.095
2454763.74488 2.125
2454763.74792 2.123
2454763.7509 2.107
2454763.75693 2.057
2454763.75991 2.036
2454763.7629 2.022
2454763.76587 2.028
2454763.76886 2.025
2454763.77184 2.007
2454763.77489 2.024
2454763.77793 2.056
2454763.78092 2.085
2454763.7839 2.16
2454763.79177 2.194
2454763.79476 2.149
2454763.79774 2.139
2454763.80073 2.115
2454763.80372 2.112
2454763.8067 2.049
2454763.80975 2.047
2454763.81273 2.055
2454763.8187 1.981
2454763.82174 1.938
2454763.82472 1.925
2454763.8277 1.936
2454763.83068 1.953
2454763.84147 1.971
2454763.84756 2.0
2454763.85061 2.032
2454763.85365 2.056
2454763.85663 2.025
2454763.85968 2.019
