2454748.61766 15.584
2454748.62257 15.583
2454748.62748 15.593
2454748.63237 15.662
2454748.63971 15.767
2454748.64722 15.716
2454748.65473 15.691
2454748.66225 15.625
2454748.67245 15.632
2454748.68266 15.623
2454748.69286 15.683
2454748.70307 15.716
2454748.71328 15.739
2454748.72352 15.718
2454748.7503 15.697
2454748.76397 15.737
2454748.77766 15.675
2454748.79134 15.679
2454748.80331 15.758
2454748.8142 15.797
2454748.83054 15.889
2454748.83819 15.891
2454748.8492 15.775
2454748.86021 15.754
2454748.87124 15.828
2454748.88223 15.73
2454748.89324 15.69
2454748.90425 15.661
2454748.91662 15.679
2454748.92898 15.692
2454748.9537 15.71
2454748.96607 15.633
2454748.97844 15.663
2454748.99087 15.709
