2454200.00101 0.615
2454200.00409 0.562
2454200.02131 0.556
2454200.0244 0.553
2454200.04174 0.542
2454200.04482 0.591
2454200.06086 0.773
2454200.06479 0.712
2454200.0731 0.728
2454200.07715 0.639
2454200.08946 0.509
2454200.09254 0.507
2454200.11015 0.668
2454200.11323 0.694
2454200.12962 0.642
2454200.13367 0.55
2454200.15005 0.569
2454200.17339 0.571
2454200.19065 0.756
2454200.19374 0.739
2454200.21116 0.523
2454200.21425 0.502
2454200.23156 0.583
2454200.23541 0.624
2454200.24337 0.676
2454200.24742 0.682
2454200.25635 0.619
2454200.25943 0.58
2454200.26835 0.491
2454200.27144 0.579
