2454209.99844 1.048
2454210.00286 1.095
2454210.01598 1.195
2454210.01767 1.212
2454210.01939 1.232
2454210.03274 1.197
2454210.03536 1.147
2454210.03706 1.12
2454210.05662 0.998
2454210.05929 1.014
2454210.06098 1.036
2454210.07434 1.204
2454210.07604 1.207
2454210.07773 1.191
2454210.0911 1.087
2454210.09379 1.076
2454210.09549 1.065
2454210.10854 1.053
2454210.11024 1.06
2454210.11194 1.047
2454210.12524 1.01
2454210.12785 1.046
2454210.12955 1.051
2454210.14259 1.162
2454210.14429 1.222
2454210.146 1.2
2454210.15933 1.179
2454210.16103 1.139
2454210.16394 1.108
2454210.17733 0.984
2454210.17904 0.978
2454210.18074 0.98
2454210.19384 1.112
2454210.19554 1.126
2454210.19845 1.157
2454210.21142 1.101
2454210.21314 1.093
2454210.21484 1.058
2454210.22791 0.991
2454210.22962 0.99
2454210.23281 1.035
2454210.24567 0.957
2454210.24737 0.942
2454210.24907 0.959
2454210.26232 1.019
2454210.26402 1.037
2454210.26573 1.075
2454210.27977 1.152
2454210.28147 1.13
2454210.28318 1.156
2454210.29641 0.954
2454210.29811 0.955
2454210.30093 0.934
