2454208.99001 0.358
2454209.02355 0.226
2454209.02618 0.21
2454209.02787 0.222
2454209.04118 0.267
2454209.04287 0.306
2454209.04457 0.334
2454209.05794 0.388
2454209.05969 0.385
2454209.0626 0.369
2454209.07558 0.265
2454209.07728 0.247
2454209.07897 0.28
2454209.09222 0.289
2454209.09392 0.291
2454209.09684 0.248
2454209.11009 0.241
2454209.11179 0.286
2454209.11449 0.335
2454209.1277 0.406
2454209.13032 0.435
2454209.13232 0.443
2454209.14657 0.263
2454209.14826 0.24
2454209.14998 0.229
2454209.16314 0.175
2454209.16483 0.213
2454209.16776 0.231
2454209.18079 0.418
2454209.1825 0.375
2454209.1842 0.39
2454209.19734 0.286
2454209.20139 0.215
2454209.20309 0.198
2454209.21607 0.224
2454209.21777 0.227
2454209.21947 0.224
2454209.23267 0.268
2454209.23438 0.256
2454209.23729 0.218
2454209.25048 0.352
2454209.25218 0.383
2454209.25388 0.417
