2454203.00153 1.313
2454203.00462 1.318
2454203.0077 1.281
2454203.028 1.033
2454203.03109 1.067
2454203.0351 1.08
2454203.03885 1.13
2454203.04193 1.189
2454203.04595 1.194
2454203.04972 1.259
2454203.0528 1.256
2454203.05682 1.251
2454203.06064 1.238
2454203.06372 1.22
2454203.07021 1.149
2454203.0733 1.178
2454203.07638 1.159
2454203.08131 1.112
2454203.0844 1.13
2454203.08748 1.132
2454203.09219 1.118
2454203.09528 1.085
2454203.09836 1.101
2454203.10308 1.085
2454203.10616 1.135
2454203.11394 1.174
2454203.11703 1.211
2454203.1201 1.254
2454203.12787 1.295
2454203.13096 1.287
2454203.13605 1.249
2454203.13914 1.217
2454203.14222 1.186
2454203.14693 1.137
2454203.15008 1.082
2454203.15316 1.041
2454203.15697 1.037
2454203.16098 1.038
2454203.16406 1.055
2454203.16781 1.12
2454203.17184 1.167
2454203.17492 1.208
2454203.17867 1.214
2454203.18269 1.22
2454203.18576 1.213
2454203.18951 1.177
2454203.19354 1.165
2454203.19662 1.122
2454203.20038 1.107
2454203.2044 1.067
2454203.20748 1.09
2454203.21123 1.122
2454203.21524 1.136
2454203.21832 1.104
2454203.22207 1.08
2454203.22609 1.064
2454203.22946 1.075
2454203.23332 1.085
2454203.2364 1.1
2454203.24043 1.131
2454203.24417 1.189
2454203.24725 1.203
2454203.25127 1.232
2454203.25506 1.296
2454203.25814 1.294
2454203.26215 1.283
2454203.2659 1.222
2454203.26898 1.185
2454203.273 1.108
2454203.27675 1.083
2454203.27983 1.026
2454203.28384 1.033
2454203.28759 1.021
2454203.29068 1.056
2454203.29499 1.092
2454203.29874 1.172
2454203.30182 1.184
2454203.3049 1.203
2454203.30961 1.192
2454203.31269 1.199
