2455694.68524 17.075
2455694.6865 16.978
2455694.68734 16.954
2455694.68819 17.009
2455694.68903 17.006
2455694.68988 16.989
2455694.69072 16.955
2455694.69157 16.861
2455694.69241 16.93
2455694.69327 16.937
2455694.69412 17.014
2455694.69497 16.914
2455694.69582 16.976
2455694.69666 16.868
2455694.69751 16.798
2455694.69836 16.799
2455694.70006 16.87
2455694.70091 16.893
2455694.70175 16.955
2455694.7026 16.925
2455694.70344 16.879
2455694.70429 16.869
2455694.70513 16.898
2455694.70599 16.967
2455694.70685 16.862
2455694.70769 16.979
2455694.70855 17.045
2455694.70939 16.983
2455694.71025 17.089
2455694.71109 16.95
2455694.71195 17.08
2455694.7128 16.947
2455694.71364 17.102
2455694.71449 17.014
2455694.71533 17.118
2455694.71619 17.055
2455694.71703 17.166
2455694.71789 17.085
2455694.71873 17.18
2455694.71959 17.139
2455694.72043 17.135
2455694.72129 17.105
2455694.72214 17.16
2455694.72384 17.1
2455694.72468 17.154
2455694.72554 17.087
2455694.72638 17.123
2455694.72723 17.109
2455694.72807 17.06
2455694.72893 16.996
2455694.72977 16.962
2455694.73062 16.991
2455694.73148 17.025
2455694.73232 17.036
2455694.73318 16.985
2455694.7459 16.88
2455694.74675 16.869
2455694.7476 16.883
2455694.74846 16.85
2455694.7493 16.851
2455694.751 16.785
2455694.75186 16.799
2455694.7527 16.795
2455694.75355 16.851
2455694.7544 16.854
2455694.75525 16.867
2455694.75611 16.984
2455694.75696 16.927
2455694.75782 16.906
2455694.75866 16.945
2455694.75952 16.977
2455694.76971 17.118
2455694.77055 17.253
2455694.77225 17.21
2455694.7731 17.263
2455694.77394 17.182
2455694.77479 17.21
2455694.77563 17.264
2455694.77733 17.201
2455694.77818 17.156
2455694.77902 17.221
2455694.78072 17.238
2455694.78157 17.28
2455694.78243 17.252
2455694.78327 17.212
2455694.78413 17.184
2455694.78498 17.18
2455694.78583 17.103
2455694.78668 17.184
2455694.78753 17.144
2455694.78837 17.083
2455694.78922 17.025
2455694.79006 17.012
2455694.79091 17.007
2455694.79175 17.03
2455694.7926 17.022
2455694.79344 16.976
2455694.79429 16.943
2455694.79513 16.957
2455694.79599 17.041
2455694.79684 16.876
2455694.79768 16.941
2455694.79852 16.91
2455694.79937 16.93
2455694.80021 16.92
2455694.80106 16.9
2455694.80276 16.879
2455694.80362 16.884
2455694.80446 16.904
2455694.80532 16.887
2455694.80616 16.883
2455694.80701 16.872
2455694.80785 16.903
2455694.8087 16.971
2455694.80955 16.932
2455694.8104 16.96
2455694.81126 16.968
2455694.8121 16.923
2455694.81296 16.99
2455694.8138 16.992
2455694.81465 17.042
2455694.81549 17.063
2455694.81634 16.978
2455694.81719 17.099
2455694.81804 17.098
2455694.81888 17.066
2455694.81973 17.06
2455694.82398 17.13
2455694.83332 17.043
2455694.8384 16.923
2455694.83924 16.975
2455694.84774 16.921
2455694.84858 16.909
2455694.84943 16.897
2455694.85027 16.915
2455694.85113 16.875
2455694.85199 16.888
2455694.85283 16.853
2455694.85369 16.851
2455694.85453 16.866
2455694.85539 16.81
2455694.85623 16.877
2455694.85708 16.837
2455694.85792 16.837
2455694.85877 16.857
2455694.85962 16.85
2455694.86047 16.834
2455694.86133 16.908
2455694.86217 16.93
2455694.86302 16.924
2455694.86386 16.95
2455694.86471 16.99
2455694.86555 16.987
2455694.86641 17.004
2455694.86726 17.074
2455694.86811 17.038
2455694.86896 17.067
2455694.86981 17.034
2455694.87067 17.142
2455694.87151 17.062
2455694.87236 17.08
2455694.8732 17.119
2455694.87406 17.192
2455694.8749 17.2
2455694.87575 17.129
2455694.8766 17.224
2455694.87745 17.178
2455694.8783 17.118
2455694.87915 17.171
2455694.87999 17.194
2455694.88084 17.109
2455694.88168 17.165
2455694.88254 17.195
2455694.88339 17.126
2455694.88424 17.068
2455694.88509 17.113
2455694.88594 17.104
2455694.88679 17.171
2455694.88765 17.127
2455694.88934 17.077
2455694.89018 17.141
2455694.89102 17.107
2455694.89188 17.072
2455694.89273 17.083
2455694.89358 17.022
2455694.89443 17.038
2455694.89528 17.009
2455694.89613 17.001
2455694.89697 16.928
2455694.89782 16.986
2455694.89866 16.928
2455694.89952 16.993
2455694.90037 16.984
2455694.90122 16.952
2455694.90207 16.885
2455694.90292 16.851
2455694.90377 16.916
2455694.90461 16.821
2455694.90547 16.805
2455694.90631 16.82
2455694.90717 16.849
2455694.90802 16.851
2455694.90887 16.863
2455694.90972 16.823
2455694.91057 16.852
2455694.91142 16.881
2455694.91226 16.872
2455694.91311 16.878
2455694.91395 16.895
2455694.9148 16.964
2455694.91564 17.012
2455694.9165 17.002
2455694.91734 16.974
2455694.9182 17.001
2455694.91906 17.036
2455694.91991 17.011
2455694.92076 17.127
2455694.9216 17.066
2455694.92246 17.068
