2455702.68519 16.758
2455702.68604 16.686
2455702.68688 16.647
2455702.68792 16.658
2455702.68877 16.64
2455702.68961 16.703
2455702.69046 16.752
2455702.69975 17.014
2455702.70144 16.855
2455702.70229 16.939
2455702.70313 16.977
2455702.70398 16.952
2455702.70482 16.888
2455702.70651 17.057
2455702.71327 16.897
2455702.71496 16.904
2455702.7158 16.868
2455702.71834 17.001
2455702.72172 16.752
2455702.73356 16.698
2455702.7344 16.622
2455702.74032 16.775
2455702.74201 16.848
2455702.74285 16.639
2455702.74454 16.685
2455702.74539 16.832
2455702.74623 16.805
2455702.74708 16.845
2455702.74793 16.835
2455702.74878 16.927
2455702.74962 16.894
2455702.75047 16.879
2455702.75131 16.883
2455702.75216 16.884
2455702.753 16.903
2455702.75385 16.913
2455702.75469 16.942
2455702.75554 16.901
2455702.75638 16.896
2455702.75723 16.91
2455702.75807 16.924
2455702.75892 16.925
2455702.75976 16.877
2455702.76061 16.821
2455702.76145 16.841
2455702.7623 16.804
2455702.76314 16.899
2455702.76399 16.81
2455702.76483 16.778
2455702.76568 16.774
2455702.76652 16.779
2455702.76737 16.74
2455702.76821 16.735
2455702.76906 16.708
2455702.7699 16.768
2455702.77075 16.746
2455702.77159 16.774
2455702.77244 16.802
2455702.77328 16.738
2455702.77413 16.773
2455702.78511 16.7
2455702.78596 16.695
2455702.7868 16.738
2455702.78849 16.686
2455702.78934 16.755
2455702.79018 16.708
2455702.79102 16.81
2455702.79187 16.731
2455702.79356 16.779
2455702.7944 16.667
2455702.79525 16.703
2455702.79609 16.76
2455702.79694 16.837
2455702.79778 16.776
2455702.79863 16.787
2455702.79947 16.834
2455702.80032 16.756
2455702.80116 16.805
2455702.80201 17.012
2455702.80285 16.905
2455702.8037 17.053
2455702.80454 16.899
2455702.80539 17.048
2455702.80623 17.029
2455702.80708 17.029
2455702.80792 17.037
2455702.80877 17.011
2455702.80961 16.984
2455702.81046 17.015
2455702.8113 16.983
2455702.81215 17.003
2455702.81299 16.908
2455702.81384 16.956
2455702.81468 16.926
2455702.81553 16.985
2455702.81637 16.894
2455702.81722 16.969
2455702.81806 16.86
2455702.81891 16.904
2455702.81975 16.859
2455702.8206 16.815
2455702.82144 16.925
2455702.82229 16.727
2455702.82313 16.738
2455702.82398 16.786
2455702.82482 16.776
2455702.82567 16.818
2455702.82651 16.85
2455702.82736 16.681
2455702.8282 16.702
2455702.82905 16.724
2455702.82989 16.68
2455702.84594 16.763
2455702.84679 16.776
2455702.84763 16.749
2455702.84848 16.83
2455702.84932 16.758
2455702.85101 16.77
2455702.85186 16.858
2455702.8527 16.899
2455702.85355 16.82
2455702.85693 16.937
2455702.85777 16.96
2455702.85946 16.982
2455702.86284 16.889
2455702.86369 16.871
2455702.86453 16.956
2455702.86538 16.931
2455702.86622 16.902
2455702.86707 16.892
2455702.86791 16.872
2455702.86876 16.804
2455702.87045 16.888
2455702.87129 16.837
2455702.87214 16.739
2455702.87298 16.817
2455702.87383 16.729
2455702.87467 16.769
2455702.87552 16.758
2455702.87636 16.689
2455702.87721 16.775
2455702.87805 16.638
2455702.8789 16.686
2455702.87974 16.616
2455702.88059 16.718
2455702.88143 16.648
2455702.88227 16.69
2455702.88396 16.637
2455702.88481 16.682
2455702.8865 16.599
2455702.88734 16.64
2455702.88819 16.64
2455702.88903 16.666
2455702.88988 16.665
2455702.89072 16.683
2455702.89157 16.72
2455702.89241 16.742
2455702.89326 16.675
2455702.89495 16.731
2455702.89579 16.769
2455702.89748 16.732
2455702.89833 16.729
2455702.89917 16.728
2455702.90086 16.816
2455702.90172 16.847
2455702.90341 16.908
2455702.90425 16.824
2455702.9051 16.942
2455702.90594 16.951
2455702.90679 16.958
2455702.90763 16.951
2455702.90848 16.886
2455702.91017 16.857
2455702.91101 16.968
2455702.91186 17.021
2455702.9127 16.996
2455702.91355 17.037
2455702.91439 16.916
2455702.91524 17.041
2455702.91777 17.032
2455702.91946 16.983
2455702.92115 17.024
2455702.922 16.957
2455702.92284 16.909
2455702.92369 16.887
2455702.92453 16.812
2455702.92539 16.863
2455702.92623 16.87
2455702.92792 16.765
2455702.92877 16.702
2455702.93046 16.609
2455702.9313 16.789
2455702.93215 16.757
2455702.93384 16.739
2455702.93468 16.715
2455702.93553 16.671
2455702.93637 16.614
2455702.93722 16.596
2455702.93806 16.641
2455702.94314 16.705
2455702.94399 16.735
2455702.94483 16.666
2455702.94568 16.746
2455702.94652 16.689
2455702.94737 16.832
2455702.94821 16.739
2455702.9499 16.788
2455702.95075 16.795
2455702.95159 16.788
2455702.95244 16.816
2455702.95328 16.839
2455702.95497 16.792
