2455852.64973 15.389
2455852.65233 15.362
2455852.65493 15.358
2455852.65749 15.356
2455852.66008 15.369
2455852.66269 15.395
2455852.66528 15.405
2455852.66784 15.427
2455852.67043 15.476
2455852.67302 15.508
2455852.67561 15.544
2455852.67816 15.565
2455852.68075 15.612
2455852.68335 15.636
2455852.68593 15.665
2455852.68848 15.659
2455852.69108 15.691
2455852.69367 15.689
2455852.69625 15.696
2455852.69882 15.676
2455852.70142 15.629
2455852.70403 15.577
2455852.70662 15.51
2455852.70918 15.494
2455852.71179 15.457
2455852.71438 15.439
2455852.71697 15.425
2455852.71951 15.413
2455852.72211 15.417
2455852.7247 15.422
2455852.72728 15.438
2455852.72983 15.446
2455852.73243 15.481
2455852.73502 15.529
2455852.7376 15.543
2455852.74016 15.586
2455852.74276 15.618
2455852.74534 15.613
2455852.74794 15.646
2455852.75051 15.654
2455852.7531 15.662
2455852.75569 15.695
2455852.75829 15.726
2455852.76083 15.741
2455852.76341 15.738
2455852.76601 15.741
2455852.76859 15.709
2455852.77115 15.657
2455852.77374 15.608
2455852.77633 15.542
2455852.77891 15.501
2455852.78147 15.477
2455852.78405 15.431
2455852.78664 15.411
2455852.78923 15.373
2455852.79179 15.368
2455852.7944 15.361
2455852.79699 15.369
2455852.79958 15.378
2455852.80213 15.39
2455852.80551 15.417
2455852.80837 15.45
2455852.81096 15.502
2455852.81352 15.539
2455852.8161 15.554
2455852.8187 15.602
2455852.82129 15.627
2455852.82384 15.648
2455852.82642 15.661
2455852.82902 15.677
2455852.83161 15.701
2455852.83416 15.697
2455852.83675 15.684
2455852.83933 15.648
2455852.84192 15.596
2455852.84447 15.533
2455852.84706 15.49
2455852.84965 15.458
2455852.85223 15.441
2455852.85479 15.423
2455852.85738 15.415
2455852.85998 15.412
2455852.86256 15.419
2455852.86512 15.416
2455852.8677 15.435
2455852.87029 15.468
2455852.87287 15.505
2455852.87542 15.54
2455852.87801 15.604
2455852.88059 15.608
2455852.88318 15.621
2455852.88573 15.632
2455852.88831 15.628
2455852.8909 15.67
2455852.89348 15.688
2455852.89603 15.719
2455852.89862 15.751
2455852.9012 15.732
2455852.90379 15.691
2455852.92694 15.393
2455852.92954 15.377
2455852.93212 15.349
