2455853.65675 15.662
2455853.65934 15.667
2455853.66194 15.683
2455853.6673 15.701
2455853.66991 15.683
2455853.67251 15.595
2455853.6751 15.551
2455853.67767 15.512
2455853.68026 15.473
2455853.68285 15.44
2455853.68544 15.434
2455853.68799 15.431
2455853.69059 15.416
2455853.69319 15.417
2455853.6958 15.408
2455853.69837 15.433
2455853.70096 15.443
2455853.70357 15.484
2455853.70616 15.537
2455853.70872 15.573
2455853.71132 15.614
2455853.7139 15.621
2455853.71649 15.632
2455853.71905 15.643
2455853.72164 15.647
2455853.72424 15.671
2455853.72683 15.686
2455853.72938 15.728
2455853.73197 15.721
2455853.73455 15.74
2455853.73713 15.741
2455853.73997 15.692
2455853.74256 15.643
2455853.74515 15.586
2455853.74776 15.53
2455853.7503 15.49
2455853.75291 15.468
2455853.7555 15.422
2455853.75809 15.399
2455853.76065 15.379
2455853.76324 15.367
2455853.76583 15.356
2455853.76844 15.367
2455853.77098 15.384
2455853.77358 15.394
2455853.77617 15.423
2455853.77876 15.467
2455853.78132 15.495
2455853.78391 15.536
2455853.78651 15.562
2455853.7891 15.609
2455853.79166 15.635
2455853.79426 15.662
2455853.79685 15.692
2455853.79943 15.694
2455853.80296 15.716
2455853.80556 15.715
2455853.80815 15.682
2455853.81074 15.616
2455853.8133 15.554
2455853.8159 15.51
2455853.81848 15.461
2455853.82109 15.441
2455853.82365 15.421
2455853.82623 15.409
2455853.82883 15.386
2455853.83142 15.422
2455853.83397 15.406
2455853.83657 15.417
2455853.83917 15.442
2455853.84176 15.494
2455853.84432 15.522
2455853.8469 15.58
2455853.8495 15.598
2455853.8521 15.595
2455853.85465 15.613
2455853.85725 15.638
2455853.85984 15.631
2455853.86242 15.644
2455853.86499 15.658
2455853.86757 15.718
2455853.87017 15.724
2455853.87276 15.732
2455853.87531 15.723
2455853.87791 15.702
2455853.88051 15.659
2455853.88309 15.589
2455853.88566 15.541
2455853.88824 15.515
2455853.89083 15.469
2455853.89343 15.421
2455853.89598 15.402
2455853.89858 15.37
2455853.90118 15.379
2455853.90376 15.336
2455853.90632 15.341
2455853.90891 15.361
2455853.91151 15.377
2455853.9141 15.396
2455853.91667 15.431
2455853.91925 15.467
2455853.92185 15.512
2455853.92444 15.549
2455853.92699 15.567
2455853.9296 15.619
2455853.93219 15.63
2455853.93478 15.634
