2455848.65037 15.267
2455848.65293 15.303
2455848.65552 15.34
2455848.65811 15.349
2455848.66071 15.398
2455848.66326 15.406
2455848.66586 15.44
2455848.66845 15.452
2455848.67103 15.473
2455848.67358 15.471
2455848.67617 15.478
2455848.67876 15.442
2455848.68135 15.384
2455848.68392 15.35
2455848.68651 15.296
2455848.6891 15.277
2455848.69169 15.235
2455848.69424 15.231
2455848.69682 15.219
2455848.69941 15.212
2455848.70199 15.214
2455848.70455 15.217
2455848.70714 15.236
2455848.70972 15.252
2455848.71232 15.303
2455848.71487 15.318
2455848.71745 15.345
2455848.72006 15.389
2455848.72264 15.408
2455848.7252 15.408
2455848.75125 15.428
2455848.75383 15.369
2455848.75638 15.318
2455848.75896 15.278
2455848.76155 15.254
2455848.76413 15.21
2455848.76668 15.17
2455848.76927 15.176
2455848.77185 15.165
2455848.77443 15.14
2455848.77698 15.172
2455848.77957 15.166
2455848.78215 15.184
2455848.78473 15.204
2455848.78729 15.255
2455848.78987 15.29
2455848.79245 15.329
2455848.79504 15.351
2455848.79758 15.38
2455848.80276 15.421
2455848.80534 15.439
2455848.80788 15.465
2455848.81046 15.468
2455848.81306 15.489
2455848.81564 15.482
2455848.82201 15.362
2455848.8246 15.325
2455848.83232 15.255
2455848.83491 15.222
2455848.83749 15.207
2455848.84004 15.199
2455848.84263 15.209
2455848.84522 15.222
2455848.8478 15.269
2455848.85036 15.271
2455848.85295 15.313
2455848.85553 15.347
2455848.85813 15.393
2455848.86067 15.39
2455848.86325 15.425
2455848.86585 15.415
2455848.86844 15.429
2455848.87098 15.451
2455848.87358 15.492
2455848.87616 15.505
2455848.87875 15.538
2455848.8813 15.517
2455848.88389 15.528
2455848.88647 15.492
2455848.88905 15.436
2455848.89161 15.379
2455848.89419 15.344
2455848.89677 15.287
2455848.89936 15.257
2455848.90191 15.219
2455848.9045 15.192
2455848.90708 15.174
2455848.90968 15.158
2455848.91222 15.16
2455848.91482 15.158
2455848.9174 15.162
2455848.91998 15.192
2455848.92252 15.217
2455848.92512 15.217
2455848.92771 15.291
2455848.93029 15.322
2455848.93306 15.354
2455848.9358 15.369
2455848.94129 15.414
