2456804.738569 +17.914
2456804.741558 +17.872
2456804.747521 +17.843
2456804.750500 +17.836
2456804.753490 +17.807
2456804.756467 +17.788
2456804.768828 +17.753
2456804.771803 +17.789
2456804.800542 +17.843
2456804.806522 +17.799
2456804.839929 +17.840
2456804.842906 +17.885
2456804.848876 +17.889
2456804.854845 +17.906
2456804.857827 +17.903
2456804.877640 +17.786
2456804.880627 +17.774
2456804.889576 +17.839
2456804.892567 +17.822
2456804.895545 +17.882
2456804.902130 +17.884
2456804.905123 +17.893
2456804.911098 +17.918
2456804.914078 +17.881
2456804.917060 +17.841
2456804.969770 +17.899
2456804.972746 +17.835
