2456800.747143 +17.825
2456800.750124 +17.829
2456800.753106 +17.861
2456800.756085 +17.890
2456800.759071 +17.873
2456800.762056 +17.946
2456800.771000 +17.939
2456800.773983 +17.964
2456800.783329 +17.908
2456800.850967 +17.836
2456800.853948 +17.820
2456800.874824 +17.929
2456800.881984 +17.935
2456800.887942 +17.997
2456800.921252 +17.982
2456800.924244 +17.964
2456800.927223 +17.958
2456800.930214 +18.023
2456800.933199 +17.966
2456800.939168 +17.979
2456800.957204 +17.858
2456800.960185 +17.837
2456800.963165 +17.847
2456800.975101 +17.839
