2456297.54101 15.739
2456297.54406 15.738
2456297.5471 15.666
2456297.55321 15.628
2456297.57137 15.747
2456297.57444 15.79
2456297.57749 15.843
2456297.58663 15.861
2456297.58968 15.822
2456297.59274 15.8
2456297.59579 15.766
2456297.59883 15.721
2456297.60723 15.671
2456297.61028 15.669
2456297.61336 15.653
2456297.61642 15.657
2456297.61949 15.63
2456297.62254 15.633
2456297.62863 15.695
2456297.63165 15.726
2456297.6347 15.767
2456297.64369 15.831
2456297.64673 15.818
2456297.64979 15.822
2456297.65283 15.821
2456297.65588 15.815
2456297.65894 15.792
2456297.662 15.776
2456297.66504 15.73
2456297.6681 15.686
2456297.67115 15.64
2456297.67994 15.585
2456297.68299 15.599
2456297.69517 15.686
2456297.69822 15.737
2456297.70127 15.789
2456297.70433 15.831
2456297.70738 15.848
2456297.71582 15.793
2456297.71888 15.757
2456297.7219 15.732
2456297.72494 15.696
2456297.72799 15.684
2456297.73105 15.651
2456297.73412 15.649
2456297.73714 15.629
2456297.7402 15.627
2456297.74325 15.622
2456297.75157 15.682
2456297.75462 15.702
2456297.75767 15.731
2456297.76072 15.739
2456297.77289 15.788
2456297.77597 15.796
2456297.77902 15.782
2456297.78756 15.716
2456297.79062 15.681
2456297.79369 15.638
2456297.79674 15.613
2456297.79981 15.609
2456297.80286 15.585
2456297.80591 15.591
2456297.80897 15.589
2456297.812 15.615
2456297.81506 15.653
2456297.82371 15.795
2456297.82675 15.841
2456297.83289 15.829
2456297.83595 15.791
2456297.84817 15.667
2456297.89568 15.802
2456297.89874 15.813
2456297.90176 15.799
2456297.90481 15.805
2456297.90788 15.761
2456297.91095 15.747
2456297.914 15.709
2456297.91707 15.682
2456297.92013 15.64
2456297.92319 15.613
