2456296.55768 15.444
2456296.56069 15.438
2456296.5637 15.43
2456296.56671 15.437
2456296.56972 15.458
2456296.57273 15.478
2456296.57574 15.512
2456296.57875 15.549
2456296.58477 15.635
2456296.59294 15.686
2456296.59599 15.644
2456296.599 15.604
2456296.602 15.56
2456296.60502 15.545
2456296.60803 15.529
2456296.62834 15.457
2456296.63438 15.496
2456296.63739 15.514
2456296.6404 15.528
2456296.6434 15.559
2456296.64642 15.595
2456296.64946 15.618
2456296.65248 15.623
2456296.65551 15.621
2456296.66388 15.638
2456296.66692 15.6
2456296.66994 15.579
2456296.67298 15.534
2456296.67601 15.512
2456296.67903 15.459
2456296.68206 15.448
2456296.68508 15.416
2456296.68809 15.439
2456296.6911 15.42
2456296.69927 15.49
2456296.70229 15.527
2456296.7053 15.565
2456296.70831 15.615
2456296.71134 15.66
2456296.71435 15.679
2456296.71736 15.684
2456296.7204 15.644
2456296.72341 15.63
2456296.72642 15.606
2456296.73514 15.523
2456296.73815 15.491
2456296.74117 15.478
2456296.74418 15.47
2456296.74719 15.461
2456296.75021 15.466
2456296.75323 15.452
2456296.75624 15.473
2456296.75928 15.51
2456296.76229 15.53
2456296.7704 15.635
2456296.77342 15.632
2456296.77643 15.63
2456296.77944 15.612
2456296.78245 15.604
2456296.78546 15.594
2456296.78848 15.611
2456296.79149 15.573
2456296.79451 15.552
2456296.79753 15.526
2456296.82095 15.471
2456296.82402 15.502
2456296.82707 15.537
2456296.83012 15.578
2456296.83316 15.637
2456296.84153 15.657
2456296.84457 15.615
2456296.84761 15.591
2456296.85065 15.556
2456296.85368 15.516
2456296.85674 15.509
2456296.85979 15.482
2456296.86284 15.465
2456296.86589 15.447
2456296.86894 15.451
2456296.87716 15.471
2456296.88021 15.496
2456296.88326 15.514
2456296.88631 15.541
2456296.88934 15.555
2456296.89237 15.589
2456296.89542 15.631
2456296.89847 15.653
2456296.90151 15.648
2456296.90456 15.623
2456296.91386 15.593
2456296.91692 15.583
2456296.91997 15.55
