2456656.81444 16.809
2456656.81742 16.799
2456656.82039 16.819
2456656.82634 16.825
2456656.82931 16.831
2456656.83229 16.837
2456656.83526 16.849
2456656.83825 16.849
2456656.84122 16.855
2456656.85164 16.801
2456656.85457 16.792
2456656.85755 16.79
2456656.86052 16.771
2456656.86349 16.773
2456656.86944 16.742
2456656.87241 16.722
2456656.87539 16.75
2456656.87836 16.759
2456656.88504 16.741
2456656.88802 16.775
2456656.89099 16.814
2456656.89397 16.807
2456656.89694 16.8
2456656.89992 16.788
2456656.9029 16.782
2456656.90587 16.752
2456656.90885 16.765
2456656.91182 16.753
2456656.91945 16.734
2456656.92242 16.769
2456656.9254 16.799
2456656.92838 16.801
2456656.93135 16.812
2456656.93433 16.791
2456656.93731 16.78
2456656.94028 16.73
2456656.94325 16.762
2456656.94623 16.738
2456656.96743 16.741
2456656.97931 16.697
2456656.98711 16.68
2456656.99009 16.692
2456656.99306 16.702
2456656.99603 16.684
2456656.999 16.701
2456657.00197 16.743
2456657.00494 16.768
2456657.00793 16.763
2456657.01387 16.788
2456657.02343 16.761
2456657.0264 16.753
2456657.02939 16.772
2456657.03237 16.728
2456657.03535 16.708
2456657.03832 16.698
2456657.0413 16.729
2456657.04426 16.76
2456657.04723 16.773
2456657.05828 16.771
2456657.06126 16.789
2456657.06423 16.798
2456657.06721 16.769
2456657.07019 16.758
2456657.07316 16.814
