2456652.82301 16.851
2456652.82599 16.843
2456652.83563 16.893
2456652.83861 16.902
2456652.84158 16.869
2456652.84454 16.87
2456652.85049 16.877
2456652.85346 16.856
2456652.85644 16.872
2456652.8594 16.851
2456652.86238 16.869
2456652.87714 16.899
2456652.88012 16.933
2456652.88309 16.907
2456652.88607 16.917
2456652.88904 16.938
2456652.89201 16.956
2456652.89499 16.976
2456652.90093 16.997
2456652.95212 16.902
2456652.95806 16.862
2456652.96105 16.856
2456652.96401 16.849
2456652.96699 16.86
2456652.96996 16.881
2456652.97632 16.847
2456652.9793 16.874
2456652.98227 16.872
2456652.98822 16.917
2456652.99118 16.929
2456652.99416 16.921
2456652.99713 16.923
2456653.0001 16.905
2456653.00307 16.894
2456653.01088 16.927
2456653.01979 16.984
2456653.02574 16.939
2456653.0287 16.941
2456653.03168 16.948
2456653.03465 16.92
2456653.03762 16.868
2456653.04728 16.867
2456653.05025 16.859
2456653.05322 16.833
2456653.05917 16.85
2456653.06214 16.897
2456653.06512 16.87
2456653.06808 16.912
