2456650.80749 17.018
2456650.81047 17.012
2456650.81345 17.013
2456650.81643 16.979
2456650.82239 17.0
2456650.82537 16.968
2456650.82833 16.975
2456650.83879 16.955
2456650.87524 16.997
2456650.88119 16.969
2456650.88417 16.946
2456650.88715 16.969
2456650.89012 16.933
2456650.8931 16.943
2456650.89607 16.96
2456650.90299 16.968
2456650.90596 16.958
2456650.90894 16.954
2456650.9119 16.98
2456650.91489 16.959
2456650.91785 16.971
2456650.92083 16.978
2456650.95176 16.983
2456650.95473 16.991
2456650.9577 17.002
2456650.96068 17.009
2456650.97915 17.025
2456650.98213 17.045
2456650.9851 17.025
2456650.98807 17.037
2456650.99701 16.993
2456650.99998 16.962
2456651.00779 16.974
2456651.01373 16.934
2456651.0167 16.934
2456651.01968 16.919
2456651.02265 16.945
2456651.0286 16.933
2456651.03157 16.964
2456651.03455 16.947
2456651.04112 16.987
2456651.04409 16.989
2456651.04706 17.016
2456651.05004 16.982
2456651.05302 16.986
2456651.05599 16.966
2456651.06194 16.955
2456651.06492 16.957
2456651.06789 16.959
2456651.07471 16.984
