2457289.356748 +14.332
2457289.359572 +14.337
2457289.362407 +14.348
2457289.365232 +14.332
2457289.368056 +14.337
2457289.370891 +14.379
2457289.376551 +14.442
2457289.379375 +14.452
2457289.382199 +14.512
2457289.385035 +14.546
2457289.387859 +14.559
2457289.391447 +14.586
2457289.394271 +14.578
2457289.397095 +14.530
2457289.399931 +14.504
2457289.402766 +14.439
2457289.405590 +14.403
2457289.408414 +14.376
2457289.411250 +14.354
2457289.414074 +14.330
2457289.416898 +14.323
2457289.419734 +14.318
2457289.422558 +14.310
2457289.439178 +14.487
2457289.442002 +14.535
2457289.444838 +14.577
2457289.447674 +14.575
2457289.450498 +14.571
2457289.458982 +14.518
2457289.461817 +14.446
2457289.464641 +14.423
2457289.467465 +14.393
2457289.470301 +14.362
2457289.473947 +14.342
2457289.476771 +14.318
2457289.479607 +14.317
2457289.482431 +14.306
2457289.485266 +14.318
2457289.488090 +14.334
2457289.490926 +14.359
2457289.493750 +14.404
2457289.496586 +14.431
2457289.499410 +14.456
2457289.502234 +14.497
2457289.505069 +14.532
2457289.508773 +14.563
2457289.511597 +14.553
2457289.514421 +14.546
2457289.517257 +14.505
2457289.520093 +14.461
2457289.522928 +14.410
2457289.525752 +14.365
2457289.528588 +14.344
2457289.531412 +14.338
2457289.534248 +14.312
2457289.537072 +14.314
2457289.539896 +14.307
2457289.543530 +14.344
2457289.546366 +14.363
2457289.549201 +14.398
2457289.552025 +14.415
2457289.554861 +14.445
2457289.557685 +14.493
2457289.560509 +14.516
2457289.563345 +14.576
2457289.566169 +14.574
2457289.568993 +14.565
2457289.571829 +14.543
2457289.574653 +14.534
2457289.578287 +14.495
2457289.581111 +14.452
2457289.583947 +14.413
2457289.586782 +14.373
2457289.589607 +14.347
2457289.592442 +14.328
2457289.595278 +14.312
2457289.598102 +14.311
2457289.600938 +14.316
2457289.603762 +14.315
2457289.606586 +14.355
