2454204.99623 1.824
2454204.99931 1.828
2454205.00237 1.808
2454205.013 1.693
2454205.01679 1.649
2454205.01987 1.629
2454205.0353 1.624
2454205.03932 1.657
2454205.0424 1.708
2454205.05771 1.827
2454205.06173 1.832
2454205.07406 1.7
2454205.07713 1.686
2454205.08954 1.624
2454205.09264 1.665
2454205.10588 1.742
2454205.10896 1.786
2454205.12119 1.837
2454205.12427 1.767
2454205.13666 1.636
2454205.14038 1.621
2454205.15281 1.61
2454205.15588 1.633
2454205.16782 1.787
2454205.1709 1.811
2454205.18302 1.801
2454205.18711 1.795
2454205.19985 1.642
2454205.20293 1.635
2454205.21523 1.659
2454205.21831 1.669
2454205.23493 1.885
