2454200.90992 0.221
2454200.91365 0.287
2454200.91742 0.351
2454200.9205 0.323
2454200.92516 0.35
2454200.92831 0.332
2454200.93207 0.295
2454200.93615 0.306
2454200.93988 0.228
2454200.94295 0.17
2454200.94762 0.181
2454200.95074 0.148
2454200.95447 0.158
2454200.95853 0.157
2454200.96237 0.19
2454200.96544 0.18
2454200.9701 0.211
2454200.97318 0.265
2454200.97694 0.336
2454200.98101 0.384
2454200.98473 0.345
2454200.9878 0.289
2454200.99245 0.284
2454200.99553 0.213
2454201.01539 0.131
2454201.01847 0.113
2454201.03831 0.334
2454201.04139 0.336
2454201.06123 0.202
2454201.06431 0.16
2454201.08412 0.229
2454201.08721 0.263
2454201.11122 0.281
2454201.115 0.246
2454201.13919 0.21
2454201.14226 0.17
2454201.16598 0.392
2454201.16906 0.344
2454201.19306 0.173
2454201.19713 0.187
2454201.2209 0.338
2454201.22398 0.367
