2457335.594124 -0.361
2457335.598412 -0.356
2457335.600557 -0.353
2457335.602701 -0.344
2457335.604845 -0.327
2457335.606990 -0.298
2457335.609134 -0.282
2457335.611279 -0.273
2457335.613423 -0.233
2457335.615567 -0.198
2457335.617713 -0.159
2457335.619858 -0.130
2457335.622003 -0.104
2457335.624147 -0.074
2457335.626291 -0.075
2457335.628435 -0.093
2457335.630579 -0.098
2457335.632724 -0.087
2457335.634869 -0.108
2457335.637013 -0.139
2457335.639157 -0.156
2457335.641301 -0.197
2457335.643446 -0.215
2457335.645590 -0.256
2457335.647735 -0.279
2457335.649879 -0.303
2457335.652023 -0.322
2457335.654167 -0.335
2457335.656312 -0.343
2457335.658455 -0.346
2457335.660600 -0.359
2457335.662744 -0.348
2457335.664888 -0.349
2457335.667032 -0.329
2457335.669177 -0.316
2457335.671321 -0.285
2457335.673465 -0.250
2457335.675609 -0.242
2457335.677753 -0.204
2457335.679898 -0.170
2457335.682042 -0.144
2457335.684186 -0.093
2457335.686330 -0.074
2457335.688475 -0.075
2457335.690619 -0.072
2457335.692764 -0.096
2457335.697928 -0.198
2457335.702217 -0.283
2457335.704361 -0.305
2457335.706505 -0.325
2457335.708650 -0.347
2457335.710794 -0.361
2457335.712939 -0.377
2457335.715083 -0.378
2457335.717227 -0.365
2457335.719371 -0.360
2457335.721516 -0.342
2457335.723660 -0.338
2457335.725804 -0.340
2457335.727949 -0.321
2457335.730093 -0.274
2457335.732237 -0.237
2457335.734381 -0.198
2457335.736525 -0.168
2457335.738670 -0.129
2457335.740814 -0.092
2457335.742959 -0.083
2457335.745102 -0.100
2457335.747246 -0.108
2457335.749390 -0.115
2457335.751534 -0.122
2457335.753679 -0.128
2457335.755823 -0.150
2457335.757967 -0.183
2457335.760112 -0.227
2457335.762256 -0.253
2457335.764400 -0.292
2457335.766545 -0.299
2457335.768689 -0.343
2457335.770833 -0.343
2457335.772978 -0.347
2457335.775122 -0.361
2457335.777266 -0.375
2457335.779410 -0.371
2457335.781555 -0.364
2457335.783698 -0.359
2457335.785842 -0.337
2457335.787987 -0.311
2457335.790131 -0.293
2457335.792275 -0.262
2457335.794418 -0.230
2457335.796562 -0.224
2457335.798707 -0.162
2457335.800851 -0.125
2457335.802995 -0.103
2457335.805138 -0.097
2457335.807282 -0.089
2457335.809427 -0.110
2457335.811571 -0.132
2457335.813716 -0.168
2457335.815880 -0.211
2457335.818025 -0.242
2457335.820168 -0.280
2457335.822313 -0.306
2457335.824458 -0.329
2457335.826601 -0.349
2457335.828746 -0.366
2457335.830890 -0.359
2457335.833035 -0.383
2457335.835179 -0.379
2457335.837324 -0.374
2457335.839469 -0.357
2457335.841613 -0.333
2457335.843758 -0.328
2457335.845902 -0.298
