2457336.565593 +0.186
2457336.569884 +0.233
2457336.572030 +0.225
2457336.574175 +0.217
2457336.576320 +0.214
2457336.578467 +0.200
2457336.580613 +0.190
2457336.582759 +0.162
2457336.584904 +0.127
2457336.587050 +0.088
2457336.589196 +0.033
2457336.591343 +0.023
2457336.593489 -0.010
2457336.595635 -0.022
2457336.597781 -0.051
2457336.599926 -0.065
2457336.602073 -0.071
2457336.604219 -0.070
2457336.606364 -0.082
2457336.608509 -0.069
2457336.610654 -0.040
2457336.612800 -0.038
2457336.614947 -0.009
2457336.617093 +0.030
2457336.619239 +0.069
2457336.621385 +0.098
2457336.623532 +0.114
2457336.625678 +0.151
2457336.627825 +0.207
2457336.629971 +0.247
2457336.632116 +0.260
2457336.634262 +0.233
2457336.636411 +0.257
2457336.638558 +0.220
2457336.640703 +0.169
2457336.642850 +0.117
2457336.644996 +0.078
2457336.647142 +0.042
2457336.649288 -0.002
2457336.651434 -0.030
2457336.653580 -0.012
2457336.655726 -0.037
2457336.657871 -0.056
2457336.660017 -0.070
2457336.662162 -0.073
2457336.664307 -0.059
2457336.666454 -0.032
2457336.668600 -0.013
2457336.670747 +0.006
2457336.672893 +0.035
2457336.675039 +0.058
2457336.677184 +0.085
2457336.679330 +0.137
2457336.681476 +0.166
2457336.683622 +0.201
2457336.685768 +0.240
2457336.687913 +0.260
2457336.690059 +0.239
2457336.696715 +0.231
2457336.701005 +0.197
2457336.703151 +0.150
2457336.705297 +0.126
2457336.707444 +0.086
2457336.709590 +0.033
2457336.711737 -0.008
2457336.713883 -0.015
2457336.716030 -0.034
2457336.718176 -0.041
2457336.720322 -0.051
2457336.722469 -0.040
2457336.724616 -0.034
2457336.726761 -0.038
2457336.728908 -0.029
2457336.731054 -0.009
2457336.733201 +0.012
2457336.735347 +0.035
2457336.737492 +0.078
2457336.739638 +0.120
2457336.741784 +0.143
2457336.743930 +0.181
2457336.746076 +0.221
2457336.748221 +0.264
2457336.750366 +0.279
2457336.752512 +0.262
2457336.754659 +0.267
2457336.756804 +0.228
2457336.758951 +0.199
2457336.761097 +0.136
2457336.763244 +0.097
2457336.765390 +0.072
2457336.767536 +0.031
2457336.769683 +0.008
2457336.771829 -0.016
2457336.773976 -0.048
2457336.776121 -0.044
2457336.778267 -0.052
2457336.780413 -0.049
2457336.782559 -0.027
2457336.784705 -0.033
2457336.786852 -0.001
2457336.788999 +0.016
2457336.791145 +0.027
2457336.793292 +0.100
2457336.795437 +0.103
2457336.797584 +0.143
2457336.799730 +0.173
2457336.801877 +0.210
2457336.804023 +0.253
2457336.806169 +0.251
2457336.808315 +0.253
2457336.810461 +0.251
2457336.812607 +0.255
2457336.814753 +0.235
2457336.816899 +0.207
2457336.819044 +0.194
2457336.821190 +0.151
2457336.823335 +0.120
2457336.825482 +0.062
2457336.827631 +0.036
2457336.829778 +0.016
2457336.831924 -0.012
2457336.834070 -0.023
2457336.836217 -0.038
2457336.838363 -0.047
2457336.840510 -0.041
2457336.842656 -0.066
2457336.844803 -0.046
2457336.846948 -0.033
2457336.849095 -0.028
2457336.851241 +0.033
2457336.853386 +0.044
2457336.855532 +0.073
