2453359.54017 1.477
2453359.54208 1.467
2453359.54399 1.47
2453359.54591 1.468
2453359.54779 1.469
2453359.5497 1.455
2453359.55352 1.472
2453359.55543 1.43
2453359.55734 1.447
2453359.56306 1.44
2453359.56691 1.462
2453359.57147 1.484
2453359.57336 1.461
2453359.57529 1.457
2453359.57718 1.511
2453359.57911 1.521
2453359.58102 1.511
2453359.58293 1.526
2453359.58484 1.566
2453359.58674 1.596
2453359.58866 1.577
2453359.59056 1.632
2453359.59249 1.665
2453359.59438 1.692
2453359.59626 1.699
2453359.59816 1.724
2453359.60264 1.851
2453359.60455 1.916
2453359.60833 1.935
2453359.62358 2.103
2453359.62548 2.055
2453359.62739 2.002
2453359.64975 1.545
2453359.65166 1.549
2453359.65357 1.511
2453359.65548 1.499
2453359.65739 1.517
2453359.65929 1.481
2453359.66121 1.45
2453359.66579 1.425
2453359.66768 1.437
2453359.6696 1.433
2453359.6715 1.438
2453359.67341 1.479
2453359.67532 1.466
2453359.67723 1.462
2453359.67914 1.469
2453359.68105 1.471
2453359.68295 1.479
2453359.68486 1.497
2453359.68676 1.517
2453359.68867 1.52
2453359.69058 1.516
2453359.69248 1.52
2453359.69702 1.543
2453359.69893 1.568
2453359.70084 1.586
2453359.70275 1.597
2453359.70466 1.638
2453359.70657 1.682
2453359.70848 1.654
2453359.71039 1.703
2453359.7123 1.704
2453359.71421 1.725
2453359.71612 1.778
2453359.71803 1.783
2453359.71994 1.827
2453359.72185 1.918
2453359.72376 1.939
2453359.72829 2.067
2453359.7302 2.067
2453359.73211 2.093
2453359.73402 2.129
2453359.73593 2.118
2453359.73784 2.051
2453359.73975 2.036
2453359.74166 2.034
2453359.74356 1.894
2453359.74547 1.893
2453359.74738 1.805
2453359.74929 1.727
2453359.75119 1.705
2453359.7531 1.705
2453359.75501 1.657
2453359.75956 1.545
2453359.76147 1.53
2453359.76338 1.507
2453359.76529 1.464
2453359.76721 1.488
2453359.76911 1.46
2453359.77101 1.471
2453359.77291 1.442
2453359.77485 1.435
2453359.77674 1.453
2453359.78057 1.428
2453359.78246 1.418
2453359.78437 1.42
2453359.78626 1.407
2453359.79264 1.409
2453359.79453 1.455
2453359.79644 1.438
2453359.79828 1.487
2453359.80025 1.464
2453359.80217 1.499
2453359.80407 1.507
2453359.80598 1.502
2453359.80981 1.553
2453359.81172 1.595
2453359.81363 1.58
2453359.81553 1.575
2453359.81744 1.571
2453359.82201 1.692
2453359.82393 1.756
2453359.82582 1.818
2453359.82773 1.849
2453359.82963 1.844
2453359.83154 1.877
2453359.83343 1.946
2453359.83727 1.944
2453359.83919 1.915
2453359.84108 1.98
2453359.84299 1.996
2453359.84492 2.043
2453359.8468 2.024
2453359.84869 2.093
2453359.85318 2.037
2453359.85507 1.992
2453359.85695 1.903
2453359.86074 1.823
2453359.86262 1.772
2453359.86451 1.78
2453359.8664 1.717
2453359.8683 1.678
2453359.87018 1.612
2453359.87207 1.624
2453359.87398 1.556
2453359.8759 1.515
2453359.8778 1.509
2453359.8797 1.526
2453359.88423 1.47
2453359.88613 1.435
2453359.88803 1.454
2453359.88995 1.43
2453359.89185 1.45
2453359.89376 1.439
2453359.89569 1.446
2453359.89759 1.413
2453359.8995 1.436
2453359.9014 1.424
2453359.90332 1.436
2453359.90524 1.433
2453359.90715 1.426
2453359.90905 1.413
2453359.91097 1.451
2453359.91554 1.501
2453359.91743 1.448
2453359.91934 1.49
2453359.92125 1.519
2453359.92316 1.507
2453359.92508 1.522
2453359.92699 1.538
2453359.92889 1.525
2453359.93081 1.574
2453359.93271 1.601
2453359.93463 1.645
2453359.93654 1.607
2453359.93842 1.694
2453359.94034 1.754
2453359.94227 1.713
2453359.9468 1.809
2453359.94871 1.821
2453359.9506 1.884
2453359.95251 1.979
2453359.95443 1.974
2453359.95634 2.058
2453359.95824 2.068
2453359.96016 2.079
2453359.96207 2.1
2453359.96399 2.067
2453359.96589 2.042
2453359.96781 1.945
2453359.96972 1.995
2453359.97162 1.923
2453359.97353 1.847
2453359.97999 1.787
2453359.98189 1.644
2453359.9838 1.659
2453359.9857 1.583
2453359.98762 1.656
2453359.98953 1.612
2453359.99143 1.552
2453359.99334 1.545
2453359.99525 1.452
2453359.99716 1.461
2453360.02465 1.52
2453360.02657 1.462
2453360.02847 1.491
2453360.03038 1.513
2453360.03229 1.5
2453360.03422 1.462
2453360.03611 1.457
