2456239.54804 15.552
2456239.55103 15.591
2456239.55403 15.577
2456239.55702 15.604
2456239.56 15.605
2456239.56299 15.616
2456239.56598 15.645
2456239.56898 15.642
2456239.57198 15.684
2456239.57498 15.624
2456239.58276 15.611
2456239.58576 15.566
2456239.58874 15.592
2456239.59174 15.54
2456239.59474 15.526
2456239.59774 15.526
2456239.60073 15.54
2456239.60372 15.575
2456239.60671 15.58
2456239.6097 15.573
2456239.61832 15.629
2456239.62132 15.645
2456239.62432 15.644
2456239.62732 15.66
2456239.63031 15.639
2456239.63329 15.641
2456239.63628 15.607
2456239.63927 15.598
2456239.64225 15.582
2456239.64525 15.598
2456239.65327 15.591
2456239.65625 15.644
2456239.66225 15.629
2456239.66524 15.648
2456239.67123 15.725
2456239.67423 15.698
2456239.67723 15.697
2456239.68022 15.695
2456239.68941 15.649
2456239.69239 15.644
2456239.69538 15.625
2456239.69837 15.619
2456239.70136 15.612
2456239.70436 15.628
2456239.70734 15.619
2456239.71033 15.655
2456239.71332 15.642
2456239.71632 15.673
2456239.72401 15.716
2456239.727 15.725
2456239.73001 15.722
2456239.733 15.721
2456239.73598 15.694
2456239.73897 15.678
2456239.74196 15.626
2456239.74497 15.615
2456239.74797 15.611
2456239.75097 15.596
2456239.75876 15.6
2456239.76174 15.607
2456239.76473 15.622
2456239.76772 15.618
2456239.77071 15.624
2456239.77371 15.661
2456239.77669 15.679
2456239.77969 15.68
2456239.78268 15.701
2456239.78566 15.65
2456239.79401 15.598
2456239.79699 15.591
2456239.79998 15.576
2456239.80298 15.568
2456239.80597 15.565
2456239.80897 15.573
2456239.81196 15.581
2456239.81495 15.594
2456239.81795 15.586
2456239.82094 15.593
2456239.82983 15.658
2456239.83284 15.656
2456239.83584 15.667
2456239.83884 15.674
2456239.84183 15.651
2456239.84483 15.643
2456239.84782 15.611
2456239.85082 15.591
2456239.85679 15.578
2456239.86431 15.608
2456239.86729 15.643
2456239.87028 15.629
2456239.87328 15.646
2456239.87626 15.665
2456239.87926 15.701
2456239.88224 15.702
2456239.88524 15.695
2456239.88823 15.699
2456239.89122 15.678
2456239.89887 15.611
2456239.90186 15.572
2456239.90484 15.576
2456239.91084 15.598
2456239.91383 15.596
2456239.91683 15.61
2456239.91983 15.578
2456239.92282 15.611
2456239.92581 15.614
2456239.93333 15.661
2456239.93635 15.656
2456239.93934 15.673
2456239.94233 15.646
