2456243.54071 15.774
2456243.54368 15.783
2456243.54668 15.746
2456243.54965 15.772
2456243.55562 15.764
2456243.56157 15.787
2456243.56754 15.82
2456243.57855 15.876
2456243.58454 15.846
2456243.58755 15.844
2456243.59055 15.832
2456243.59355 15.834
2456243.59655 15.779
2456243.59954 15.828
2456243.6101 15.847
2456243.61608 15.861
2456243.62205 15.883
2456243.62802 15.902
2456243.63399 15.875
2456243.63698 15.874
2456243.65049 15.775
2456243.65645 15.781
2456243.65942 15.779
2456243.66239 15.811
2456243.66537 15.829
2456243.66836 15.833
2456243.67133 15.855
2456243.67907 15.904
2456243.68205 15.89
2456243.68502 15.896
2456243.68799 15.903
2456243.69097 15.862
2456243.69694 15.821
2456243.69992 15.832
2456243.7029 15.826
2456243.70588 15.82
2456243.71671 15.83
2456243.7227 15.85
2456243.7257 15.831
2456243.7287 15.914
2456243.7317 15.91
2456243.73468 15.91
2456243.73767 15.892
2456243.74066 15.892
2456243.74854 15.81
2456243.75151 15.772
2456243.75449 15.784
2456243.76162 15.768
2456243.76462 15.76
2456243.77787 15.827
2456243.78084 15.818
2456243.78383 15.847
2456243.78681 15.853
2456243.78981 15.87
2456243.79279 15.855
2456243.79577 15.847
2456243.79875 15.834
2456243.80173 15.818
2456243.80472 15.783
2456243.81239 15.775
2456243.81537 15.791
2456243.81834 15.823
2456243.82132 15.838
2456243.82429 15.829
2456243.82728 15.849
2456243.83026 15.849
2456243.83324 15.88
2456243.83621 15.894
2456243.8392 15.925
2456243.84789 15.827
2456243.85087 15.836
2456243.85384 15.815
2456243.85682 15.806
2456243.85979 15.799
2456243.86277 15.788
2456243.86574 15.835
2456243.86873 15.845
2456243.87171 15.852
2456243.88947 15.944
2456243.89245 15.942
2456243.89543 15.928
2456243.91145 15.848
2456243.91744 15.854
2456243.92044 15.861
2456243.92344 15.875
