2453834.6441 1.57
2453834.65706 1.626
2453834.6597 1.538
2453834.66229 1.586
2453834.66488 1.485
2453834.66749 1.485
2453834.6701 1.527
2453834.67271 1.484
2453834.67532 1.461
2453834.6876 1.425
2453834.69021 1.487
2453834.69281 1.483
2453834.69542 1.52
2453834.69803 1.542
2453834.70324 1.545
2453834.70585 1.559
2453834.70846 1.561
2453834.71106 1.565
2453834.71365 1.529
2453834.71623 1.492
2453834.71882 1.512
2453834.72144 1.506
2453834.72405 1.51
2453834.73114 1.532
2453834.73375 1.523
2453834.73635 1.503
2453834.73897 1.545
2453834.74158 1.538
2453834.74418 1.518
2453834.74679 1.531
2453834.74941 1.555
2453834.75202 1.593
2453834.75464 1.575
2453834.75725 1.606
2453834.75986 1.594
2453834.76247 1.558
2453834.76508 1.561
2453834.76769 1.53
2453834.77474 1.499
2453834.77735 1.465
2453834.77996 1.459
2453834.78257 1.456
2453834.78518 1.47
2453834.78778 1.488
2453834.79039 1.504
2453834.793 1.498
2453834.79561 1.507
2453834.79821 1.506
2453834.80082 1.558
2453834.80343 1.587
2453834.80604 1.54
2453834.80865 1.563
2453834.81126 1.535
2453834.82085 1.529
2453834.82346 1.536
2453834.82606 1.477
2453834.82867 1.487
2453834.83128 1.52
2453834.83389 1.514
2453834.83649 1.55
2453834.8391 1.538
2453834.84171 1.563
2453834.84432 1.537
2453834.84693 1.528
2453834.84954 1.535
2453834.85215 1.577
2453834.85476 1.634
2453834.86197 1.605
2453834.86458 1.58
2453834.86718 1.555
2453834.86979 1.548
2453834.87241 1.504
2453834.87502 1.529
2453834.87762 1.505
2453834.88023 1.515
2453834.88284 1.469
2453834.88544 1.462
2453834.88805 1.466
2453834.89066 1.416
2453834.89327 1.443
2453834.89588 1.483
2453834.89849 1.459
2453834.90556 1.538
2453834.90817 1.533
2453834.91077 1.56
2453834.91338 1.581
2453834.91598 1.566
2453834.91859 1.558
2453834.9212 1.579
2453834.92381 1.554
2453834.92641 1.497
2453834.92902 1.495
2453834.93163 1.474
2453834.93424 1.484
2453834.93685 1.49
2453834.93945 1.481
2453834.94206 1.498
2453834.94954 1.51
2453834.95215 1.521
2453834.95476 1.556
