2456245.53853 15.837
2456245.54451 15.824
2456245.54752 15.852
2456245.55052 15.858
2456245.55352 15.893
2456245.55951 15.907
2456245.56251 15.876
2456245.56552 15.861
2456245.57408 15.837
2456245.57709 15.824
2456245.58011 15.799
2456245.5831 15.803
2456245.5861 15.859
2456245.58911 15.851
2456245.59211 15.85
2456245.59511 15.827
2456245.59812 15.88
2456245.60112 15.871
2456245.60897 15.911
2456245.61199 15.875
2456245.61499 15.885
2456245.61798 15.865
2456245.62099 15.836
2456245.62399 15.83
2456245.62699 15.805
2456245.63001 15.792
2456245.633 15.777
2456245.636 15.801
2456245.64523 15.813
2456245.64823 15.833
2456245.65123 15.859
2456245.65422 15.894
2456245.65721 15.906
2456245.66021 15.903
2456245.66322 15.92
2456245.66621 15.897
2456245.66921 15.889
2456245.6722 15.855
2456245.68036 15.828
2456245.68336 15.805
2456245.68635 15.832
2456245.68935 15.84
2456245.69234 15.867
2456245.69536 15.849
2456245.70439 15.913
2456245.70738 15.944
2456245.71586 15.93
2456245.71885 15.904
2456245.72185 15.856
2456245.72484 15.876
2456245.72785 15.833
2456245.73984 15.844
2456245.74284 15.833
2456245.75054 15.876
2456245.75353 15.911
2456245.75653 15.915
2456245.75952 15.941
2456245.76252 15.939
2456245.76852 15.948
2456245.77152 15.951
2456245.77453 15.925
2456245.77752 15.913
2456245.78819 15.871
2456245.79122 15.883
2456245.79422 15.912
2456245.80025 15.894
2456245.80324 15.917
2456245.80926 15.948
2456245.8201 15.942
2456245.82313 15.922
2456245.82613 15.9
2456245.82913 15.875
2456245.83214 15.864
2456245.84117 15.839
2456245.84418 15.841
2456245.84718 15.846
2456245.85525 15.857
2456245.86125 15.869
2456245.86726 15.922
2456245.87026 15.907
2456245.87326 15.882
