2455620.6543 16.24
2455620.65728 16.196
2455620.66622 16.192
2455620.6692 16.24
2455620.67217 16.228
2455620.67516 16.249
2455620.67814 16.312
2455620.6811 16.252
2455620.68998 16.259
2455620.69594 16.228
2455620.69891 16.223
2455620.70188 16.252
2455620.70486 16.223
2455620.70785 16.212
2455620.71678 16.252
2455620.7245 16.292
2455620.73046 16.312
2455620.73343 16.328
2455620.73937 16.329
2455620.74235 16.308
2455620.74533 16.315
2455620.74832 16.273
2455620.7513 16.24
2455620.76518 16.233
2455620.76816 16.234
2455620.77114 16.26
2455620.77411 16.205
2455620.77708 16.22
2455620.78006 16.259
2455620.78302 16.279
2455620.78601 16.309
2455620.79287 16.282
2455620.79584 16.284
2455620.79883 16.263
2455620.8018 16.262
2455620.80478 16.293
2455620.80777 16.25
2455620.81074 16.223
2455620.81372 16.266
2455620.81669 16.238
2455620.81966 16.266
2455620.82999 16.34
2455620.83297 16.356
2455620.83889 16.344
2455620.84485 16.327
2455620.84784 16.328
2455620.85381 16.297
2455620.86743 16.267
2455620.89971 16.33
2455620.9027 16.294
2455620.90566 16.28
2455620.90864 16.273
2455620.91162 16.26
2455620.9146 16.257
2455620.91758 16.251
2455620.92056 16.273
2455620.92353 16.292
2455620.93218 16.335
2455620.93514 16.329
2455620.93812 16.329
2455620.94111 16.352
2455620.94409 16.351
2455620.94706 16.319
2455620.95004 16.299
2455620.95302 16.303
2455620.95599 16.28
2455620.95897 16.265
2455620.96874 16.212
2455620.97172 16.238
2455620.97468 16.197
2455620.97766 16.194
2455620.98065 16.22
2455620.98361 16.233
2455620.98659 16.238
2455620.98956 16.253
2455620.99253 16.249
2455620.99938 16.335
2455621.00235 16.316
2455621.00533 16.274
2455621.0083 16.245
2455621.01426 16.233
2455621.01724 16.255
2455621.02021 16.24
2455621.02317 16.251
