2455605.80719 16.64
2455605.81016 16.64
2455605.81314 16.668
2455605.86079 16.687
2455605.86376 16.74
2455605.86673 16.658
2455605.91034 16.669
2455605.9163 16.665
2455605.91928 16.634
2455605.92226 16.639
2455605.92826 16.654
2455605.93132 16.671
2455605.94589 16.701
2455605.94894 16.713
2455605.95194 16.724
2455605.95491 16.746
2455605.95788 16.76
2455605.96085 16.777
2455605.98128 16.659
2455605.98723 16.643
2455605.9902 16.611
2455605.99324 16.602
2455605.99628 16.624
2455605.99931 16.621
2455606.00235 16.655
2455606.0054 16.651
2455606.00844 16.66
2455606.01649 16.67
2455606.02257 16.659
2455606.0256 16.669
2455606.0317 16.665
