2456234.70426 15.466
2456234.71034 15.467
2456234.71337 15.516
2456234.71641 15.509
2456234.71944 15.493
2456234.72249 15.511
2456234.72552 15.552
2456234.72855 15.54
2456234.73159 15.585
2456234.74065 15.571
2456234.74369 15.569
2456234.74673 15.549
2456234.74976 15.536
2456234.7528 15.544
2456234.75584 15.499
2456234.75888 15.54
2456234.76193 15.5
2456234.76498 15.559
2456234.76802 15.515
2456234.77655 15.565
2456234.77959 15.546
2456234.78263 15.614
2456234.78568 15.616
2456234.78872 15.597
2456234.79177 15.586
2456234.79481 15.526
2456234.81486 15.482
2456234.81789 15.469
2456234.82702 15.504
2456234.83007 15.531
2456234.8331 15.564
2456234.83614 15.592
2456234.83917 15.591
2456234.84733 15.581
2456234.85036 15.564
2456234.85339 15.543
2456234.85643 15.504
2456234.85948 15.523
2456234.86253 15.499
2456234.86556 15.543
2456234.8686 15.576
2456234.87164 15.556
2456234.87469 15.543
2456234.88221 15.566
2456234.88524 15.582
2456234.88828 15.599
2456234.89131 15.628
2456234.89436 15.591
2456234.8974 15.578
2456234.90044 15.528
2456234.90651 15.467
2456234.91706 15.474
2456234.92011 15.503
2456234.92315 15.495
2456234.92618 15.529
2456234.92922 15.5
2456234.93226 15.52
2456234.93529 15.562
2456234.93834 15.577
2456234.94137 15.598
2456234.94441 15.595
2456234.95249 15.562
2456234.95553 15.557
2456234.95858 15.563
2456234.96161 15.536
