2455526.75344 15.517
2455526.75434 15.486
2455526.75538 15.493
2455526.75632 15.516
2455526.75732 15.521
2455526.76771 15.435
2455526.76948 15.500
2455526.77126 15.508
2455526.77221 15.521
2455526.78192 15.432
2455526.78293 15.443
2455526.78510 15.437
2455526.78586 15.427
2455526.79638 15.459
2455526.79747 15.462
2455526.79857 15.497
2455526.79933 15.488
2455526.80030 15.498
2455526.80114 15.518
2455526.80211 15.510
2455526.80747 15.524
2455526.82948 15.492
2455526.83032 15.525
2455526.83129 15.461
2455526.83205 15.474
2455526.83302 15.472
2455526.83387 15.462
2455526.83484 15.462
2455526.83570 15.447
2455526.84379 15.462
2455526.84467 15.447
2455526.84565 15.459
2455526.84650 15.452
2455526.84747 15.464
2455526.84824 15.477
2455526.84922 15.504
2455526.85004 15.492
2455526.85102 15.476
2455526.85187 15.482
2455526.85284 15.486
2455526.85372 15.488
2455526.85514 15.497
2455526.85592 15.501
2455526.85690 15.486
2455526.85773 15.503
2455526.85872 15.511
2455526.85949 15.512
2455526.86124 15.544
2455526.86213 15.553
2455526.86310 15.549
2455526.86395 15.538
2455526.86493 15.564
2455526.86578 15.562
2455526.86679 15.573
2455526.86761 15.590
2455526.86860 15.588
2455526.86945 15.587
2455526.87043 15.596
2455526.87119 15.614
2455526.87489 15.601
2455526.87587 15.596
2455526.87665 15.601
2455526.87762 15.593
2455526.87845 15.590
2455526.87944 15.581
2455526.88029 15.571
2455526.88130 15.575
2455526.88212 15.559
2455526.88310 15.561
2455526.88395 15.542
2455526.88493 15.537
2455526.88571 15.530
2455526.88672 15.533
2455526.88756 15.519
2455526.88857 15.516
2455526.88934 15.496
2455526.90263 15.434
2455526.90346 15.432
2455526.90449 15.438
2455526.90534 15.432
2455526.90637 15.435
2455526.92924 15.494
2455526.93014 15.518
2455526.95577 15.506
2455526.95655 15.504
2455526.95756 15.495
2455526.95856 15.499
2455526.95953 15.487
2455526.96032 15.491
2455526.96209 15.487
2455526.96306 15.469
2455526.96418 15.475
2455526.96514 15.478
2455526.96613 15.486
2455526.96712 15.490
2455526.96905 15.472
2455526.96983 15.494
2455526.97082 15.488
2455526.97161 15.497
2455526.97263 15.493
2455526.97357 15.478
2455526.97461 15.494
2455526.97550 15.504
2455526.97654 15.523
2455526.97749 15.524
2455526.98988 15.563
2455526.99066 15.541
2455526.99166 15.543
2455526.99253 15.559
2455526.99354 15.568
2455526.99432 15.555
2455526.99648 15.543
2455526.99727 15.544
2455526.99843 15.521
2455526.99940 15.504
2455527.00056 15.455
2455527.00136 15.428
2455527.00335 15.406
2455527.00440 15.414
2455527.00520 15.415
2455527.00617 15.457
2455527.00716 15.381
2455527.00794 15.390
