2455527.73476 15.444
2455527.75040 15.419
2455527.75121 15.411
2455527.75218 15.412
2455527.75327 15.408
2455527.75425 15.401
2455527.75801 15.417
2455527.75878 15.426
2455527.76443 15.481
2455527.76521 15.465
2455527.76618 15.471
2455527.76726 15.495
2455527.76969 15.512
2455527.77065 15.509
2455527.77169 15.520
2455527.77320 15.516
2455527.77418 15.522
2455527.77563 15.534
2455527.77659 15.500
2455527.77760 15.516
2455527.77857 15.503
2455527.77959 15.509
2455527.78058 15.503
2455527.78171 15.499
2455527.78259 15.491
2455527.78377 15.483
2455527.78459 15.475
2455527.78563 15.471
2455527.78646 15.459
2455527.78745 15.444
2455527.78841 15.439
2455527.78972 15.423
2455527.79054 15.431
2455527.79156 15.410
2455527.79235 15.405
2455527.79340 15.389
2455527.79432 15.401
2455527.79533 15.382
2455527.79629 15.384
2455527.79742 15.369
2455527.79833 15.378
2455527.79931 15.378
2455527.80011 15.379
2455527.80110 15.379
2455527.80194 15.372
2455527.80296 15.387
2455527.80374 15.368
2455527.80477 15.390
2455527.80561 15.373
2455527.80659 15.386
2455527.80739 15.389
2455527.80840 15.386
2455527.80916 15.388
2455527.80993 15.392
2455527.81093 15.394
2455527.84723 15.447
2455527.84807 15.448
2455527.84904 15.455
2455527.84988 15.450
2455527.85085 15.442
2455527.85169 15.449
2455527.85267 15.437
2455527.85350 15.430
2455527.85447 15.434
2455527.85533 15.457
2455527.85631 15.447
2455527.85716 15.436
2455527.85813 15.439
2455527.85890 15.436
2455527.85988 15.432
2455527.86070 15.429
2455527.86168 15.422
2455527.86246 15.416
2455527.86343 15.418
2455527.86421 15.428
2455527.86524 15.420
2455527.86609 15.410
2455527.86708 15.441
2455527.86902 15.446
2455527.87003 15.432
2455527.87079 15.440
2455527.87178 15.454
2455527.87254 15.454
2455527.87331 15.449
2455527.87514 15.466
2455527.87592 15.470
2455527.87689 15.482
2455527.87772 15.483
2455527.87870 15.479
2455527.87947 15.505
2455527.88046 15.504
2455527.88130 15.517
2455527.88227 15.509
2455527.88313 15.523
2455527.88390 15.519
2455527.88488 15.516
2455527.88572 15.504
2455527.88673 15.512
2455527.89404 15.497
2455527.89484 15.494
2455527.89583 15.485
2455527.89660 15.465
2455527.89759 15.472
2455527.89837 15.479
2455527.89936 15.460
2455527.90112 15.446
2455527.90198 15.432
2455527.90297 15.432
2455527.90384 15.419
2455527.90482 15.431
2455527.90568 15.433
2455527.90668 15.416
2455527.90847 15.409
2455527.90931 15.404
2455527.91031 15.397
2455527.91108 15.400
2455527.91206 15.399
2455527.91292 15.399
2455527.91393 15.398
2455527.91472 15.400
2455527.91572 15.392
2455527.91650 15.394
2455527.91749 15.387
2455527.91836 15.400
2455527.91934 15.406
2455527.92021 15.404
2455527.92121 15.422
2455527.92198 15.414
2455527.92298 15.415
2455527.92384 15.430
2455527.92483 15.435
2455527.92570 15.437
2455527.92668 15.428
2455527.92754 15.443
2455527.92852 15.472
2455527.92940 15.466
2455527.93040 15.482
2455527.93124 15.467
2455527.93224 15.486
2455527.93308 15.488
2455527.93409 15.478
2455527.93487 15.481
2455527.93588 15.499
2455527.93666 15.489
2455527.93765 15.483
2455527.93845 15.478
2455527.93945 15.469
2455527.94541 15.461
2455527.94618 15.474
2455527.94718 15.464
2455527.94801 15.457
2455527.94902 15.449
2455527.95006 15.442
2455527.95105 15.460
2455527.95182 15.458
2455527.95279 15.456
2455527.95357 15.454
2455527.95455 15.450
2455527.95546 15.436
2455527.95645 15.440
2455527.95727 15.455
2455527.95804 15.450
2455527.95902 15.439
2455527.95989 15.444
2455527.96090 15.454
2455527.97171 15.440
2455527.97247 15.429
2455527.97344 15.418
2455527.97429 15.448
2455527.97559 15.431
2455527.97638 15.438
2455527.97955 15.434
2455527.98053 15.434
2455527.98150 15.437
2455527.98230 15.438
2455527.98406 15.450
2455527.98498 15.447
2455527.98597 15.472
2455527.98684 15.473
2455527.98863 15.483
2455527.98962 15.470
2455527.99081 15.492
2455527.99225 15.497
2455527.99305 15.508
2455527.99404 15.511
2455527.99495 15.522
2455527.99594 15.524
2455527.99874 15.532
2455527.99967 15.511
2455528.00093 15.544
2455528.00188 15.525
2455528.00286 15.517
2455528.00384 15.522
2455528.00502 15.498
2455528.00595 15.508
2455528.00703 15.512
2455528.00779 15.491
2455528.00879 15.517
