2455538.66198 15.41
2455538.66564 15.406
2455538.66927 15.438
2455538.67291 15.46
2455538.67654 15.494
2455538.68017 15.499
2455538.68382 15.501
2455538.68745 15.46
2455538.69109 15.46
2455538.69474 15.449
2455538.69837 15.427
2455538.70203 15.4
2455538.70566 15.375
2455538.71048 15.374
2455538.71412 15.408
2455538.71775 15.418
2455538.72138 15.439
2455538.72736 15.472
2455538.73331 15.479
2455538.73927 15.463
2455538.7453 15.458
2455538.75126 15.463
2455538.75724 15.473
2455538.76322 15.419
2455538.77072 15.401
2455538.77669 15.437
2455538.78268 15.446
2455538.78865 15.48
2455538.7946 15.502
2455538.80058 15.502
2455538.80655 15.461
2455538.81252 15.424
2455538.81847 15.381
2455538.82579 15.377
2455538.83175 15.402
2455538.84233 15.433
2455538.84831 15.475
2455538.85429 15.446
2455538.86028 15.437
2455538.86626 15.451
2455538.87223 15.423
2455538.87918 15.389
2455538.88515 15.406
2455538.89113 15.424
2455538.89713 15.45
2455538.90311 15.529
2455538.90907 15.527
2455538.91504 15.472
2455538.91879 15.481
2455538.92254 15.436
2455538.92629 15.405
2455538.93004 15.388
2455538.93488 15.397
2455538.93865 15.392
2455538.94242 15.431
2455538.94618 15.397
2455538.94996 15.412
2455538.95371 15.468
2455538.95746 15.475
2455538.96123 15.479
2455538.96497 15.46
2455538.96873 15.461
2455538.97252 15.438
2455538.9763 15.462
2455538.98005 15.445
2455538.98895 15.446
2455538.99269 15.431
