2455537.66248 15.561
2455537.66904 15.594
2455537.6723 15.585
2455537.67559 15.584
2455537.67887 15.571
2455537.68215 15.554
2455537.68543 15.518
2455537.6887 15.497
2455537.692 15.479
2455537.69529 15.481
2455537.6986 15.463
2455537.70189 15.49
2455537.70648 15.484
2455537.70976 15.499
2455537.71303 15.522
2455537.71629 15.515
2455537.71956 15.516
2455537.72517 15.515
2455537.73077 15.528
2455537.73642 15.538
2455537.74198 15.54
2455537.7476 15.513
2455537.75322 15.507
2455537.75883 15.504
2455537.76599 15.536
2455537.7716 15.583
2455537.77724 15.603
2455537.78287 15.582
2455537.78851 15.575
2455537.79412 15.567
2455537.79975 15.518
2455537.80534 15.466
2455537.81094 15.471
2455537.81779 15.491
2455537.82337 15.501
2455537.82902 15.556
2455537.83466 15.545
2455537.84487 15.573
2455537.85048 15.561
2455537.85609 15.545
2455537.86169 15.552
2455537.8673 15.53
2455537.87995 15.512
2455537.88556 15.523
2455537.89117 15.588
2455537.89676 15.617
2455537.90236 15.566
2455537.90796 15.524
2455537.9136 15.485
2455537.91921 15.462
2455537.92261 15.481
2455537.926 15.471
2455537.93061 15.495
2455537.93402 15.485
2455537.93741 15.521
2455537.9408 15.537
2455537.9442 15.546
2455537.95097 15.57
2455537.95436 15.54
2455537.95776 15.539
2455537.96115 15.547
2455537.96454 15.55
2455537.96795 15.52
2455537.97134 15.53
2455537.97474 15.535
2455537.97812 15.53
2455537.98152 15.554
2455537.98965 15.515
2455537.99304 15.543
