2457308.565822 +0.285
2457308.572891 +0.272
2457308.576426 +0.268
2457308.579959 +0.321
2457308.583495 +0.377
2457308.587029 +0.333
2457308.590565 +0.318
2457308.594101 +0.327
2457308.597635 +0.331
2457308.601170 +0.319
2457308.604705 +0.314
2457308.608240 +0.294
2457308.611776 +0.307
2457308.615310 +0.301
2457308.618845 +0.331
2457308.622379 +0.337
2457308.625914 +0.347
2457308.629447 +0.354
2457308.632982 +0.373
2457308.636517 +0.374
2457308.640051 +0.364
2457308.643585 +0.369
2457308.647120 +0.376
2457308.650655 +0.375
2457308.654188 +0.360
2457308.657723 +0.350
2457308.661259 +0.323
2457308.664793 +0.329
2457308.668327 +0.309
2457308.671862 +0.304
2457308.675397 +0.295
2457308.678932 +0.322
2457308.682466 +0.317
2457308.686003 +0.342
2457308.689539 +0.347
2457308.693072 +0.348
2457308.696608 +0.308
2457308.700142 +0.315
2457308.706763 +0.286
2457308.713829 +0.265
2457308.717364 +0.272
2457308.720900 +0.285
2457308.724436 +0.298
2457308.727972 +0.308
2457308.731507 +0.321
2457308.735043 +0.344
2457308.738577 +0.347
2457308.742113 +0.340
2457308.745648 +0.339
2457308.749184 +0.359
2457308.752720 +0.366
2457308.766860 +0.291
2457308.770395 +0.305
2457308.773932 +0.296
2457308.777472 +0.284
2457308.781007 +0.291
2457308.784540 +0.288
2457308.788076 +0.292
2457308.791609 +0.314
2457308.795142 +0.314
2457308.798678 +0.316
2457308.802215 +0.309
2457308.805750 +0.298
2457308.809284 +0.308
2457308.812820 +0.286
2457308.816353 +0.285
2457308.819886 +0.258
2457308.823419 +0.285
2457308.826954 +0.273
2457308.830489 +0.291
2457308.834023 +0.272
2457308.837559 +0.294
2457308.841094 +0.318
2457308.844628 +0.330
2457308.848164 +0.317
2457308.851698 +0.318
2457308.855234 +0.321
2457308.858773 +0.343
2457308.862308 +0.342
2457308.865841 +0.315
2457308.869378 +0.295
2457308.872911 +0.288
