2455394.66797 16.104
2455394.67176 16.099
2455394.67556 16.067
2455394.67936 16.043
2455394.68318 16.073
2455394.69078 16.032
2455394.7053 15.988
2455394.70909 15.952
2455394.71288 15.987
2455394.71667 15.979
2455394.73936 15.979
2455394.74532 15.947
2455394.7491 15.973
2455394.75289 15.968
2455394.75667 15.973
2455394.76047 15.985
2455394.78536 16.017
2455394.78912 16.106
2455394.79288 16.061
2455394.79666 16.05
2455394.80423 15.993
2455394.80802 15.95
2455394.81181 15.972
2455394.81559 15.992
2455394.81939 16.004
2455394.82906 16.009
2455394.84801 15.998
2455394.8518 16.014
2455394.85937 15.943
2455394.90379 16.034
2455394.90759 15.983
2455394.91137 15.973
2455394.91893 15.988
2455394.92653 16.035
2455394.93028 16.041
2455394.93404 16.066
2455394.9378 16.074
2455394.94294 16.08
