2455387.6633 16.469
2455387.66707 16.431
2455387.67085 16.421
2455387.67462 16.411
2455387.67839 16.403
2455387.68216 16.413
2455387.6859 16.431
2455387.68967 16.438
2455387.69344 16.42
2455387.70952 16.435
2455387.71329 16.446
2455387.71705 16.442
2455387.72082 16.475
2455387.7246 16.478
2455387.72838 16.459
2455387.73589 16.391
2455387.74441 16.378
2455387.74818 16.41
2455387.75193 16.462
2455387.7557 16.47
2455387.75947 16.468
2455387.76321 16.494
2455387.76698 16.474
2455387.77453 16.455
2455387.87551 16.447
2455387.87929 16.431
2455387.88683 16.437
2455387.8906 16.428
2455387.89813 16.453
2455387.9019 16.453
2455387.90567 16.437
