2456966.712935 +15.024
2456966.715257 +15.050
2456966.717571 +15.037
2456966.719890 +15.057
2456966.722208 +15.074
2456966.724524 +15.047
2456966.726843 +15.062
2456966.729164 +15.081
2456966.734282 +15.044
2456966.736601 +15.042
2456966.738918 +15.037
2456966.741236 +15.012
2456966.743552 +15.034
2456966.745875 +15.009
2456966.748195 +15.012
2456966.750505 +14.987
2456966.752821 +14.992
2456966.755141 +14.985
2456966.761617 +15.025
2456966.763936 +15.014
2456966.766258 +15.036
2456966.768577 +15.030
2456966.770897 +15.030
2456966.773217 +15.047
2456966.775539 +15.065
2456966.777850 +15.054
2456966.780168 +15.038
2456966.782496 +15.070
2456966.787942 +15.025
2456966.790260 +15.008
2456966.792577 +15.014
2456966.794893 +14.992
2456966.797210 +15.006
2456966.799528 +14.978
2456966.801845 +14.988
2456966.822711 +15.013
2456966.825028 +15.019
2456966.827347 +15.028
2456966.829668 +15.008
2456966.831983 +15.010
2456966.834302 +15.007
2456966.836622 +15.013
2456966.841698 +15.026
2456966.844020 +15.036
2456966.846339 +15.034
2456966.848656 +15.042
2456966.850988 +15.054
2456966.853311 +15.046
2456966.855635 +15.013
2456966.857948 +14.987
2456966.876104 +15.001
2456966.878429 +15.002
2456966.880745 +15.028
2456966.883062 +15.031
2456966.885378 +15.044
2456966.887702 +15.042
2456966.890018 +15.042
2456966.897541 +15.022
2456966.904510 +14.993
2456966.906826 +14.991
2456966.909145 +14.969
2456966.935964 +15.019
2456966.938285 +15.022
2456966.940602 +15.012
2456966.942920 +15.032
2456966.945240 +15.014
2456966.950332 +15.022
2456966.952670 +15.041
2456966.954990 +15.058
2456966.957307 +15.067
2456966.959627 +15.063
2456966.961942 +15.055
2456966.964263 +15.042
2456966.966580 +15.028
2456966.968900 +15.028
2456966.971217 +15.011
2456966.978306 +14.989
2456966.980628 +15.002
2456966.985272 +15.003
2456966.987589 +15.031
2456966.989908 +15.043
2456966.994564 +15.053
2456966.996883 +15.058
2456966.999199 +15.061
2456967.004321 +15.082
2456967.006640 +15.058
2456967.008958 +15.075
2456967.011282 +15.023
2456967.013601 +15.020
2456967.015925 +14.998
2456967.018247 +14.999
2456967.022876 +14.984
2456967.025200 +14.986
2456967.034261 +14.990
2456967.036579 +15.009
2456967.038896 +14.994
2456967.041214 +15.012
2456967.043535 +15.026
2456967.045851 +15.042
