2456969.701073 +14.887
2456969.703393 +14.844
2456969.705712 +14.878
2456969.708031 +14.845
2456969.710348 +14.881
2456969.712667 +14.891
2456969.714981 +14.926
2456969.725478 +14.885
2456969.739383 +14.898
2456969.741700 +14.930
2456969.744021 +14.943
2456969.746340 +14.878
2456969.752755 +14.905
2456969.755082 +14.889
2456969.757396 +14.874
2456969.759715 +14.911
2456969.762038 +14.896
2456969.764355 +14.895
2456969.766678 +14.913
2456969.769009 +14.919
2456969.771327 +14.938
2456969.773644 +14.917
2456969.779139 +14.916
2456969.781454 +14.902
2456969.783775 +14.907
2456969.786092 +14.916
2456969.788418 +14.900
2456969.790737 +14.922
2456969.793055 +14.901
2456969.795374 +14.880
2456969.797691 +14.876
2456969.800012 +14.882
2456969.809611 +14.875
2456969.811931 +14.878
2456969.814258 +14.855
2456969.816576 +14.839
2456969.825866 +14.856
2456969.828188 +14.875
2456969.833338 +14.922
2456969.835654 +14.890
2456969.837979 +14.895
2456969.840293 +14.869
2456969.842610 +14.900
2456969.844932 +14.916
2456969.847251 +14.877
2456969.849566 +14.895
2456969.851890 +14.899
2456969.854203 +14.917
2456969.861506 +14.871
2456969.863824 +14.877
2456969.866138 +14.849
2456969.868461 +14.884
2456969.870777 +14.872
2456969.873093 +14.848
2456969.875412 +14.887
2456969.877733 +14.865
2456969.880052 +14.871
2456969.882370 +14.897
2456969.887612 +14.900
2456969.889928 +14.881
2456969.892240 +14.888
2456969.894566 +14.904
2456969.896882 +14.937
2456969.901529 +14.945
2456969.903852 +14.885
2456969.906172 +14.872
2456969.932009 +14.839
2456969.934327 +14.850
2456969.936644 +14.854
2456969.941792 +14.881
2456969.944109 +14.891
2456969.958013 +14.880
2456969.960333 +14.879
2456969.962657 +14.885
2456969.969366 +14.877
2456969.971685 +14.912
2456969.974005 +14.893
2456969.976324 +14.869
2456969.978642 +14.875
2456969.980959 +14.855
2456969.983277 +14.837
2456969.985594 +14.854
2456969.987914 +14.852
2456969.990236 +14.846
2456969.995372 +14.867
2456969.997690 +14.927
