2455166.76545 14.87
2455166.76854 14.868
2455166.77469 14.875
2455166.78087 14.888
2455166.78396 14.867
2455166.78705 14.857
2455166.79014 14.852
2455166.79427 14.83
2455166.80347 14.851
2455166.80961 14.848
2455166.81269 14.871
2455166.81577 14.873
2455166.81886 14.86
2455166.82195 14.864
2455166.82582 14.873
2455166.8289 14.881
2455166.83198 14.884
2455166.83506 14.876
2455166.83813 14.874
2455166.85765 14.862
2455166.86381 14.869
2455166.8669 14.867
2455166.86998 14.865
2455166.87306 14.865
2455166.87615 14.875
2455166.87922 14.862
2455166.91096 14.835
2455166.91714 14.858
2455166.92433 14.874
2455166.94278 14.901
2455166.94583 14.899
2455166.94892 14.895
2455166.95304 14.845
2455166.96228 14.816
2455166.96532 14.83
2455166.98484 14.919
2455166.98789 14.92
2455166.99098 14.888
2455166.99407 14.889
2455166.99714 14.867
2455167.0002 14.873
2455167.00944 14.85
2455167.01973 14.825
2455167.02282 14.841
2455167.029 14.858
2455167.03205 14.862
2455167.03515 14.869
2455167.03823 14.875
