2455162.7781 15.003
2455162.78118 15.006
2455162.78427 14.989
2455162.78735 14.985
2455162.79044 14.969
2455162.79352 14.962
2455162.79661 14.977
2455162.79968 14.963
2455162.80273 14.988
2455162.80582 14.99
2455162.80989 14.999
2455162.81298 14.997
2455162.81606 15.003
2455162.81911 15.008
2455162.82215 14.999
2455162.82525 15.001
2455162.82833 14.98
2455162.8314 14.964
2455162.83448 14.948
2455162.83756 14.948
2455162.84145 14.931
2455162.84453 14.94
2455162.84761 14.953
2455162.85069 14.935
2455162.85687 14.963
2455162.86301 14.999
2455162.8661 15.019
2455162.86919 15.021
2455162.87321 15.024
2455162.87629 15.03
2455162.87938 15.052
2455162.88246 15.045
2455162.88555 15.058
2455162.88862 15.035
2455162.8917 15.018
2455162.89475 14.986
2455162.89783 14.983
2455162.9009 14.969
2455162.90498 14.954
2455162.90806 14.95
2455162.91115 14.949
2455162.91422 14.989
2455162.92038 14.991
2455162.92346 14.997
2455162.92654 14.998
2455162.92962 15.012
2455162.9327 15.022
2455162.9368 15.037
2455162.93989 15.049
2455162.94297 15.004
2455162.94602 14.988
2455162.94909 14.96
2455162.95218 14.94
2455162.95527 14.948
2455162.95836 14.944
2455162.97537 14.991
2455162.97846 14.997
2455162.98154 14.996
2455162.98461 15.005
2455162.99073 14.987
2455162.99381 14.978
2455162.9969 14.991
2455163.00096 14.988
2455163.00404 14.984
2455163.00713 14.975
2455163.01021 14.97
2455163.01329 14.957
2455163.01634 14.943
2455163.01942 14.949
2455163.02248 14.945
2455163.03579 14.981
