2455163.77882 15.046
2455163.7819 15.034
2455163.78499 15.006
2455163.78804 15.007
2455163.79112 15.005
2455163.7942 14.981
2455163.79729 14.974
2455163.80506 14.985
2455163.80814 15.001
2455163.81122 15.002
2455163.8143 15.02
2455163.82355 15.022
2455163.82665 15.055
2455163.82973 15.021
2455163.83281 14.998
2455163.83688 14.97
2455163.83996 14.955
2455163.84305 14.941
2455163.84614 14.935
2455163.84923 14.941
2455163.85232 14.931
2455163.8554 14.928
2455163.85848 14.947
2455163.87796 14.987
2455163.88103 14.984
2455163.88411 15.005
2455163.88716 15.014
2455163.89025 14.999
2455163.89641 14.962
2455163.90049 14.972
2455163.90357 14.955
2455163.90665 14.957
2455163.90973 14.941
2455163.91899 14.992
2455163.92206 14.982
2455163.92515 14.994
2455163.92823 15.009
2455163.93297 15.001
2455163.93605 15.025
2455163.93914 15.02
2455163.94222 15.0
2455163.94529 14.963
2455163.94837 14.938
2455163.95145 14.914
2455163.9545 14.908
2455163.95759 14.908
2455163.96068 14.922
2455163.96476 14.914
2455163.96785 14.93
2455163.97093 14.937
2455163.974 14.947
2455163.97709 14.967
2455163.98015 14.976
2455163.98323 14.976
2455163.98627 14.981
2455163.99652 15.027
2455163.99957 15.017
2455164.00266 15.001
2455164.00575 14.986
2455164.00883 14.967
2455164.0119 14.96
2455164.01498 14.954
2455164.01808 14.946
2455164.02112 14.953
2455164.02417 14.954
2455164.02826 14.975
2455164.03134 14.976
2455164.03443 14.976
2455164.03751 14.994
