2455175.75595 14.584
2455175.75903 14.601
2455175.7663 14.622
2455175.76937 14.641
2455175.77246 14.663
2455175.77554 14.696
2455175.77862 14.697
2455175.7817 14.675
2455175.78478 14.669
2455175.79816 14.646
2455175.80124 14.654
2455175.80428 14.663
2455175.80733 14.641
2455175.81349 14.621
2455175.81657 14.612
2455175.81964 14.593
2455175.82272 14.598
2455175.82581 14.62
2455175.83615 14.644
2455175.84231 14.656
2455175.8454 14.694
2455175.84847 14.71
2455175.85156 14.685
2455175.85461 14.662
2455175.85769 14.629
2455175.86187 14.626
2455175.86804 14.638
2455175.8711 14.635
2455175.87419 14.658
2455175.89377 14.662
2455175.89684 14.664
2455175.89993 14.662
2455175.90302 14.672
2455175.9061 14.681
2455175.90915 14.698
2455175.91223 14.651
2455175.91531 14.665
2455175.9184 14.655
2455175.92148 14.669
2455175.92567 14.644
2455175.92876 14.639
2455175.93181 14.629
2455175.93489 14.619
2455175.93797 14.646
2455175.94105 14.651
2455175.94413 14.648
2455175.94721 14.666
2455175.9503 14.655
2455175.95338 14.68
2455175.95753 14.69
2455175.96058 14.695
2455175.96366 14.683
2455175.96982 14.665
2455175.976 14.63
2455175.98214 14.612
2455175.9852 14.606
2455175.9894 14.641
2455175.99248 14.664
2455175.99557 14.656
2455175.99861 14.678
2455176.00167 14.684
2455176.00474 14.691
2455176.00783 14.708
2455176.0109 14.706
2455176.01399 14.715
2455176.02124 14.697
2455176.02432 14.669
2455176.0274 14.665
2455176.03048 14.666
2455176.03358 14.636
2455176.03666 14.657
2455176.03974 14.617
