2455765.71266 15.736
2455765.72464 15.687
2455765.73063 15.742
2455765.73362 15.722
2455765.73662 15.766
2455765.74549 15.758
2455765.74849 15.768
2455765.7515 15.747
2455765.75449 15.75
2455765.75748 15.728
2455765.76048 15.748
2455765.76348 15.758
2455765.76647 15.743
2455765.76947 15.765
2455765.77246 15.747
2455765.78069 15.707
2455765.78369 15.707
2455765.78669 15.698
2455765.78969 15.725
2455765.79269 15.73
2455765.79568 15.743
2455765.79867 15.77
2455765.80167 15.765
2455765.80467 15.783
2455765.80767 15.771
2455765.81626 15.772
2455765.81926 15.743
2455765.82525 15.707
2455765.82825 15.695
2455765.83125 15.685
2455765.83426 15.67
2455765.83725 15.676
2455765.85194 15.74
2455765.85494 15.77
2455765.85794 15.767
2455765.86093 15.758
2455765.86394 15.748
2455765.86693 15.73
2455765.86992 15.736
2455765.87292 15.731
2455765.87593 15.757
2455765.88814 15.715
2455765.89114 15.704
2455765.89414 15.689
2455765.90014 15.724
2455765.90314 15.723
2455765.90614 15.756
2455765.90914 15.779
2455765.91214 15.786
2455765.91515 15.778
2455765.92441 15.775
2455765.92741 15.782
2455765.93042 15.741
2455765.93341 15.719
2455765.93641 15.705
