2456968.717360 +14.958
2456968.721995 +14.997
2456968.727090 +14.973
2456968.729414 +14.983
2456968.731742 +14.987
2456968.734061 +14.976
2456968.736379 +15.021
2456968.738698 +14.983
2456968.743336 +15.018
2456968.747971 +14.958
2456968.754422 +14.962
2456968.756741 +14.932
2456968.759063 +14.939
2456968.761383 +14.938
2456968.763697 +14.924
2456968.766014 +14.958
2456968.768333 +14.984
2456968.770656 +14.951
2456968.780587 +15.023
2456968.785226 +15.012
2456968.787541 +14.996
2456968.789861 +15.021
2456968.794505 +14.973
2456968.796821 +14.984
2456968.799140 +14.978
2456968.801455 +14.959
2456968.808852 +14.919
2456968.811175 +14.938
2456968.813494 +14.961
2456968.825089 +14.982
2456968.827410 +14.986
2456968.834849 +15.005
2456968.837169 +15.013
2456968.839489 +14.995
2456968.841805 +15.001
2456968.844125 +14.971
2456968.846444 +14.984
2456968.848761 +14.986
2456968.853398 +14.966
2456968.855714 +14.959
2456968.862348 +14.958
2456968.864673 +14.952
2456968.866990 +14.928
2456968.869322 +14.957
2456968.871649 +14.945
2456968.873964 +14.953
2456968.876294 +14.948
2456968.878613 +14.958
2456968.880941 +14.973
2456968.888376 +15.008
2456968.890697 +15.031
2456968.893014 +14.994
2456968.895332 +15.011
2456968.899983 +15.016
2456968.902302 +15.020
2456968.904627 +14.994
2456968.906946 +15.000
2456968.921497 +14.947
2456968.923814 +14.959
2456968.926127 +14.977
2456968.928447 +14.977
2456968.930767 +15.008
2456968.935405 +15.024
2456968.937719 +15.025
2456968.943144 +15.025
2456968.947777 +15.035
2456968.950096 +15.009
2456968.952414 +15.021
2456968.954741 +15.045
2456968.957061 +15.048
2456968.959377 +15.053
2456968.961699 +15.044
2456968.964020 +15.014
2456968.997015 +15.002
2456968.999338 +15.012
2456969.001652 +15.017
2456969.003969 +14.997
2456969.006287 +15.008
2456969.008604 +15.017
2456969.010923 +15.046
2456969.013244 +15.031
2456969.015563 +15.015
2456969.017882 +14.971
2456969.026603 +14.953
2456969.028920 +14.958
2456969.050585 +14.992
