2456970.703554 +14.866
2456970.705876 +14.881
2456970.708192 +14.882
2456970.710518 +14.881
2456970.712844 +14.918
2456970.715167 +14.884
2456970.717488 +14.937
2456970.719818 +14.930
2456970.724890 +14.927
2456970.727214 +14.943
2456970.729537 +14.963
2456970.731854 +14.912
2456970.734177 +14.930
2456970.736505 +14.929
2456970.738824 +14.960
2456970.741147 +14.955
2456970.743465 +14.942
2456970.745792 +14.954
2456970.759293 +14.879
2456970.766261 +14.870
2456970.770916 +14.893
2456970.773238 +14.926
2456970.780739 +14.966
2456970.783055 +14.962
2456970.785374 +14.927
2456970.787697 +14.941
2456970.790015 +14.946
2456970.792331 +14.938
2456970.794644 +14.965
2456970.796965 +14.952
2456970.799283 +14.927
2456970.809241 +14.915
2456970.813879 +14.904
2456970.816197 +14.885
2456970.818517 +14.889
2456970.820839 +14.879
2456970.823155 +14.910
2456970.825471 +14.892
2456970.837510 +14.935
2456970.839832 +14.921
2456970.842164 +14.944
2456970.844480 +14.953
2456970.846812 +14.951
2456970.849129 +14.906
2456970.851449 +14.911
2456970.853766 +14.932
2456970.864867 +14.915
2456970.869508 +14.892
2456970.871826 +14.880
2456970.874145 +14.883
2456970.876464 +14.862
2456970.878790 +14.901
2456970.881107 +14.871
2456970.886286 +14.930
2456970.888598 +14.922
2456970.890916 +14.922
2456970.893235 +14.920
2456970.895553 +14.927
2456970.897871 +14.916
2456970.900190 +14.969
2456970.904825 +14.968
2456970.907145 +14.941
2456970.913773 +14.896
2456970.916091 +14.905
2456970.918416 +14.884
2456970.920743 +14.857
2456970.923061 +14.890
2456970.925380 +14.862
2456970.927699 +14.880
2456970.930016 +14.878
2456970.932335 +14.877
2456970.934658 +14.866
2456970.939954 +14.915
2456970.944596 +14.922
2456970.946911 +14.933
2456970.949228 +14.931
2456970.956192 +14.941
2456970.960823 +14.932
2456970.968886 +14.920
2456970.978185 +14.897
2456970.980505 +14.903
2456970.982826 +14.882
2456970.985145 +14.878
2456970.987460 +14.909
2456970.989791 +14.899
