2456971.692902 +14.848
2456971.695215 +14.821
2456971.697537 +14.785
2456971.699857 +14.788
2456971.702174 +14.786
2456971.704491 +14.789
2456971.706811 +14.776
2456971.709131 +14.778
2456971.718959 +14.857
2456971.730547 +14.881
2456971.732871 +14.871
2456971.735188 +14.859
2456971.737505 +14.868
2456971.739825 +14.841
2456971.747251 +14.849
2456971.749579 +14.834
2456971.751897 +14.830
2456971.754219 +14.846
2456971.756542 +14.806
2456971.758861 +14.810
2456971.761177 +14.787
2456971.763497 +14.788
2456971.765817 +14.793
2456971.768140 +14.816
2456971.775642 +14.808
2456971.777960 +14.793
2456971.780274 +14.822
2456971.782597 +14.839
2456971.784915 +14.823
2456971.787234 +14.836
2456971.789554 +14.843
2456971.791872 +14.867
2456971.794188 +14.858
2456971.800575 +14.820
2456971.802892 +14.813
2456971.805215 +14.793
2456971.809851 +14.757
2456971.812168 +14.759
2456971.814488 +14.758
2456971.816805 +14.746
2456971.819125 +14.739
2456971.826556 +14.779
2456971.828877 +14.773
2456971.831200 +14.812
2456971.833517 +14.812
2456971.835836 +14.834
2456971.838161 +14.809
2456971.854988 +14.829
2456971.857307 +14.829
2456971.859625 +14.825
2456971.861946 +14.812
2456971.864268 +14.816
2456971.873537 +14.797
2456971.875854 +14.793
2456971.881145 +14.774
2456971.883460 +14.800
2456971.885779 +14.800
2456971.888099 +14.809
2456971.890415 +14.804
2456971.892733 +14.818
2456971.895057 +14.816
2456971.897372 +14.814
2456971.899689 +14.817
2456971.902006 +14.850
2456971.909139 +14.851
2456971.911460 +14.797
2456971.913776 +14.807
2456971.925369 +14.782
2456971.927684 +14.771
2456971.935272 +14.757
2456971.937588 +14.778
2456971.939906 +14.786
2456971.942233 +14.812
2456971.944554 +14.825
2456971.946871 +14.853
2456971.949196 +14.837
2456971.951518 +14.834
2456971.953834 +14.835
2456971.956158 +14.828
2456971.963685 +14.843
2456971.966001 +14.852
2456971.968318 +14.843
2456971.970638 +14.855
2456971.972957 +14.846
2456971.975275 +14.836
2456971.977596 +14.796
2456971.979910 +14.825
2456971.982230 +14.798
2456971.984546 +14.787
2456971.996808 +14.813
2456971.999128 +14.820
2456972.001446 +14.808
2456972.003763 +14.826
2456972.006088 +14.823
2456972.008409 +14.834
2456972.010731 +14.842
2456972.022895 +14.865
2456972.025216 +14.856
2456972.027536 +14.825
2456972.029854 +14.809
2456972.032170 +14.787
2456972.034489 +14.787
2456972.036805 +14.806
2456972.039125 +14.792
2456972.046840 +14.832
2456972.049157 +14.816
2456972.051477 +14.854
