2455574.68034 16.374
2455574.68437 16.373
2455574.68838 16.375
2455574.69238 16.38
2455574.7782 16.444
2455574.78275 16.469
2455574.7873 16.429
2455574.79189 16.418
2455574.79642 16.395
2455574.80098 16.437
2455574.80553 16.399
2455574.81009 16.383
2455574.81465 16.401
2455574.82376 16.409
2455574.82832 16.403
2455574.83462 16.425
2455574.83917 16.41
2455574.84374 16.468
2455574.84832 16.462
2455574.85289 16.418
2455574.85744 16.432
2455574.862 16.424
2455574.86656 16.427
2455574.87112 16.442
2455574.87569 16.429
2455574.88028 16.438
2455574.88485 16.487
2455574.89083 16.467
2455574.89538 16.467
2455574.89992 16.42
2455574.90448 16.433
2455574.90903 16.434
2455574.91358 16.439
2455574.91814 16.469
2455574.92271 16.445
2455574.92727 16.408
2455574.94697 16.432
2455574.95153 16.396
2455574.9561 16.408
2455574.96068 16.409
2455574.96525 16.388
2455574.96983 16.417
2455574.97442 16.391
2455574.97897 16.448
2455574.98354 16.416
2455574.9881 16.438
2455574.99725 16.419
2455575.00338 16.442
2455575.00795 16.427
2455575.01249 16.441
2455575.01706 16.461
2455575.02161 16.488
2455575.02618 16.49
2455575.03073 16.466
2455575.0353 16.481
2455575.03986 16.454
2455575.05998 16.454
2455575.06328 16.453
