2455575.68484 16.439
2455575.68945 16.457
2455575.69406 16.445
2455575.70109 16.438
2455575.70568 16.503
2455575.71028 16.476
2455575.71486 16.455
2455575.71945 16.489
2455575.72407 16.44
2455575.72865 16.457
2455575.73325 16.424
2455575.73782 16.433
2455575.74239 16.436
2455575.74698 16.425
2455575.75343 16.429
2455575.75803 16.39
2455575.76264 16.448
2455575.78567 16.373
2455575.80409 16.439
2455575.81031 16.443
2455575.8149 16.403
2455575.81952 16.409
2455575.82413 16.443
2455575.82871 16.43
2455575.83331 16.435
2455575.8379 16.433
2455575.8425 16.519
2455575.8471 16.486
2455575.85171 16.473
2455575.85631 16.466
2455575.8609 16.405
2455575.86685 16.434
2455575.87144 16.424
2455575.87602 16.433
2455575.8806 16.412
2455575.88516 16.423
2455575.88974 16.459
2455575.89432 16.44
2455575.89891 16.409
2455575.90348 16.38
2455575.90807 16.411
2455575.91268 16.421
2455575.92344 16.428
2455575.92803 16.399
2455575.93263 16.444
2455575.93723 16.455
2455575.94183 16.443
2455575.95105 16.414
2455575.95565 16.432
2455575.9603 16.423
2455575.96952 16.462
2455575.97413 16.44
2455575.98476 16.442
2455575.98934 16.477
2455575.99392 16.494
2455575.99853 16.426
2455576.00774 16.41
2455576.01231 16.438
2455576.0169 16.373
2455576.02148 16.444
2455576.02605 16.42
2455576.03064 16.413
2455576.03714 16.404
2455576.04173 16.41
2455576.04633 16.373
2455576.05092 16.379
2455576.05552 16.413
2455576.06011 16.413
