2455621.58188 16.889
2455621.58481 16.836
2455621.58775 16.818
2455621.59067 16.815
2455621.59655 16.807
2455621.59949 16.807
2455621.62178 16.837
2455621.62471 16.84
2455621.62765 16.769
2455621.63059 16.819
2455621.63352 16.788
2455621.63645 16.809
2455621.64411 16.855
2455621.64703 16.848
2455621.64997 16.808
2455621.65291 16.863
2455621.65585 16.863
2455621.65878 16.863
2455621.66171 16.859
2455621.68139 16.928
2455621.68433 16.884
2455621.68726 16.854
2455621.69019 16.89
2455621.69312 16.914
2455621.69606 16.893
2455621.69899 16.861
2455621.70487 16.89
2455621.71217 16.87
2455621.71511 16.865
2455621.71804 16.854
2455621.72097 16.828
2455621.7239 16.814
2455621.72684 16.823
2455621.72977 16.83
2455621.75464 16.769
2455621.75757 16.775
2455621.76051 16.769
2455621.76345 16.799
2455621.76638 16.841
2455621.77226 16.815
2455621.78274 16.863
2455621.78569 16.877
2455621.78863 16.889
2455621.79155 16.899
2455621.79449 16.939
2455621.79744 16.906
2455621.82296 16.924
2455621.8259 16.955
2455621.82883 16.915
2455621.83176 16.938
2455621.83469 16.892
2455621.83763 16.882
2455621.84055 16.9
2455621.84766 16.901
2455621.85058 16.914
2455621.8535 16.954
2455621.87807 16.846
2455621.89275 16.8
2455621.89568 16.835
2455621.90317 16.826
2455621.9061 16.807
2455621.90904 16.828
2455621.91197 16.842
