2455623.58803 16.967
2455623.59097 16.971
2455623.59391 16.991
2455623.59978 16.967
2455623.60565 16.984
2455623.60859 16.973
2455623.61446 16.944
2455623.6348 16.918
2455623.64067 16.939
2455623.65831 16.934
2455623.72023 16.945
2455623.72316 16.912
2455623.7261 16.95
2455623.72903 16.934
2455623.73197 16.951
2455623.73489 17.0
2455623.73783 16.979
2455623.74077 17.005
2455623.74662 17.004
2455623.75896 16.951
2455623.76189 16.963
2455623.76483 16.953
2455623.76776 16.925
2455623.7707 16.9
2455623.7795 16.902
2455623.79037 16.95
2455623.79331 16.928
2455623.79625 16.959
2455623.79918 16.981
2455623.80211 16.94
2455623.80504 16.905
2455623.80798 16.954
2455623.81091 16.908
2455623.81385 16.904
2455623.81679 16.896
2455623.82473 16.857
2455623.82766 16.847
2455623.83059 16.832
2455623.83352 16.848
2455623.83939 16.867
2455623.84525 16.885
2455623.85111 16.878
2455623.85964 16.881
2455623.86258 16.873
2455623.86551 16.886
2455623.87142 16.929
2455623.87439 16.946
2455623.87737 16.956
2455623.88033 16.992
2455623.89474 16.966
2455623.89771 16.985
2455623.90068 16.965
2455623.90366 16.966
2455623.90664 16.951
2455623.91555 16.967
2455623.92151 16.934
