2457369.784011 +16.729
2457369.786965 +16.736
2457369.789917 +16.735
2457369.792877 +16.753
2457369.795820 +16.759
2457369.801727 +16.757
2457369.804689 +16.763
2457369.810596 +16.775
2457369.818306 +16.753
2457369.821259 +16.760
2457369.824204 +16.757
2457369.827159 +16.754
2457369.830112 +16.731
2457369.833064 +16.732
2457369.836027 +16.751
2457369.838979 +16.731
2457369.841930 +16.736
2457369.844882 +16.738
2457369.851417 +16.733
2457369.854363 +16.718
2457369.857310 +16.707
2457369.860259 +16.720
2457369.863209 +16.700
2457369.866165 +16.710
2457369.869109 +16.695
2457369.872059 +16.683
2457369.875015 +16.688
2457369.877969 +16.694
2457369.885343 +16.703
2457369.888292 +16.700
2457369.891238 +16.711
2457369.894188 +16.724
2457369.897133 +16.749
2457369.900080 +16.761
2457369.903027 +16.760
2457369.905973 +16.735
2457369.908917 +16.742
2457369.911866 +16.743
2457369.924261 +16.751
2457369.927214 +16.761
2457369.930157 +16.730
2457369.933105 +16.733
2457369.936051 +16.738
2457369.939002 +16.758
2457369.941950 +16.762
2457369.944898 +16.763
2457369.952269 +16.752
2457369.955222 +16.773
2457369.958167 +16.751
2457369.961117 +16.779
2457369.964067 +16.753
2457369.972957 +16.731
2457369.975911 +16.735
2457369.978867 +16.742
2457369.985372 +16.721
2457369.988319 +16.733
2457369.994214 +16.727
2457369.997167 +16.714
2457370.000122 +16.707
2457370.003075 +16.704
2457370.006034 +16.699
2457370.019353 +16.712
2457370.022302 +16.706
2457370.025249 +16.712
2457370.028204 +16.716
2457370.031155 +16.731
2457370.034103 +16.748
2457370.037056 +16.740
2457370.040008 +16.752
2457370.042959 +16.751
2457370.045910 +16.752
2457370.052412 +16.741
2457370.061268 +16.724
