2455601.58024 16.549
2455601.58137 16.588
2455601.5825 16.529
2455601.58364 16.534
2455601.58478 16.525
2455601.58591 16.563
2455601.58705 16.571
2455601.58819 16.576
2455601.58932 16.559
2455601.59046 16.56
2455601.5916 16.606
2455601.59274 16.591
2455601.59387 16.582
2455601.59501 16.585
2455601.59614 16.584
2455601.59728 16.597
2455601.59841 16.596
2455601.60413 16.566
2455601.60527 16.597
2455601.60641 16.597
2455601.60754 16.552
2455601.60868 16.588
2455601.60981 16.594
2455601.61209 16.563
2455601.61323 16.63
2455601.6155 16.607
2455601.61664 16.569
2455601.61777 16.606
2455601.61891 16.605
2455601.62005 16.573
2455601.62118 16.546
2455601.62232 16.602
2455601.62346 16.578
2455601.62459 16.595
2455601.62573 16.566
2455601.62686 16.557
2455601.63043 16.574
2455601.6327 16.575
2455601.63384 16.639
2455601.63497 16.609
2455601.63611 16.68
2455601.63724 16.638
2455601.63838 16.685
2455601.63952 16.705
2455601.64065 16.638
2455601.64179 16.672
2455601.64293 16.685
2455601.64406 16.635
2455601.6452 16.643
2455601.64634 16.62
2455601.64748 16.655
2455601.64862 16.665
2455601.64975 16.627
2455601.65089 16.645
2455601.65202 16.639
2455601.65316 16.626
2455601.6543 16.596
2455601.65544 16.582
2455601.65658 16.603
2455601.65771 16.56
2455601.65885 16.652
2455601.66112 16.647
2455601.66226 16.611
2455601.6634 16.551
2455601.66453 16.614
2455601.66567 16.583
2455601.66681 16.536
2455601.66908 16.55
2455601.67021 16.594
2455601.67249 16.543
2455601.67362 16.531
2455601.67476 16.536
2455601.6759 16.56
2455601.67703 16.537
2455601.67817 16.557
2455601.67931 16.593
2455601.68045 16.543
2455601.68158 16.564
2455601.68272 16.558
2455601.68385 16.594
2455601.68499 16.536
2455601.68825 16.533
2455601.68939 16.556
2455601.69052 16.534
2455601.69166 16.592
2455601.69279 16.563
2455601.69393 16.537
2455601.69506 16.574
2455601.6962 16.596
2455601.69734 16.528
2455601.69847 16.547
2455601.69961 16.549
2455601.70074 16.546
2455601.70188 16.533
2455601.70302 16.564
2455601.70416 16.539
2455601.7053 16.557
2455601.70643 16.522
2455601.70757 16.55
2455601.7087 16.56
2455601.70984 16.519
2455601.71097 16.541
2455601.71212 16.532
2455601.71326 16.534
2455601.71439 16.549
2455601.71553 16.564
2455601.71666 16.557
2455601.7178 16.555
2455601.71893 16.554
2455601.72007 16.588
2455601.7212 16.58
2455601.72234 16.583
2455601.72349 16.585
2455601.72576 16.569
2455601.7269 16.566
2455601.72803 16.598
2455601.73144 16.581
2455601.73258 16.61
2455601.73372 16.618
2455601.73485 16.598
2455601.73599 16.569
2455601.73712 16.589
2455601.73826 16.581
2455601.7394 16.599
2455601.74053 16.565
2455601.74167 16.583
2455601.74281 16.576
2455601.74718 16.557
2455601.74832 16.624
2455601.74945 16.637
2455601.75059 16.604
2455601.75172 16.596
2455601.75286 16.61
2455601.754 16.598
2455601.75514 16.597
2455601.75628 16.574
2455601.75741 16.609
2455601.75855 16.546
2455601.75968 16.58
2455601.76082 16.571
2455601.76195 16.594
2455601.76309 16.59
2455601.76423 16.614
2455601.76537 16.604
2455601.7665 16.598
2455601.76764 16.6
2455601.76877 16.613
2455601.76991 16.627
2455601.77105 16.668
2455601.77218 16.622
2455601.77332 16.657
2455601.77445 16.628
2455601.77559 16.653
2455601.77673 16.662
2455601.77787 16.604
2455601.77901 16.603
2455601.78015 16.625
2455601.78128 16.651
2455601.78242 16.606
2455601.78355 16.607
2455601.78469 16.612
2455601.78582 16.602
2455601.78697 16.627
2455601.7881 16.613
2455601.78925 16.61
2455601.79038 16.605
2455601.79152 16.589
2455601.79265 16.592
2455601.79379 16.601
2455601.79492 16.579
2455601.79606 16.595
2455601.7972 16.591
2455601.79834 16.553
2455601.79947 16.556
2455601.80061 16.57
2455601.80174 16.583
2455601.80861 16.625
2455601.80974 16.567
2455601.81088 16.594
2455601.81202 16.595
2455601.81316 16.605
2455601.81429 16.6
2455601.81543 16.588
2455601.81656 16.584
2455601.8177 16.579
2455601.81883 16.573
2455601.81997 16.605
2455601.8211 16.581
2455601.82224 16.614
2455601.82338 16.567
2455601.82452 16.629
2455601.82566 16.586
2455601.8268 16.582
2455601.82793 16.544
2455601.82907 16.538
2455601.83021 16.543
2455601.83134 16.584
2455601.83248 16.529
2455601.83362 16.537
2455601.83475 16.529
2455601.83589 16.544
2455601.83703 16.542
2455601.83817 16.538
2455601.8393 16.537
2455601.84044 16.552
2455601.84158 16.542
2455601.84271 16.524
2455601.84385 16.547
2455601.84498 16.569
2455601.84612 16.565
2455601.84726 16.544
2455601.8484 16.597
2455601.84954 16.561
2455601.85067 16.548
2455601.85181 16.529
2455601.85294 16.575
2455601.85408 16.557
2455601.85522 16.555
2455601.85849 16.607
2455601.85963 16.601
2455601.86076 16.592
2455601.8619 16.598
2455601.86304 16.591
2455601.86418 16.617
2455601.86531 16.605
2455601.86645 16.605
2455601.86759 16.649
2455601.86872 16.606
2455601.86986 16.635
2455601.87099 16.635
2455601.87213 16.637
2455601.87327 16.629
2455601.87441 16.637
2455601.87554 16.631
2455601.87668 16.608
2455601.87782 16.591
2455601.87895 16.637
2455601.88009 16.591
2455601.88122 16.619
2455601.88237 16.636
2455601.8835 16.595
2455601.88464 16.628
2455601.88578 16.64
2455601.88691 16.629
2455601.88805 16.638
2455601.88919 16.615
2455601.89032 16.62
2455601.89259 16.624
2455601.89373 16.605
2455601.89486 16.593
2455601.896 16.579
2455601.89714 16.62
2455601.89828 16.587
2455601.89941 16.582
2455601.90055 16.622
2455601.90168 16.666
2455601.90282 16.647
2455601.90396 16.639
2455601.90509 16.634
2455601.90623 16.674
2455601.90737 16.668
2455601.90851 16.649
2455601.90964 16.7
2455601.91078 16.627
2455601.91191 16.665
2455601.91305 16.696
2455601.91669 16.682
2455601.91782 16.669
2455601.91896 16.659
2455601.92009 16.622
2455601.92123 16.642
2455601.92237 16.645
2455601.92351 16.655
2455601.92465 16.605
2455601.92578 16.658
2455601.92692 16.636
2455601.92805 16.637
2455601.9292 16.613
2455601.93034 16.631
2455601.93147 16.621
2455601.93261 16.616
2455601.93374 16.617
2455601.93488 16.647
2455601.93601 16.604
2455601.93715 16.596
2455601.93829 16.591
2455601.93943 16.621
2455601.94056 16.61
2455601.9417 16.627
2455601.94284 16.655
2455601.94397 16.656
2455601.94511 16.637
2455601.94624 16.646
2455601.94738 16.607
2455601.94852 16.603
2455601.95193 16.606
2455601.95307 16.6
2455601.9542 16.631
2455601.95534 16.601
2455601.95648 16.627
2455601.95762 16.633
2455601.95875 16.565
2455601.95989 16.585
2455601.96102 16.606
2455601.96216 16.584
2455601.9633 16.636
2455601.96443 16.618
2455601.96556 16.633
2455601.9667 16.615
2455601.96783 16.567
2455601.96897 16.635
2455601.97011 16.578
2455601.97124 16.594
2455601.97521 16.542
2455601.97635 16.574
2455601.97748 16.562
2455601.97862 16.589
2455601.97975 16.565
2455601.9809 16.566
2455601.98203 16.618
2455601.98317 16.526
2455601.98431 16.594
2455601.98544 16.594
2455601.98658 16.6
2455601.98772 16.54
2455601.98886 16.56
2455601.98999 16.56
2455601.99113 16.575
2455601.99227 16.585
2455601.9934 16.619
2455601.99454 16.53
2455601.99567 16.573
2455601.99681 16.567
2455601.99795 16.583
2455601.99909 16.619
2455602.00023 16.608
2455602.00136 16.577
2455602.0025 16.581
2455602.00363 16.575
2455602.00476 16.611
2455602.01162 16.6
2455602.01275 16.626
2455602.01389 16.568
2455602.01503 16.609
2455602.01617 16.617
2455602.01731 16.622
2455602.01844 16.651
2455602.01958 16.575
2455602.02072 16.633
2455602.02186 16.615
2455602.023 16.633
2455602.02527 16.601
2455602.0264 16.607
