2455241.69215 17.942
2455241.70439 17.989
2455241.71662 17.994
2455241.72891 17.929
2455241.74120 17.982
2455241.75353 17.938
2455241.76591 17.949
2455241.77835 18.022
2455241.79084 17.992
2455241.80333 17.953
2455241.81588 17.945
2455241.82849 17.935
2455241.84112 18.014
2455241.85374 17.973
2455241.86639 17.984
2455241.87909 17.966
2455241.91170 18.064
2455241.92330 18.033
2455241.93487 18.014
2455241.94658 17.981
2455241.95820 17.821
2455241.96995 17.977
2455241.98168 17.995
2455241.99344 17.991
2455242.00542 17.974
2455242.01236 17.943
2455242.01574 17.957
2455242.01914 17.944
2455242.02254 17.936
2455242.02596 17.944
2455242.02766 17.937
2455242.02937 17.970
2455242.03107 17.965
2455242.03278 17.911
2455242.03449 17.998
2455242.03620 17.981
2455242.03791 17.926
2455242.03963 17.959
2455242.04134 17.987
2455242.04309 18.017
2455242.04480 17.964
2455242.04651 17.993
2455242.04824 18.057
2455242.04995 18.029
2455242.05167 18.066
2455242.05339 18.042
2455242.05511 18.049
