2455242.68965 17.996
2455242.70164 17.952
2455242.71362 17.915
2455242.72566 17.917
2455242.73773 17.978
2455242.74989 18.015
2455242.76207 17.948
2455242.77426 17.910
2455242.78652 17.864
2455242.79880 17.919
2455242.81113 17.964
2455242.83590 17.911
2455242.84832 17.893
2455242.86080 17.872
2455242.88592 18.027
2455242.89850 17.956
2455242.91114 17.903
2455242.92380 17.883
2455242.95883 17.955
2455242.97050 17.920
2455242.98217 17.907
2455242.99395 17.902
2455243.00427 17.899
2455243.00927 17.890
2455243.01260 17.894
2455243.01593 17.950
2455243.01928 17.955
2455243.02263 17.944
2455243.02430 18.016
2455243.02598 18.005
2455243.02766 17.928
2455243.02934 17.978
2455243.03101 17.999
2455243.03270 17.947
2455243.03438 17.961
2455243.03606 17.906
2455243.03775 17.936
2455243.03944 17.956
2455243.04113 17.925
2455243.04281 17.931
2455243.04450 17.926
2455243.04622 17.938
2455243.04791 17.945
2455243.04960 17.903
2455243.05129 17.936
2455243.05298 17.909
