2454454.57226 0.793
2454454.57392 0.791
2454454.57889 0.797
2454454.58055 0.794
2454454.58222 0.777
2454454.58388 0.778
2454454.58554 0.797
2454454.5872 0.794
2454454.58885 0.773
2454454.59052 0.769
2454454.59383 0.781
2454454.59549 0.766
2454454.59715 0.749
2454454.59881 0.755
2454454.60046 0.729
2454454.60213 0.755
2454454.60634 0.737
2454454.60801 0.741
2454454.60967 0.73
2454454.61134 0.723
2454454.613 0.722
2454454.61465 0.719
2454454.61631 0.7
2454454.61797 0.707
2454454.61963 0.711
2454454.62129 0.692
2454454.62295 0.708
2454454.62461 0.705
2454454.62627 0.686
2454454.62793 0.701
2454454.62958 0.698
2454454.63124 0.701
2454454.6329 0.701
2454454.63457 0.715
2454454.63891 0.727
2454454.64224 0.719
2454454.64558 0.741
2454454.64725 0.726
2454454.64892 0.737
2454454.65059 0.732
2454454.65226 0.728
2454454.65392 0.771
2454454.6556 0.75
2454454.65726 0.772
2454454.6606 0.769
2454454.66227 0.764
2454454.66393 0.78
2454454.6656 0.794
2454454.66726 0.784
2454454.66893 0.801
2454454.6706 0.773
2454454.67342 0.8
2454454.67509 0.777
2454454.67675 0.792
2454454.67842 0.804
2454454.68009 0.803
2454454.68176 0.797
2454454.68343 0.793
2454454.6851 0.79
2454454.68676 0.784
2454454.68843 0.784
2454454.69177 0.768
2454454.69344 0.787
2454454.6951 0.769
2454454.69677 0.774
2454454.70176 0.769
2454454.70343 0.762
2454454.7051 0.776
2454454.70782 0.763
2454454.71115 0.785
2454454.71282 0.782
2454454.71615 0.786
2454454.71782 0.788
2454454.71949 0.779
2454454.72116 0.78
2454454.72282 0.801
2454454.72614 0.777
2454454.72779 0.783
2454454.72946 0.81
2454454.73111 0.815
2454454.73443 0.801
2454454.73608 0.797
2454454.73775 0.784
2454454.74348 0.786
2454454.74514 0.772
2454454.7468 0.751
2454454.74846 0.752
2454454.75011 0.751
2454454.75177 0.761
2454454.75342 0.756
2454454.75509 0.739
2454454.75675 0.738
2454454.75841 0.722
2454454.76006 0.753
2454454.76171 0.739
2454454.76337 0.745
2454454.76503 0.727
2454454.76668 0.752
2454454.76834 0.73
2454454.77 0.728
2454454.77165 0.706
2454454.77331 0.717
2454454.77588 0.701
2454454.77754 0.702
2454454.77919 0.686
2454454.78084 0.693
2454454.7825 0.691
2454454.78415 0.71
2454454.78581 0.71
2454454.78747 0.693
2454454.78913 0.695
2454454.79079 0.707
2454454.79245 0.7
2454454.79411 0.723
2454454.79576 0.717
2454454.79742 0.717
2454454.79908 0.733
2454454.80074 0.726
2454454.8024 0.758
2454454.80405 0.747
2454454.80572 0.74
2454454.80737 0.769
2454454.80985 0.797
2454454.81151 0.782
2454454.81316 0.806
2454454.81482 0.792
2454454.81648 0.807
2454454.81813 0.801
2454454.81978 0.805
2454454.82144 0.782
2454454.82309 0.798
2454454.82475 0.79
2454454.8264 0.784
2454454.82806 0.777
2454454.83137 0.795
2454454.83302 0.776
2454454.83468 0.785
2454454.83635 0.787
2454454.838 0.779
2454454.83966 0.778
2454454.84131 0.774
2454454.84545 0.77
2454454.8471 0.78
2454454.85207 0.773
2454454.85374 0.774
2454454.85539 0.782
2454454.85704 0.773
2454454.86036 0.78
2454454.86202 0.78
2454454.86367 0.79
2454454.86533 0.797
2454454.86698 0.805
2454454.86864 0.804
2454454.87029 0.787
2454454.87195 0.789
2454454.8736 0.808
2454454.87526 0.797
2454454.87776 0.808
2454454.87942 0.79
2454454.88107 0.789
2454454.88273 0.779
2454454.88439 0.77
2454454.88604 0.79
2454454.8877 0.772
2454454.88935 0.765
2454454.891 0.785
2454454.89266 0.764
2454454.89431 0.768
2454454.89598 0.754
2454454.89764 0.747
2454454.8993 0.763
2454454.90096 0.772
2454454.90262 0.755
2454454.90428 0.735
2454454.90594 0.744
2454454.9076 0.756
2454454.90926 0.756
2454454.9117 0.737
2454454.91336 0.745
2454454.91501 0.731
2454454.91667 0.727
2454454.91833 0.723
2454454.91998 0.714
2454454.92164 0.728
2454454.92329 0.72
2454454.92495 0.714
2454454.92827 0.703
2454454.93489 0.717
2454454.9382 0.723
2454454.94153 0.713
2454454.94318 0.72
2454454.94564 0.72
2454454.9473 0.707
2454454.94895 0.723
2454454.95723 0.736
2454454.95888 0.749
2454454.96054 0.742
2454454.9622 0.741
2454454.96386 0.757
2454454.96552 0.775
2454454.96717 0.787
2454454.96883 0.788
2454454.97049 0.78
2454454.97215 0.799
2454454.97381 0.807
2454454.97546 0.797
