2454451.54893 1.443
2454451.55417 1.431
2454451.56121 1.435
2454451.56294 1.42
2454451.56469 1.425
2454451.56639 1.436
2454451.56813 1.44
2454451.56988 1.434
2454451.57164 1.45
2454451.57337 1.445
2454451.57512 1.437
2454451.57837 1.459
2454451.58012 1.464
2454451.58187 1.485
2454451.58363 1.448
2454451.58537 1.457
2454451.58712 1.452
2454451.58887 1.469
2454451.59061 1.486
2454451.59237 1.47
2454451.59411 1.498
2454451.59771 1.5
2454451.59946 1.533
2454451.60121 1.53
2454451.60298 1.539
2454451.60473 1.563
2454451.60649 1.561
2454451.60825 1.522
2454451.61001 1.569
2454451.61176 1.545
2454451.61493 1.533
2454451.62019 1.559
2454451.62193 1.566
2454451.62544 1.561
2454451.62717 1.563
2454451.63767 1.546
2454451.63944 1.543
2454451.64119 1.555
2454451.64294 1.548
2454451.64472 1.531
2454451.64648 1.561
2454451.70397 1.488
2454451.70564 1.479
2454451.7073 1.474
2454451.71065 1.471
2454451.71232 1.46
2454451.71398 1.454
2454451.71565 1.456
2454451.72065 1.442
2454451.72233 1.435
2454451.724 1.45
2454451.72566 1.437
2454451.72734 1.431
2454451.72901 1.431
2454451.73068 1.432
2454451.73235 1.421
2454451.73402 1.433
2454451.73672 1.43
2454451.74173 1.451
2454451.74339 1.459
2454451.74506 1.467
2454451.74674 1.475
2454451.74841 1.483
2454451.75008 1.497
2454451.75175 1.501
2454451.75342 1.505
2454451.7551 1.502
2454451.75677 1.51
2454451.84925 1.462
2454451.85091 1.45
2454451.85257 1.453
2454451.85423 1.449
2454451.85589 1.455
2454451.85755 1.451
2454451.86086 1.453
2454451.86252 1.426
2454451.86418 1.445
2454451.86584 1.425
2454451.86749 1.416
2454451.87081 1.431
2454451.87335 1.425
2454451.87501 1.438
2454451.87667 1.446
2454451.87833 1.435
2454451.87999 1.451
2454451.88165 1.438
2454451.8833 1.478
2454451.88496 1.479
2454451.88829 1.484
2454451.88994 1.476
2454451.89989 1.506
2454451.90155 1.519
2454451.9032 1.536
2454451.90738 1.549
