2455482.5773 15.866
2455482.57792 15.882
2455482.58386 15.91
2455482.58448 15.944
2455482.59041 15.977
2455482.59103 15.994
2455482.59694 16.029
2455482.59755 16.034
2455482.60347 16.032
2455482.60408 15.987
2455482.60999 15.925
2455482.61061 15.899
2455482.62586 15.828
2455482.62648 15.822
2455482.64581 15.949
2455482.64642 15.954
2455482.65428 15.998
2455482.65489 16.01
2455482.6627 16.007
2455482.66332 16.0
2455482.67117 15.876
2455482.67179 15.871
2455482.68057 15.793
2455482.68118 15.78
2455482.68902 15.822
2455482.68963 15.796
2455482.69745 15.902
2455482.69806 15.908
2455482.71072 16.035
2455482.71133 16.033
2455482.71915 16.044
2455482.71977 16.046
2455482.74003 15.826
2455482.74065 15.836
2455482.75364 15.925
2455482.75425 15.887
2455482.77163 16.028
2455482.77225 16.051
2455482.80238 15.819
2455482.80299 15.816
2455482.8204 15.959
2455482.82101 15.961
