2455480.58149 16.046
2455480.58227 16.04
2455480.58988 16.067
2455480.59067 16.072
2455480.59828 15.949
2455480.59907 15.92
2455480.60664 15.837
2455480.60743 15.838
2455480.61505 15.847
2455480.61584 15.859
2455480.62458 15.918
2455480.62537 15.94
2455480.63297 15.987
2455480.63376 15.967
2455480.64137 16.056
2455480.64216 16.049
2455480.65903 15.854
2455480.65983 15.872
2455480.6767 15.821
2455480.6775 15.804
2455480.69536 16.019
2455480.69615 16.033
2455480.71301 16.001
2455480.7138 16.005
2455480.73068 15.844
2455480.73148 15.854
2455480.74928 15.989
2455480.75007 15.971
2455480.76692 16.045
2455480.76771 16.057
2455480.7846 15.837
2455480.78539 15.819
2455480.80115 15.909
2455480.80194 15.884
2455480.81677 16.033
2455480.81757 16.042
2455480.83233 16.026
2455480.83313 16.007
