2455479.58422 15.973
2455479.58502 15.971
2455479.59261 15.827
2455479.5934 15.86
2455479.60099 15.781
2455479.60179 15.749
2455479.60939 15.778
2455479.61018 15.763
2455479.61777 15.806
2455479.61857 15.827
2455479.62733 15.919
2455479.62813 15.954
2455479.63573 15.978
2455479.63652 16.014
2455479.64411 15.992
2455479.6449 16.0
2455479.66181 15.773
2455479.6626 15.78
2455479.67953 15.862
2455479.68032 15.878
2455479.69819 15.979
2455479.69898 15.958
2455479.71587 15.77
2455479.71667 15.777
2455479.73363 15.791
2455479.73442 15.806
2455479.75229 15.996
2455479.75308 16.011
2455479.77001 15.913
2455479.77081 15.897
2455479.78771 15.814
2455479.7885 15.841
2455479.80427 15.945
2455479.80506 15.924
2455479.8199 15.982
2455479.8207 16.006
2455479.83553 15.804
2455479.83632 15.797
