2456560.33281 0.668
2456560.3336 0.676
2456560.3344 0.716
2456560.33519 0.696
2456560.33597 0.692
2456560.33676 0.712
2456560.33755 0.704
2456560.33833 0.698
2456560.33921 0.731
2456560.34022 0.744
2456560.34102 0.77
2456560.34181 0.768
2456560.3426 0.788
2456560.34351 0.802
2456560.34429 0.808
2456560.34588 0.824
2456560.34667 0.854
2456560.34745 0.86
2456560.34824 0.888
2456560.34903 0.879
2456560.34982 0.869
2456560.3506 0.894
2456560.35139 0.909
2456560.35218 0.912
2456560.35296 0.92
2456560.35375 0.928
2456560.35454 0.932
2456560.35534 0.962
2456560.35613 0.947
2456560.35692 0.928
2456560.35771 0.946
2456560.3585 0.927
2456560.35928 0.91
2456560.36007 0.93
2456560.36086 0.93
2456560.36243 0.911
2456560.36322 0.907
2456560.36401 0.861
2456560.36479 0.909
2456560.36558 0.867
2456560.36637 0.868
2456560.36715 0.865
2456560.36794 0.839
2456560.36873 0.847
2456560.36953 0.829
2456560.37031 0.829
2456560.3711 0.811
2456560.37189 0.792
2456560.37267 0.792
2456560.37346 0.778
2456560.37425 0.773
2456560.37505 0.761
2456560.37583 0.761
2456560.37662 0.736
2456560.37742 0.728
2456560.37821 0.726
2456560.37899 0.701
2456560.38058 0.696
2456560.38216 0.658
2456560.38295 0.664
2456560.38374 0.659
2456560.38453 0.662
2456560.38531 0.663
2456560.3861 0.656
2456560.38769 0.652
2456560.38847 0.636
2456560.38926 0.658
2456560.39005 0.657
2456560.39083 0.662
2456560.39163 0.653
2456560.39321 0.665
2456560.39401 0.656
2456560.39479 0.675
2456560.39559 0.671
2456560.39716 0.645
2456560.39795 0.693
2456560.39874 0.665
2456560.39953 0.68
2456560.40032 0.681
2456560.40111 0.695
2456560.4019 0.721
2456560.4027 0.714
2456560.40348 0.733
2456560.40427 0.726
2456560.40507 0.735
2456560.40587 0.756
2456560.40666 0.751
2456560.40745 0.77
2456560.40824 0.766
2456560.40904 0.81
2456560.40983 0.802
2456560.41063 0.807
2456560.41141 0.824
2456560.4122 0.841
2456560.41299 0.835
2456560.41377 0.841
2456560.41456 0.836
2456560.41535 0.842
2456560.41613 0.864
2456560.41692 0.861
2456560.41771 0.896
2456560.41851 0.887
2456560.42038 0.89
2456560.42117 0.86
2456560.42229 0.883
2456560.42308 0.871
2456560.42388 0.903
2456560.42466 0.873
2456560.42546 0.891
2456560.42625 0.907
2456560.42704 0.871
2456560.42784 0.873
2456560.42942 0.861
2456560.43022 0.864
2456560.43102 0.846
2456560.43181 0.836
2456560.43259 0.825
2456560.43338 0.78
2456560.43497 0.779
2456560.43576 0.749
2456560.43655 0.732
2456560.43734 0.743
2456560.43813 0.718
2456560.43891 0.702
2456560.43971 0.718
2456560.44051 0.693
2456560.4413 0.672
2456560.44211 0.672
2456560.44289 0.676
2456560.44368 0.658
2456560.44448 0.628
2456560.44605 0.646
2456560.44684 0.636
2456560.44764 0.639
2456560.44843 0.624
2456560.45 0.635
2456560.4516 0.629
2456560.4524 0.624
2456560.45318 0.615
2456560.45397 0.626
2456560.45476 0.622
2456560.45556 0.62
2456560.45634 0.652
2456560.45792 0.635
2456560.45872 0.652
2456560.45951 0.657
2456560.4603 0.679
2456560.46229 0.684
2456560.46308 0.686
2456560.46387 0.705
2456560.46466 0.718
2456560.46545 0.718
2456560.46624 0.705
2456560.46703 0.729
2456560.46782 0.728
2456560.4686 0.745
2456560.4694 0.748
2456560.4702 0.78
2456560.47098 0.784
2456560.47178 0.8
2456560.47258 0.842
2456560.47337 0.813
2456560.47416 0.847
2456560.47494 0.858
2456560.47573 0.861
2456560.47652 0.884
2456560.47732 0.895
2456560.47889 0.889
2456560.47969 0.924
2456560.48048 0.911
2456560.48205 0.918
2456560.48284 0.942
2456560.48363 0.936
2456560.48443 0.942
2456560.48522 0.936
2456560.48602 0.925
2456560.48681 0.942
2456560.4876 0.928
2456560.4884 0.915
2456560.48919 0.933
2456560.48998 0.899
2456560.49076 0.903
2456560.49155 0.885
2456560.49234 0.88
2456560.49313 0.877
2456560.49391 0.861
2456560.4955 0.85
2456560.49629 0.824
2456560.49708 0.816
2456560.49867 0.781
2456560.49992 0.793
2456560.50072 0.773
2456560.50151 0.757
2456560.5023 0.731
2456560.5031 0.732
2456560.50389 0.735
2456560.50469 0.709
2456560.50549 0.705
2456560.50627 0.732
2456560.50707 0.698
2456560.50786 0.683
2456560.50866 0.662
2456560.51024 0.66
2456560.51104 0.645
2456560.51263 0.643
2456560.51343 0.648
2456560.51421 0.643
2456560.51501 0.633
2456560.5158 0.646
2456560.5166 0.641
2456560.51818 0.652
2456560.51898 0.641
2456560.51977 0.632
2456560.52057 0.651
2456560.52135 0.66
2456560.52215 0.67
2456560.52294 0.678
2456560.52453 0.666
2456560.52532 0.688
2456560.52611 0.677
2456560.52691 0.692
2456560.5277 0.696
2456560.53008 0.713
2456560.53088 0.735
2456560.53168 0.744
2456560.53247 0.764
2456560.53326 0.75
2456560.53485 0.771
2456560.53565 0.784
2456560.53644 0.793
2456560.53723 0.801
2456560.53802 0.799
2456560.53961 0.831
2456560.54041 0.833
2456560.54119 0.817
2456560.54199 0.857
2456560.54278 0.85
2456560.54358 0.854
2456560.54436 0.86
2456560.54516 0.889
2456560.54596 0.894
2456560.54675 0.893
2456560.54755 0.896
2456560.54835 0.877
2456560.54913 0.892
2456560.54993 0.891
2456560.55073 0.9
2456560.55152 0.896
2456560.55232 0.89
2456560.55311 0.865
2456560.55443 0.884
2456560.55523 0.87
2456560.55603 0.87
2456560.55683 0.841
2456560.55763 0.836
2456560.55841 0.815
2456560.5608 0.782
2456560.56237 0.757
2456560.56316 0.736
2456560.56396 0.722
2456560.56475 0.719
2456560.56553 0.716
2456560.56633 0.68
2456560.56791 0.67
2456560.56869 0.662
2456560.56948 0.654
2456560.57027 0.646
2456560.57105 0.644
2456560.57263 0.645
2456560.57341 0.641
2456560.5742 0.636
2456560.57499 0.617
2456560.57578 0.612
2456560.57656 0.635
2456560.57735 0.609
2456560.57892 0.607
2456560.57971 0.619
2456560.5805 0.622
2456560.58129 0.618
2456560.58207 0.625
2456560.58286 0.635
2456560.58443 0.613
2456560.58522 0.642
2456560.58601 0.635
2456560.58679 0.648
2456560.58758 0.649
2456560.58837 0.666
2456560.58994 0.672
2456560.59073 0.7
2456560.59152 0.704
2456560.5923 0.689
2456560.59309 0.728
2456560.59673 0.75
2456560.59751 0.769
2456560.5991 0.774
2456560.59988 0.81
2456560.60067 0.81
2456560.60147 0.826
2456560.60227 0.848
2456560.60307 0.855
2456560.60385 0.893
2456560.60465 0.89
2456560.60544 0.915
2456560.60623 0.901
2456560.60703 0.918
2456560.60781 0.92
2456560.60861 0.92
2456560.60941 0.935
2456560.6102 0.938
2456560.611 0.92
2456560.61178 0.952
2456560.61257 0.922
2456560.61336 0.89
2456560.61414 0.898
2456560.61493 0.881
2456560.61573 0.904
2456560.61652 0.876
2456560.6188 0.849
2456560.6196 0.843
2456560.62038 0.844
2456560.62117 0.828
2456560.62197 0.817
2456560.62276 0.853
2456560.62354 0.812
2456560.62434 0.799
2456560.62513 0.787
2456560.62591 0.766
2456560.62671 0.753
2456560.6299 0.713
2456560.63068 0.708
2456560.63147 0.701
