2455486.87972 0.623
2455486.88167 0.621
2455486.88363 0.603
2455486.89027 0.692
2455486.89221 0.65
2455486.89413 0.677
2455486.91844 0.597
2455486.92036 0.608
2455486.9223 0.574
2455486.93306 0.553
2455486.9351 0.612
2455486.93729 0.609
2455486.94638 0.629
2455486.9483 0.622
2455486.95022 0.658
2455486.95942 0.735
2455486.96134 0.724
2455486.96326 0.708
2455486.97256 0.777
2455486.97448 0.742
2455486.97645 0.747
2455486.98572 0.748
2455486.98764 0.765
2455486.98956 0.752
2455486.99877 0.746
2455487.00069 0.751
2455487.00262 0.803
2455487.01227 0.822
2455487.01419 0.808
2455487.01611 0.872
2455487.02501 0.93
2455487.02693 0.957
2455487.02885 0.925
2455487.03832 0.816
2455487.04024 0.764
2455487.04232 0.757
2455487.0514 0.772
2455487.05328 0.756
2455487.05515 0.729
2455487.06411 0.738
2455487.0661 0.731
2455487.06799 0.769
2455487.07745 0.851
2455487.07933 0.855
2455487.0812 0.844
2455487.09028 0.881
2455487.09215 0.871
2455487.09402 0.901
2455487.10314 0.725
2455487.10512 0.778
2455487.10716 0.73
2455487.11631 0.717
2455487.11854 0.66
2455487.12054 0.64
2455487.13111 0.703
2455487.1427 0.749
2455487.14457 0.75
2455487.14644 0.778
2455487.15529 0.66
2455487.15716 0.628
2455487.15904 0.614
2455487.16836 0.608
2455487.17023 0.613
2455487.17211 0.626
2455487.18228 0.628
2455487.18416 0.614
2455487.18604 0.613
2455487.19508 0.591
