2455450.96755 -0.533
2455450.98641 -0.461
2455451.00561 -0.441
2455451.02417 -0.496
2455451.0431 -0.497
2455451.06205 -0.418
2455451.08105 -0.533
2455451.09978 -0.53
2455451.15507 -0.533
2455451.17318 -0.446
2455451.18848 -0.491
2455451.19418 -0.506
2455451.19976 -0.533
2455451.2053 -0.525
2455451.21085 -0.52
2455451.21638 -0.536
2455451.22193 -0.514
2455451.22741 -0.48
2455451.23298 -0.459
2455451.23851 -0.441
2455451.24403 -0.413
2455451.24955 -0.454
2455451.25877 -0.516
2455451.26182 -0.524
2455451.26473 -0.539
2455451.2677 -0.521
2455451.27065 -0.532
2455451.27357 -0.528
2455451.27652 -0.525
2455451.27944 -0.52
2455451.28238 -0.518
2455451.28544 -0.494
2455451.28835 -0.471
2455451.29112 -0.422
2455451.29402 -0.423
2455451.29721 -0.388
2455451.30015 -0.388
2455451.30311 -0.424
