2455416.09088 1.268
2455416.09345 1.26
2455416.09603 1.248
2455416.10505 1.303
2455416.10763 1.303
2455416.1102 1.335
2455416.11906 1.328
2455416.12166 1.33
2455416.12423 1.34
2455416.1333 1.347
2455416.13589 1.319
2455416.13847 1.279
2455416.14751 1.261
2455416.15009 1.24
2455416.15266 1.228
2455416.162 1.282
2455416.16458 1.27
2455416.16715 1.281
2455416.17633 1.381
2455416.17891 1.41
2455416.18148 1.429
2455416.19085 1.283
2455416.19348 1.252
2455416.19605 1.235
2455416.20603 1.223
2455416.20861 1.248
2455416.21119 1.224
2455416.22014 1.224
2455416.22272 1.245
2455416.2253 1.253
2455416.2312 1.318
2455416.23379 1.313
2455416.23637 1.315
2455416.24527 1.325
2455416.24785 1.355
2455416.25368 1.35
2455416.25626 1.326
2455416.25884 1.303
2455416.26494 1.251
2455416.26752 1.262
2455416.2764 1.289
2455416.27898 1.255
2455416.28156 1.302
2455416.28803 1.259
2455416.29061 1.294
2455416.29328 1.316
2455416.29973 1.456
2455416.30232 1.452
2455416.30491 1.429
2455416.31148 1.28
2455416.31406 1.262
2455416.31663 1.244
2455416.32274 1.247
2455416.32532 1.235
2455416.32791 1.236
2455416.3338 1.257
2455416.33638 1.251
