2455417.07423 1.096
2455417.07681 1.11
2455417.07939 1.136
2455417.09482 1.147
2455417.09738 1.199
2455417.11045 1.073
2455417.11304 1.061
2455417.11563 1.065
2455417.12875 1.098
2455417.1339 1.087
2455417.14991 1.31
2455417.15257 1.234
2455417.16563 1.078
2455417.16821 1.067
2455417.17078 1.053
2455417.18418 1.069
2455417.18676 1.074
2455417.18934 1.083
2455417.20271 1.158
2455417.20529 1.174
2455417.20787 1.133
2455417.2212 1.204
2455417.22379 1.164
2455417.22635 1.144
2455417.23972 1.086
2455417.2423 1.088
2455417.24488 1.1
2455417.25806 1.13
2455417.26063 1.155
2455417.26321 1.189
2455417.26633 1.238
2455417.2689 1.274
2455417.27155 1.295
2455417.27457 1.253
2455417.27716 1.193
2455417.27973 1.14
2455417.28287 1.117
2455417.28545 1.094
2455417.28804 1.096
2455417.29104 1.102
2455417.29362 1.082
2455417.2962 1.093
2455417.29933 1.097
2455417.30191 1.094
2455417.30456 1.096
2455417.30754 1.115
2455417.3101 1.128
2455417.31269 1.133
2455417.31566 1.145
2455417.31823 1.176
2455417.32081 1.196
2455417.32392 1.235
2455417.32916 1.293
2455417.33219 1.27
2455417.33476 1.304
