2455480.88714 0.992
2455480.8891 1.037
2455480.89107 1.034
2455480.89734 1.065
2455480.89933 1.038
2455480.90129 1.071
2455480.90741 1.056
2455480.90935 1.029
2455480.91131 1.005
2455480.9202 0.964
2455480.92213 0.941
2455480.92409 0.929
2455480.9331 0.887
2455480.93507 0.875
2455480.93703 0.856
2455480.94571 0.892
2455480.94766 0.881
2455480.94961 0.879
2455480.95838 0.902
2455480.96034 0.932
2455480.96228 0.927
2455480.97094 1.023
2455480.97288 0.992
2455480.97484 0.985
2455480.98372 0.885
2455480.98567 0.863
2455480.98762 0.867
2455480.99671 0.852
2455480.99866 0.831
2455481.00061 0.832
2455481.00932 0.845
2455481.01119 0.851
2455481.01314 0.855
2455481.02174 0.89
2455481.02361 0.922
2455481.02549 0.895
2455481.03403 0.943
2455481.0359 0.964
2455481.03778 0.973
2455481.04616 0.881
2455481.04803 0.847
2455481.04991 0.858
2455481.05846 0.816
2455481.06034 0.844
2455481.06221 0.858
2455481.07064 0.862
2455481.07251 0.848
2455481.07439 0.874
2455481.08326 0.932
2455481.0875 0.935
2455481.0959 0.952
2455481.09778 0.908
2455481.09965 0.878
2455481.10809 0.832
2455481.10997 0.839
2455481.11183 0.838
2455481.19135 0.833
2455481.19323 0.843
2455481.19512 0.829
