2455476.90635 0.351
2455476.90828 0.352
2455476.91021 0.367
2455476.91929 0.426
2455476.9212 0.383
2455476.92314 0.375
2455476.937 0.413
2455476.93895 0.4
2455476.94087 0.393
2455476.95448 0.465
2455476.95641 0.474
2455476.95833 0.508
2455476.97193 0.697
2455476.97384 0.718
2455476.97576 0.726
2455476.99113 0.61
2455476.99308 0.556
2455476.99504 0.588
2455477.00903 0.485
2455477.011 0.467
2455477.01293 0.483
2455477.02627 0.455
2455477.02822 0.442
2455477.03014 0.453
2455477.04346 0.4
2455477.04534 0.395
2455477.04723 0.348
2455477.06134 0.305
2455477.06322 0.286
2455477.06524 0.298
2455477.07857 0.34
2455477.08044 0.352
2455477.0823 0.339
2455477.09634 0.455
2455477.09822 0.416
2455477.1001 0.409
2455477.11341 0.297
2455477.11529 0.295
2455477.11716 0.272
2455477.13049 0.329
2455477.13237 0.285
2455477.13425 0.264
2455477.14758 0.331
2455477.14946 0.351
2455477.15133 0.36
2455477.16478 0.347
2455477.16667 0.304
2455477.16853 0.314
2455477.18213 0.255
2455477.18402 0.261
2455477.18589 0.259
2455477.19928 0.299
2455477.20116 0.288
2455477.20303 0.3
2455477.21655 0.405
2455477.21843 0.4
2455477.22031 0.403
