2455429.01326 -0.188
2455429.01687 -0.154
2455429.02048 -0.255
2455429.02408 -0.214
2455429.02769 -0.227
2455429.0313 -0.241
2455429.0349 -0.226
2455429.03851 -0.22
2455429.04212 -0.256
2455429.04711 -0.263
2455429.05071 -0.233
2455429.05432 -0.238
2455429.05792 -0.234
2455429.06152 -0.194
2455429.06513 -0.148
2455429.06871 -0.142
2455429.07232 -0.093
2455429.07593 -0.134
2455429.07953 -0.158
2455429.08313 -0.131
2455429.08674 -0.156
2455429.09035 -0.228
2455429.09395 -0.276
2455429.09754 -0.295
2455429.10113 -0.308
2455429.10473 -0.298
2455429.10834 -0.333
2455429.11193 -0.314
2455429.11552 -0.34
2455429.11914 -0.322
2455429.12272 -0.303
2455429.12632 -0.295
2455429.12993 -0.231
2455429.13353 -0.174
2455429.13715 -0.138
2455429.14075 -0.22
2455429.14435 -0.31
2455429.14794 -0.344
2455429.15155 -0.357
2455429.15515 -0.359
2455429.15875 -0.353
2455429.16234 -0.357
2455429.16593 -0.361
2455429.16953 -0.382
2455429.1732 -0.346
2455429.1768 -0.364
2455429.18039 -0.331
2455429.18399 -0.334
2455429.21498 -0.351
2455429.21857 -0.347
2455429.22217 -0.374
2455429.22578 -0.373
2455429.22939 -0.364
2455429.23298 -0.39
2455429.23658 -0.374
2455429.24018 -0.375
2455429.24379 -0.358
2455429.24738 -0.325
2455429.251 -0.282
2455429.25461 -0.25
2455429.25823 -0.176
2455429.26182 -0.258
2455429.26541 -0.333
2455429.26904 -0.361
2455429.27264 -0.405
2455429.27625 -0.422
