2455175.53772 14.893
2455175.54095 14.9
2455175.5442 14.88
2455175.54743 14.85
2455175.55065 14.863
2455175.55709 14.863
2455175.56031 14.879
2455175.56349 14.899
2455175.56673 14.892
2455175.58402 14.925
2455175.58723 14.894
2455175.59388 14.886
2455175.59718 14.888
2455175.60046 14.898
2455175.62987 14.964
2455175.63311 14.975
2455175.63641 14.935
2455175.63967 14.894
2455175.65611 14.867
2455175.65939 14.892
2455175.66712 14.898
2455175.67039 14.914
2455175.67368 14.925
2455175.68027 14.968
2455175.68678 14.958
2455175.69007 14.953
2455175.69335 14.936
2455175.69757 14.934
2455175.70413 14.927
2455175.70742 14.926
2455175.75396 14.922
2455175.75717 14.928
2455175.7604 14.921
2455175.76472 14.933
2455175.76793 14.932
2455175.77116 14.939
2455175.77758 14.956
2455175.78084 14.969
2455175.78406 15.0
2455175.78725 15.028
2455175.79046 15.035
2455175.79364 15.053
2455175.79799 15.041
2455175.80121 15.009
2455175.80442 15.009
2455175.8173 14.989
2455175.82376 14.976
2455175.827 14.97
2455175.83126 14.978
2455175.83449 14.988
2455175.84739 14.995
2455175.8506 14.97
2455175.85383 14.934
2455175.85705 14.902
2455175.86028 14.9
2455175.86438 14.877
2455175.8676 14.868
2455175.88048 14.9
2455175.88371 14.917
2455175.88694 14.934
2455175.89018 14.948
2455175.89341 14.974
2455175.89773 14.972
2455175.90098 14.941
2455175.9042 14.94
2455175.91064 14.91
2455175.92039 14.915
2455175.92362 14.918
2455175.93097 14.923
2455175.9374 14.927
2455175.94385 14.934
2455175.94706 14.927
2455175.95027 14.923
2455175.95673 14.911
2455175.95995 14.91
2455175.97692 14.872
2455175.98013 14.867
2455175.98336 14.876
2455175.98658 14.869
2455175.99303 14.891
2455176.0197 14.867
2455176.02291 14.877
2455176.02614 14.873
2455176.03042 14.892
2455176.03365 14.905
2455176.03688 14.91
2455176.04334 14.918
