2453364.80653 15.267
2453364.80861 15.255
2453364.81068 15.266
2453364.81274 15.265
2453364.81477 15.223
2453364.81679 15.285
2453364.81882 15.266
2453364.82089 15.244
2453364.82296 15.311
2453364.82502 15.26
2453364.82708 15.286
2453364.82915 15.234
2453364.83122 15.263
2453364.83329 15.269
2453364.83536 15.288
2453364.8401 15.28
2453364.84217 15.277
2453364.84424 15.254
2453364.84631 15.287
2453364.84837 15.271
2453364.85044 15.324
2453364.85251 15.298
2453364.85457 15.295
2453364.85663 15.318
2453364.8587 15.324
2453364.86077 15.315
2453364.86283 15.344
2453364.8649 15.365
2453364.86697 15.362
2453364.86902 15.322
2453364.87377 15.348
2453364.87583 15.374
2453364.87791 15.352
2453364.87997 15.346
2453364.88204 15.302
2453364.8841 15.279
2453364.88616 15.3
2453364.88822 15.249
2453364.89029 15.285
2453364.89235 15.293
2453364.89441 15.293
2453364.89648 15.279
2453364.89853 15.3
2453364.90059 15.323
2453364.90266 15.351
2453364.90739 15.357
2453364.90948 15.37
2453364.91156 15.275
2453364.91362 15.331
2453364.91568 15.347
2453364.91776 15.387
2453364.91983 15.354
2453364.92189 15.354
2453364.92395 15.375
2453364.92602 15.363
2453364.92808 15.392
2453364.93014 15.366
2453364.9322 15.349
2453364.93632 15.344
2453364.94104 15.317
2453364.94309 15.327
2453364.94515 15.352
2453364.94721 15.326
2453364.94927 15.305
2453364.95133 15.284
2453364.95339 15.252
2453364.95545 15.324
2453364.95752 15.304
2453364.96782 15.276
2453364.96989 15.302
2453364.99109 15.3
2453364.99315 15.282
2453364.99521 15.246
2453364.99727 15.285
2453364.99934 15.212
2453365.0014 15.247
2453365.00346 15.248
2453365.02675 15.254
2453365.03087 15.33
2453365.03292 15.296
2453365.03497 15.261
2453365.03702 15.334
2453365.04177 15.289
2453365.04382 15.291
2453365.04588 15.273
2453365.04794 15.297
2453365.05 15.254
