2453365.79298 15.276
2453365.79567 15.306
2453365.79834 15.292
2453365.80101 15.247
2453365.80904 15.229
2453365.81443 15.236
2453365.82312 15.279
2453365.82581 15.267
2453365.82851 15.331
2453365.8312 15.31
2453365.8339 15.361
2453365.8366 15.334
2453365.83929 15.346
2453365.84199 15.3
2453365.84468 15.317
2453365.84737 15.247
2453365.85007 15.234
2453365.85276 15.239
2453365.85545 15.24
2453365.85813 15.223
2453365.86082 15.254
2453365.87491 15.193
2453365.87761 15.185
2453365.8803 15.275
2453365.883 15.258
2453365.88568 15.286
2453365.88838 15.298
2453365.89107 15.263
2453365.89376 15.281
2453365.89645 15.211
2453365.89913 15.275
2453365.90182 15.281
2453365.9045 15.285
2453365.91049 15.25
2453365.91318 15.265
2453365.91587 15.203
2453365.91856 15.264
2453365.92125 15.278
2453365.92394 15.283
2453365.92662 15.263
2453365.92931 15.276
2453365.93201 15.274
2453365.93471 15.345
2453365.9374 15.329
2453365.94009 15.365
2453365.94279 15.284
2453365.94547 15.299
2453365.94816 15.279
2453365.98101 15.276
2453365.98369 15.378
2453365.99774 15.391
2453366.0031 15.324
2453366.02188 15.197
2453366.02457 15.179
2453366.02726 15.194
2453366.03263 15.21
