2453381.63167 14.783
2453381.63374 14.793
2453381.63582 14.769
2453381.63789 14.805
2453381.63997 14.85
2453381.642 14.789
2453381.64407 14.786
2453381.64614 14.778
2453381.64821 14.771
2453381.65028 14.763
2453381.65235 14.756
2453381.65442 14.748
2453381.65649 14.756
2453381.66126 14.767
2453381.66332 14.768
2453381.66539 14.757
2453381.66746 14.786
2453381.66954 14.84
2453381.6716 14.816
2453381.67367 14.795
2453381.67575 14.79
2453381.67782 14.747
2453381.6799 14.782
2453381.68196 14.769
2453381.68403 14.744
2453381.68611 14.72
2453381.68818 14.726
2453381.69026 14.745
2453381.69502 14.795
2453381.69709 14.805
2453381.69916 14.787
2453381.70123 14.794
2453381.7033 14.774
2453381.70535 14.756
2453381.70738 14.768
2453381.70943 14.781
2453381.71146 14.789
2453381.7135 14.779
2453381.71554 14.78
2453381.71758 14.775
2453381.71964 14.775
2453381.72168 14.779
2453381.72371 14.778
2453381.72834 14.776
2453381.73037 14.785
2453381.73241 14.784
2453381.73444 14.768
2453381.73647 14.754
2453381.73849 14.753
2453381.74053 14.717
2453381.74255 14.739
2453381.74459 14.755
2453381.74662 14.722
2453381.74865 14.726
2453381.75068 14.746
2453381.75271 14.773
2453381.75474 14.754
2453381.7568 14.757
2453381.76157 14.751
2453381.76364 14.748
2453381.76571 14.74
2453381.76778 14.749
2453381.76983 14.759
2453381.7719 14.799
2453381.77397 14.777
2453381.77604 14.768
2453381.7781 14.789
2453381.78017 14.797
2453381.7822 14.804
2453381.78422 14.799
2453381.78625 14.758
2453381.78831 14.73
2453381.79038 14.734
2453381.79513 14.712
2453381.79719 14.736
2453381.79927 14.734
2453381.80134 14.745
2453381.80341 14.737
2453381.80547 14.761
2453381.80754 14.769
2453381.80961 14.801
2453381.81169 14.782
2453381.81375 14.758
2453381.81582 14.742
2453381.81789 14.755
2453381.81996 14.756
2453381.82198 14.77
2453381.82405 14.787
2453381.82865 14.795
2453381.83068 14.776
2453381.8327 14.794
2453381.83473 14.787
2453381.83679 14.786
2453381.83885 14.778
2453381.84093 14.745
2453381.84919 14.734
2453381.85126 14.728
2453381.85333 14.732
2453381.8554 14.71
2453381.85746 14.733
2453381.86222 14.755
2453381.86428 14.756
2453381.86635 14.76
2453381.86841 14.758
2453381.87046 14.735
2453381.87253 14.762
2453381.87458 14.751
2453381.87664 14.757
2453381.8787 14.76
2453381.88075 14.787
2453381.88282 14.785
2453381.88489 14.815
2453381.88694 14.794
2453381.88901 14.768
2453381.89107 14.77
2453381.90404 14.745
2453381.90611 14.704
2453381.90818 14.735
2453381.91229 14.776
2453381.91435 14.788
2453381.91643 14.813
2453381.92054 14.791
