2455165.58964 15.053
2455165.59216 15.051
2455165.59469 15.05
2455165.59721 15.044
2455165.59972 15.037
2455165.60583 15.055
2455165.60836 15.054
2455165.61088 15.066
2455165.6134 15.063
2455165.61592 15.09
2455165.61844 15.132
2455165.62097 15.139
2455165.62349 15.109
2455165.62601 15.144
2455165.62952 15.126
2455165.63206 15.126
2455165.63459 15.105
2455165.63712 15.077
2455165.63967 15.06
2455165.64472 15.07
2455165.64976 15.054
2455165.65228 15.052
2455165.65587 15.091
2455165.6584 15.101
2455165.66092 15.081
2455165.66342 15.084
2455165.66593 15.095
2455165.66843 15.094
2455165.67096 15.112
2455165.67347 15.117
2455165.676 15.116
2455165.67854 15.104
2455165.68205 15.106
2455165.68458 15.104
2455165.6871 15.097
2455165.68965 15.068
2455165.69216 15.062
2455165.69468 15.033
2455165.69719 15.052
2455165.69973 15.047
2455165.70223 15.027
2455165.70475 15.022
2455165.70827 15.024
2455165.71078 15.04
2455165.71329 15.04
2455165.7158 15.043
2455165.71831 15.06
2455165.72085 15.081
2455165.72336 15.062
2455165.72586 15.101
2455165.72838 15.084
2455165.7309 15.127
2455165.73446 15.122
2455165.73697 15.111
2455165.73948 15.068
2455165.7471 15.058
2455165.75474 15.061
2455165.75729 15.067
2455165.76092 15.108
2455165.76342 15.11
2455165.76599 15.107
2455165.76855 15.105
2455165.77107 15.087
2455165.7736 15.076
2455165.77612 15.081
2455165.79227 15.081
2455165.79479 15.074
2455165.79733 15.06
2455165.79985 15.051
2455165.80237 15.037
2455165.80489 15.042
2455165.80739 15.03
2455165.80992 15.03
2455165.81328 15.018
2455165.81579 15.037
2455165.8183 15.042
2455165.82084 15.045
2455165.82336 15.033
2455165.82586 15.059
2455165.82838 15.07
2455165.83091 15.083
2455165.83345 15.071
2455165.83597 15.095
2455165.83929 15.105
2455165.84181 15.114
2455165.84433 15.09
2455165.84684 15.085
2455165.84941 15.057
2455165.85193 15.051
2455165.85703 15.059
2455165.8596 15.053
2455165.86216 15.067
2455165.86818 15.081
2455165.8707 15.101
2455165.8732 15.097
2455165.87573 15.102
2455165.87826 15.088
2455165.88079 15.118
2455165.8833 15.094
2455165.88584 15.096
2455165.88835 15.11
2455165.89173 15.098
2455165.89429 15.093
2455165.90184 15.074
2455165.90435 15.068
2455165.90687 15.071
2455165.90939 15.051
2455165.91193 15.044
2455165.91447 15.053
2455165.91776 15.021
2455165.92027 15.035
2455165.92279 15.048
2455165.92531 15.046
2455165.92784 15.036
2455165.93035 15.056
2455165.93287 15.061
2455165.93539 15.075
2455165.93795 15.087
2455165.94045 15.099
2455165.94402 15.114
2455165.94655 15.125
2455165.94906 15.12
2455165.9541 15.1
2455165.95662 15.08
2455165.95913 15.065
2455165.96165 15.059
2455165.96418 15.07
2455165.9667 15.069
2455165.97002 15.076
2455165.97254 15.082
2455165.97508 15.1
2455165.97759 15.114
2455165.9801 15.115
2455165.98511 15.108
2455165.98763 15.112
2455165.99014 15.117
2455165.99266 15.115
2455165.99596 15.118
2455165.99849 15.12
2455166.00102 15.143
2455166.00355 15.147
2455166.0061 15.148
2455166.00864 15.142
2455166.01119 15.137
2455166.01373 15.116
2455166.01626 15.116
2455166.01879 15.1
2455166.02229 15.085
2455166.02482 15.079
2455166.02732 15.089
2455166.02986 15.1
2455166.03237 15.111
2455166.03488 15.111
2455166.03741 15.107
