2453372.812 15.062
2453372.81392 15.069
2453372.81584 15.093
2453372.81778 15.101
2453372.81967 15.085
2453372.82159 15.125
2453372.82353 15.12
2453372.82544 15.109
2453372.82736 15.096
2453372.82927 15.129
2453372.83118 15.094
2453372.83497 15.104
2453372.83688 15.129
2453372.8388 15.097
2453372.8431 15.137
2453372.845 15.103
2453372.84688 15.069
2453372.84879 15.079
2453372.8507 15.08
2453372.85259 15.052
2453372.85449 15.065
2453372.8564 15.005
2453372.85831 15.02
2453372.86019 15.008
2453372.8621 15.037
2453372.86399 14.993
2453372.8659 14.997
2453372.86781 14.992
2453372.8697 15.043
2453372.87372 15.035
2453372.87562 15.042
2453372.87752 15.038
2453372.87941 15.067
2453372.88131 15.019
2453372.88319 15.032
2453372.8851 15.029
2453372.88889 15.055
2453372.89078 15.041
2453372.89269 15.048
2453372.89458 15.004
2453372.89649 15.07
2453372.89839 15.086
2453372.9003 15.062
2453372.90429 15.053
2453372.90618 15.022
2453372.90811 14.994
2453372.91 15.015
2453372.91191 14.976
2453372.91381 14.981
2453372.91569 15.021
2453372.91761 15.008
2453372.91953 15.026
2453372.92144 15.052
2453372.92911 15.058
2453372.93722 15.045
2453372.93913 15.016
2453372.94105 15.054
2453372.94298 15.043
2453372.94488 15.031
2453372.9468 15.051
2453372.94871 15.095
2453372.95065 15.088
2453372.95257 15.057
2453372.95449 15.01
2453372.95639 15.024
2453372.95832 15.023
2453372.96023 15.039
2453372.96216 15.041
2453372.96643 14.997
2453372.96835 15.021
2453372.97026 15.032
2453372.9722 15.032
2453372.97412 15.042
2453372.98752 15.06
2453372.99137 15.035
2453372.9933 15.015
2453372.99758 15.068
2453372.9995 15.009
2453373.00141 15.043
2453373.00333 15.042
2453373.00525 15.021
2453373.00716 15.05
2453373.00908 15.05
2453373.011 15.05
2453373.01293 15.034
2453373.01867 15.02
2453373.02059 15.035
2453373.02251 15.058
2453373.02443 15.001
2453373.02872 15.021
2453373.03254 15.068
2453373.03445 15.078
2453373.03637 15.044
2453373.03828 15.075
2453373.04021 15.052
2453373.04211 15.058
2453373.04403 15.065
2453373.04787 15.092
2453373.04979 15.032
2453373.05171 15.043
