2455166.585 15.111
2455166.58754 15.125
2455166.59005 15.115
2455166.59257 15.138
2455166.59509 15.096
2455166.59865 15.06
2455166.60118 15.044
2455166.60371 15.031
2455166.60624 15.032
2455166.60875 15.039
2455166.6113 15.076
2455166.61381 15.072
2455166.61633 15.107
2455166.61886 15.092
2455166.62143 15.121
2455166.62494 15.111
2455166.62742 15.114
2455166.62995 15.099
2455166.63249 15.123
2455166.63502 15.09
2455166.63752 15.11
2455166.64004 15.075
2455166.64256 15.095
2455166.64508 15.094
2455166.64759 15.101
2455166.65119 15.073
2455166.6537 15.067
2455166.65623 15.029
2455166.65874 15.034
2455166.66126 15.03
2455166.66377 15.024
2455166.66629 15.007
2455166.66882 15.018
2455166.67134 15.03
2455166.67387 15.036
2455166.67739 15.03
2455166.67992 15.007
2455166.68245 15.017
2455166.68497 15.025
2455166.68752 15.059
2455166.69005 15.058
2455166.69255 15.103
2455166.69508 15.099
2455166.70011 15.08
2455166.70361 15.069
2455166.70611 15.051
2455166.70866 15.032
2455166.71118 15.04
2455166.71369 15.033
2455166.71622 15.025
2455166.7299 15.061
2455166.73242 15.075
2455166.73495 15.067
2455166.74002 15.095
2455166.74254 15.082
2455166.75623 15.034
2455166.75872 15.036
2455166.76122 15.021
2455166.76372 15.023
2455166.76625 15.005
2455166.76876 15.007
2455166.77129 14.998
2455166.77382 14.98
2455166.77638 15.015
2455166.77891 15.007
2455166.78225 15.044
2455166.7848 15.037
2455166.78733 15.043
2455166.78985 15.042
2455166.79238 15.06
2455166.79489 15.069
2455166.7974 15.064
2455166.79991 15.062
2455166.80243 15.075
2455166.80496 15.101
2455166.80829 15.073
2455166.81079 15.053
2455166.8133 15.035
2455166.81584 15.013
2455166.81836 15.01
2455166.8209 15.026
2455166.82342 15.028
2455166.82594 15.059
2455166.83103 15.068
2455166.83434 15.102
2455166.83687 15.099
2455166.83938 15.091
2455166.8419 15.077
2455166.84442 15.074
2455166.84692 15.087
2455166.84947 15.082
2455166.85198 15.077
2455166.8545 15.094
2455166.85704 15.071
2455166.86031 15.086
2455166.86283 15.062
2455166.86533 15.071
2455166.86785 15.061
2455166.87038 15.04
2455166.8729 15.031
2455166.87543 15.02
2455166.87794 15.023
2455166.88044 15.0
2455166.88297 15.013
2455166.88628 15.039
2455166.8888 15.045
2455166.89131 15.038
2455166.89386 15.036
2455166.89638 15.04
2455166.89891 15.066
2455166.90144 15.076
2455166.90397 15.092
2455166.9065 15.077
2455166.90904 15.103
2455166.91234 15.122
2455166.91485 15.106
2455166.91739 15.095
2455166.91991 15.082
2455166.92243 15.071
2455166.92495 15.068
2455166.93504 15.073
2455166.93857 15.07
2455166.97215 15.063
2455166.97466 15.076
2455166.9772 15.088
2455166.97974 15.093
2455166.98226 15.096
2455166.9848 15.076
2455166.98735 15.086
2455166.99068 15.093
2455166.9932 15.078
2455166.99574 15.082
2455166.99825 15.098
2455167.00079 15.108
2455167.00331 15.13
2455167.00582 15.136
2455167.00834 15.159
2455167.01085 15.152
2455167.01336 15.175
2455167.01686 15.178
2455167.01938 15.162
2455167.02188 15.131
2455167.02441 15.115
2455167.02696 15.106
2455167.02948 15.087
2455167.032 15.091
2455167.03452 15.086
2455167.03706 15.095
2455167.0396 15.067
