2453947.65619 0.632
2453947.66282 0.662
2453947.66447 0.672
2453947.66612 0.675
2453947.66775 0.688
2453947.6694 0.689
2453947.67106 0.692
2453947.67269 0.681
2453947.67431 0.674
2453947.67594 0.66
2453947.67756 0.637
2453947.67918 0.649
2453947.68457 0.608
2453947.68619 0.591
2453947.70074 0.636
2453947.70236 0.648
2453947.70398 0.639
2453947.7056 0.655
2453947.70722 0.642
2453947.71204 0.664
2453947.71367 0.657
2453947.72189 0.667
2453947.72675 0.661
2453947.72837 0.648
2453947.72999 0.649
2453947.73161 0.635
2453947.73865 0.613
2453947.7403 0.606
2453947.74196 0.607
2453947.74362 0.616
2453947.74693 0.614
2453947.75874 0.636
2453947.76039 0.626
2453947.76571 0.638
2453947.76736 0.653
2453947.76902 0.652
2453947.77068 0.659
2453947.77233 0.652
2453947.77564 0.665
2453947.77731 0.675
2453947.78062 0.661
2453947.78227 0.653
2453947.78393 0.635
2453947.78558 0.631
2453947.78724 0.608
2453947.78889 0.599
2453947.79418 0.588
2453947.79749 0.591
2453947.79914 0.591
2453947.8008 0.604
2453947.80246 0.614
2453947.80411 0.625
2453947.80576 0.626
2453947.80741 0.626
2453947.80906 0.631
2453947.81237 0.633
2453947.81403 0.633
2453947.81734 0.649
2453947.82393 0.654
2453947.82889 0.658
2453947.83055 0.646
2453947.83221 0.657
2453947.83387 0.661
2453947.83552 0.653
2453947.83717 0.65
2453947.83883 0.628
2453947.84049 0.629
2453947.8438 0.616
2453947.85127 0.621
2453947.85458 0.625
2453947.85789 0.626
2453947.86284 0.625
2453947.86614 0.627
2453947.86945 0.632
2453947.87112 0.628
2453947.87443 0.635
2453947.88119 0.664
2453947.88284 0.668
2453947.8845 0.67
2453947.88616 0.669
2453947.88781 0.685
2453947.89112 0.626
2453947.89278 0.619
2453947.89443 0.616
2453947.89609 0.606
2453947.89774 0.593
2453947.8994 0.597
2453947.90106 0.588
2453947.90272 0.585
2453947.90802 0.608
2453947.90967 0.617
2453947.91132 0.623
2453947.91297 0.628
2453947.91463 0.632
2453947.91629 0.631
2453947.91794 0.633
2453947.9196 0.628
2453947.92126 0.639
2453947.92955 0.653
2453947.9312 0.653
2453947.93652 0.655
2453947.93818 0.658
2453947.93983 0.668
2453947.94149 0.667
2453947.94314 0.656
2453947.9448 0.649
2453947.94645 0.635
2453947.9481 0.607
2453947.94976 0.612
2453947.95142 0.611
