2455179.81585 14.84
2455179.81905 14.811
2455179.8255 14.803
2455179.82873 14.81
2455179.83842 14.837
2455179.84254 14.837
2455179.84576 14.848
2455179.84897 14.856
2455179.85222 14.864
2455179.85537 14.871
2455179.85854 14.872
2455179.86172 14.862
2455179.86491 14.841
2455179.86812 14.826
2455179.87127 14.805
2455179.87556 14.817
2455179.87878 14.838
2455179.882 14.855
2455179.8852 14.871
2455179.88842 14.876
2455179.89168 14.854
2455179.89491 14.858
2455179.89812 14.839
2455179.90132 14.845
2455179.90885 14.854
2455179.91533 14.857
2455179.91855 14.847
2455179.92176 14.825
2455179.92495 14.817
2455179.92823 14.809
2455179.93466 14.799
2455179.9422 14.803
2455179.94541 14.808
2455179.95186 14.853
2455179.95507 14.857
2455179.96148 14.888
2455179.96466 14.866
2455179.96788 14.852
2455179.9711 14.819
2455179.97541 14.796
2455179.98184 14.801
2455179.98506 14.817
2455179.98827 14.838
2455179.99148 14.861
2455179.9947 14.879
2455179.99792 14.869
2455180.00433 14.859
2455180.01165 14.862
2455180.01492 14.855
2455180.01814 14.85
2455180.02136 14.844
2455180.02778 14.825
2455180.03424 14.804
2455180.03744 14.79
2455180.04149 14.777
