2455501.68736 16.512
2455501.68818 16.535
2455501.68899 16.522
2455501.6898 16.506
2455501.69061 16.486
2455501.69142 16.49
2455501.69304 16.519
2455501.69385 16.532
2455501.69954 16.57
2455501.70605 16.581
2455501.70686 16.605
2455501.70769 16.587
2455501.7085 16.585
2455501.70931 16.567
2455501.71012 16.574
2455501.71174 16.573
2455501.71255 16.578
2455501.71336 16.57
2455501.715 16.584
2455501.71581 16.595
2455501.71744 16.595
2455501.71825 16.621
2455501.71906 16.636
2455501.71987 16.633
2455501.72068 16.613
2455501.72149 16.592
2455501.7223 16.642
2455501.72311 16.619
2455501.72394 16.632
2455501.72475 16.657
2455501.72556 16.665
2455501.72637 16.64
2455501.72718 16.651
2455501.72799 16.658
2455501.7288 16.654
2455501.72961 16.68
2455501.73042 16.65
2455501.73123 16.628
2455501.73204 16.635
2455501.73285 16.651
2455501.73528 16.634
2455501.73609 16.662
2455501.7369 16.651
2455501.73771 16.682
2455501.73852 16.705
2455501.73933 16.648
2455501.74014 16.675
2455501.74095 16.665
2455501.74176 16.645
2455501.74257 16.659
2455501.74338 16.634
2455501.74419 16.67
2455501.745 16.623
2455501.74581 16.639
2455501.74662 16.703
2455501.74743 16.683
2455501.74824 16.678
2455501.74905 16.627
2455501.74986 16.61
2455501.75067 16.658
2455501.75148 16.64
2455501.75229 16.614
2455501.7531 16.587
2455501.75391 16.568
2455501.75472 16.588
2455501.75553 16.541
2455501.75634 16.613
2455501.75715 16.567
2455501.75796 16.58
2455501.75877 16.618
2455501.75958 16.561
2455501.76039 16.52
2455501.7612 16.545
2455501.76201 16.55
2455501.76284 16.511
2455501.76365 16.545
2455501.76446 16.506
2455501.76527 16.505
2455501.76608 16.512
2455501.76689 16.535
2455501.7677 16.489
2455501.76851 16.494
2455501.76932 16.521
2455501.77014 16.487
2455501.77095 16.51
2455501.77176 16.465
2455501.77258 16.482
2455501.77339 16.52
2455501.7742 16.494
2455501.77501 16.489
2455501.78311 16.546
2455501.78473 16.553
2455501.78554 16.564
2455501.78716 16.548
2455501.85532 16.565
2455501.85613 16.563
2455501.85694 16.566
2455501.85776 16.585
2455501.85857 16.587
2455501.85938 16.606
2455501.86019 16.597
2455501.861 16.592
2455501.86181 16.566
2455501.86262 16.597
2455501.86343 16.587
2455501.86424 16.585
2455501.86505 16.612
2455501.86586 16.625
2455501.86667 16.594
2455501.86748 16.639
2455501.86829 16.626
2455501.8691 16.623
2455501.86991 16.595
2455501.87072 16.643
2455501.87154 16.661
2455501.87235 16.635
2455501.87316 16.669
2455501.87397 16.647
2455501.87478 16.641
2455501.87559 16.616
2455501.8764 16.658
2455501.87721 16.635
2455501.87802 16.615
2455501.87883 16.635
2455501.87964 16.639
2455501.88045 16.666
2455501.88127 16.664
2455501.88208 16.646
2455501.88289 16.615
2455501.8837 16.645
2455501.88451 16.634
2455501.88532 16.687
2455501.88613 16.609
2455501.88694 16.627
2455501.88857 16.627
2455501.88938 16.648
2455501.89019 16.66
2455501.891 16.643
2455501.89181 16.669
2455501.89262 16.686
2455501.89343 16.623
2455501.89424 16.622
2455501.89505 16.634
2455501.89586 16.572
2455501.89667 16.554
2455501.89748 16.589
2455501.89829 16.567
2455501.8991 16.577
2455501.90072 16.538
2455501.92183 16.545
2455501.92264 16.575
2455501.92427 16.551
2455501.92508 16.539
2455501.92589 16.543
2455501.9267 16.578
2455501.92751 16.528
2455501.92832 16.534
2455501.92913 16.566
2455501.92994 16.553
2455501.93075 16.571
2455501.93156 16.587
2455501.93237 16.606
2455501.93318 16.634
2455501.93401 16.593
2455501.93482 16.601
2455501.93563 16.637
2455501.93644 16.607
2455501.93725 16.654
2455501.93806 16.624
2455501.93887 16.642
2455501.93968 16.671
2455501.94049 16.646
2455501.9413 16.627
2455501.94211 16.715
2455501.94292 16.683
2455501.94373 16.693
2455501.94454 16.713
2455501.94535 16.658
2455501.94616 16.67
2455501.94697 16.673
2455501.94859 16.658
2455501.9494 16.644
2455501.95021 16.656
2455501.95103 16.637
2455501.95184 16.593
2455501.95265 16.603
2455501.95346 16.592
2455501.95427 16.565
2455501.95508 16.544
2455501.95589 16.57
2455501.9567 16.549
2455501.95751 16.537
2455501.95832 16.582
2455501.95913 16.542
2455501.95994 16.529
2455501.96075 16.541
2455501.96156 16.506
2455501.96237 16.49
2455501.96318 16.494
2455501.96399 16.473
2455501.9648 16.468
2455501.96563 16.467
2455501.96807 16.484
2455501.96888 16.487
2455501.96969 16.456
2455501.97131 16.482
2455501.99972 16.539
2455502.00541 16.559
2455502.00622 16.564
