2455502.66129 16.62
2455502.66211 16.615
2455502.66292 16.581
2455502.66454 16.58
2455502.66535 16.59
2455502.66778 16.576
2455502.66859 16.573
2455502.67021 16.593
2455502.67102 16.631
2455502.67183 16.607
2455502.68319 16.62
2455502.68401 16.665
2455502.68482 16.659
2455502.68563 16.63
2455502.68644 16.613
2455502.68725 16.674
2455502.68968 16.663
2455502.69049 16.599
2455502.6913 16.671
2455502.69292 16.61
2455502.69373 16.615
2455502.69535 16.604
2455502.69616 16.673
2455502.69697 16.683
2455502.69778 16.657
2455502.69859 16.629
2455502.6994 16.646
2455502.70102 16.689
2455502.70588 16.678
2455502.70669 16.608
2455502.7075 16.636
2455502.70831 16.615
2455502.70912 16.656
2455502.70993 16.621
2455502.71074 16.704
2455502.71155 16.657
2455502.71236 16.682
2455502.71317 16.653
2455502.71398 16.656
2455502.71479 16.673
2455502.7156 16.632
2455502.71641 16.641
2455502.71722 16.661
2455502.71803 16.698
2455502.71965 16.653
2455502.72046 16.628
2455502.72127 16.599
2455502.72208 16.634
2455502.72289 16.651
2455502.7237 16.632
2455502.72451 16.617
2455502.72532 16.646
2455502.72613 16.631
2455502.72694 16.625
2455502.73507 16.556
2455502.73993 16.537
2455502.74155 16.568
2455502.74398 16.53
2455502.74479 16.604
2455502.74641 16.575
2455502.74803 16.535
2455502.74884 16.566
2455502.74965 16.544
2455502.75046 16.576
2455502.75127 16.558
2455502.75208 16.594
2455502.75289 16.586
2455502.75372 16.588
2455502.75453 16.562
2455502.75534 16.573
2455502.75696 16.587
2455502.75777 16.606
2455502.75939 16.58
2455502.7602 16.591
2455502.76101 16.577
2455502.76264 16.586
2455502.76345 16.578
2455502.76751 16.549
2455502.76994 16.547
2455502.77157 16.551
2455502.77238 16.604
2455502.77319 16.562
2455502.77402 16.592
2455502.77564 16.576
2455502.77646 16.622
2455502.77727 16.631
2455502.77809 16.615
2455502.77972 16.593
2455502.78054 16.556
2455502.78135 16.598
2455502.78216 16.572
2455502.78298 16.62
2455502.78379 16.589
2455502.7846 16.582
2455502.78542 16.609
2455502.78623 16.552
2455502.78704 16.585
2455502.78785 16.548
2455502.79273 16.547
2455502.79354 16.532
2455502.79435 16.558
2455502.79516 16.558
2455502.79597 16.574
2455502.79678 16.533
2455502.79759 16.521
2455502.7984 16.537
2455502.79921 16.534
2455502.80004 16.519
2455502.80085 16.55
2455502.80166 16.555
2455502.80247 16.537
2455502.80328 16.56
2455502.80409 16.538
2455502.8049 16.526
2455502.80571 16.58
2455502.80652 16.527
2455502.80733 16.595
2455502.80814 16.513
2455502.80895 16.481
2455502.80976 16.496
2455502.81057 16.516
2455502.81138 16.556
2455502.81219 16.495
2455502.813 16.499
2455502.81381 16.563
2455502.81463 16.517
2455502.81544 16.482
2455502.81625 16.517
2455502.81706 16.476
2455502.81787 16.472
2455502.81868 16.493
2455502.81949 16.514
2455502.8203 16.528
2455502.82111 16.533
2455502.82192 16.5
2455502.82273 16.503
2455502.82354 16.554
2455502.82435 16.554
2455502.82516 16.546
2455502.82597 16.589
2455502.82678 16.548
2455502.82759 16.577
2455502.8284 16.582
2455502.82921 16.574
2455502.83083 16.58
2455502.83166 16.571
2455502.83247 16.544
2455502.83328 16.577
2455502.83409 16.59
2455502.8349 16.596
2455502.83571 16.582
2455502.83652 16.587
2455502.83733 16.57
2455502.83814 16.594
2455502.83895 16.582
2455502.83976 16.621
2455502.84057 16.607
2455502.84138 16.607
2455502.84219 16.571
2455502.843 16.594
2455502.84544 16.558
2455502.84625 16.558
2455502.84706 16.578
2455502.84787 16.604
2455502.84868 16.604
2455502.84949 16.596
2455502.8503 16.546
2455502.85111 16.586
2455502.85192 16.587
2455502.85273 16.571
2455502.85354 16.558
2455502.85435 16.622
2455502.85516 16.633
2455502.85598 16.567
2455502.85679 16.578
2455502.8576 16.582
2455502.85841 16.575
2455502.85923 16.587
2455502.86004 16.565
2455502.86085 16.597
2455502.86166 16.576
2455502.86248 16.582
2455502.86329 16.603
2455502.8641 16.544
2455502.86491 16.584
2455502.86572 16.557
2455502.86653 16.619
2455502.86734 16.534
2455502.86815 16.589
2455502.86896 16.515
2455502.86978 16.494
2455502.87059 16.515
2455502.8714 16.526
2455502.87221 16.488
2455502.87302 16.484
2455502.87383 16.48
2455502.87464 16.472
2455502.87545 16.467
2455502.87626 16.475
2455502.87707 16.502
2455502.87788 16.504
2455502.87869 16.487
2455502.8795 16.476
2455502.88032 16.505
2455502.88113 16.491
2455502.88194 16.495
2455502.88276 16.519
2455502.88438 16.511
2455502.88519 16.486
2455502.886 16.521
2455502.88681 16.517
2455502.88762 16.493
2455502.88843 16.508
2455502.88924 16.507
2455502.89653 16.502
2455502.89734 16.536
2455502.89815 16.546
2455502.89896 16.519
2455502.89977 16.509
2455502.90058 16.526
2455502.90139 16.516
2455502.9022 16.557
2455502.90301 16.528
2455502.90382 16.572
2455502.90463 16.536
2455502.90544 16.541
2455502.90625 16.531
2455502.90706 16.545
2455502.90787 16.56
2455502.90868 16.552
2455502.90949 16.571
2455502.9103 16.58
2455502.91111 16.575
2455502.91192 16.588
2455502.91273 16.549
2455502.91354 16.576
2455502.91435 16.586
2455502.91516 16.573
2455502.91597 16.576
2455502.91678 16.581
2455502.91759 16.536
2455502.9184 16.568
2455502.91921 16.597
2455502.92002 16.608
2455502.92083 16.619
2455502.92164 16.636
2455502.92245 16.636
2455502.92409 16.602
2455502.9249 16.604
2455502.92733 16.602
2455502.92814 16.581
2455502.94516 16.508
2455502.94597 16.519
2455502.94759 16.516
2455502.94921 16.532
2455502.95002 16.483
2455502.95083 16.509
2455502.95164 16.534
2455502.95245 16.516
2455502.95326 16.519
2455502.95407 16.499
2455502.96056 16.51
2455502.96137 16.541
2455502.96219 16.487
2455502.963 16.528
2455502.96462 16.493
2455502.96543 16.523
2455502.96624 16.593
2455502.96705 16.597
2455502.96786 16.538
2455502.96867 16.641
2455502.96949 16.577
2455502.9703 16.608
2455502.97111 16.635
2455502.97192 16.619
2455502.97273 16.583
2455502.97354 16.59
2455502.97436 16.567
2455502.97517 16.56
2455502.97598 16.607
2455502.97679 16.633
2455502.9776 16.662
2455502.97841 16.623
2455502.97924 16.607
2455502.98005 16.608
2455502.98086 16.657
2455502.98167 16.599
2455502.98248 16.591
2455502.98329 16.631
2455502.98411 16.581
2455502.98492 16.626
2455502.98573 16.652
2455502.98654 16.612
2455502.98735 16.614
2455502.98817 16.634
2455502.98898 16.649
2455502.99141 16.64
2455502.99222 16.643
2455502.99465 16.599
2455502.99627 16.583
2455502.99791 16.596
2455502.99953 16.577
