2455932.64715 14.638
2455932.65037 14.583
2455932.66813 14.551
2455932.67682 14.613
2455932.68969 14.747
2455932.70311 14.668
2455932.71032 14.590
2455932.72059 14.533
2455932.73005 14.561
2455932.73916 14.657
2455932.74598 14.728
2455932.76160 14.679
2455932.76861 14.585
2455932.78930 14.563
2455932.79695 14.653
2455932.82320 14.638
2455932.83013 14.573
2455932.84196 14.544
2455932.84488 14.553
2455932.87697 14.697
2455932.88895 14.554
2455932.89757 14.524
2455932.92804 14.742
2455932.93947 14.647
2455932.94210 14.624
2455932.94336 14.600
2455932.94449 14.599
2455932.94657 14.576
2455932.94778 14.567
2455932.94892 14.562
2455932.95699 14.527
2455932.95832 14.525
2455932.95943 14.530
2455932.97475 14.654
2455932.97594 14.674
2455932.97728 14.681
2455932.97861 14.698
2455932.98854 14.730
2455932.99134 14.725
2455933.01300 14.514
2455933.02366 14.540
2455933.03224 14.637
2455933.04085 14.732
2455933.05576 14.650
2455933.05781 14.624
2455933.05900 14.608
2455933.06334 14.568
2455933.06538 14.555
2455933.06663 14.543
2455933.06774 14.531
2455933.06886 14.535
2455933.06997 14.523
