2454320.96785 1.342
2454320.96985 1.373
2454320.97245 1.38
2454320.98241 1.393
2454320.98404 1.414
2454320.98566 1.419
2454320.99465 1.332
2454320.99627 1.304
2454320.99791 1.309
2454321.00705 1.244
2454321.00867 1.242
2454321.0103 1.228
2454321.0195 1.314
2454321.02112 1.31
2454321.02276 1.318
2454321.03243 1.403
2454321.03409 1.398
2454321.03572 1.397
2454321.06159 1.252
2454321.06322 1.254
2454321.06488 1.22
2454321.07406 1.25
2454321.07569 1.247
2454321.07732 1.283
2454321.08654 1.356
2454321.08817 1.391
2454321.0898 1.406
2454321.09941 1.404
2454321.10103 1.4
2454321.10329 1.401
2454321.11185 1.333
2454321.11348 1.332
2454321.11576 1.308
2454321.12426 1.279
2454321.12653 1.268
2454321.12829 1.249
2454321.13771 1.297
2454321.13934 1.329
2454321.14097 1.351
2454321.15034 1.414
2454321.152 1.421
2454321.1537 1.447
2454321.16296 1.426
2454321.16484 1.424
2454321.16656 1.376
2454321.17586 1.295
2454321.17752 1.277
2454321.17919 1.258
2454321.18861 1.247
2454321.19043 1.221
2454321.20196 1.372
2454321.20416 1.34
2454321.20604 1.366
2454321.21546 1.414
2454321.2171 1.424
2454321.21876 1.418
2454321.23014 1.336
2454321.23177 1.323
2454321.2334 1.306
2454321.24291 1.279
2454321.24454 1.264
2454321.24617 1.277
2454321.25554 1.344
2454321.25735 1.354
2454321.25968 1.377
2454321.26201 1.394
2454321.26369 1.453
2454321.26543 1.391
