2454318.98951 0.491
2454318.99352 0.48
2454318.99659 0.457
2454319.02126 0.432
2454319.02433 0.46
2454319.02833 0.484
2454319.04632 0.579
2454319.05039 0.528
2454319.05347 0.49
2454319.07271 0.361
2454319.07579 0.362
2454319.07887 0.403
2454319.09774 0.544
2454319.10082 0.551
2454319.10427 0.528
2454319.12448 0.398
2454319.12756 0.403
2454319.13156 0.409
2454319.14951 0.546
2454319.15359 0.55
2454319.15669 0.577
2454319.17593 0.446
2454319.17901 0.414
2454319.18208 0.367
2454319.20098 0.449
2454319.20406 0.475
2454319.20714 0.51
2454319.22608 0.499
2454319.22916 0.45
