2456121.6654 16.924
2456121.66906 16.895
2456121.67274 16.869
2456121.6764 17.038
2456121.68008 17.037
2456121.68375 16.971
2456121.68741 16.956
2456121.69108 16.977
2456121.69474 17.094
2456121.71055 17.013
2456121.71422 16.936
2456121.7179 16.877
2456121.72157 16.881
2456121.72524 16.895
2456121.7289 16.858
2456121.73257 16.87
2456121.73623 16.864
2456121.74504 16.916
2456121.74872 16.982
2456121.75238 17.033
2456121.75604 17.058
2456121.77072 16.995
2456121.77806 16.962
2456121.79378 16.847
2456121.80112 16.781
2456121.80479 16.81
2456121.80846 16.885
2456121.81212 16.959
2456121.81578 17.062
2456121.82794 17.118
2456121.85363 16.933
2456121.88383 17.077
2456121.88751 17.045
2456121.89117 17.107
2456121.89852 16.989
2456121.90219 16.975
2456121.91075 16.919
2456121.91443 16.92
2456121.91811 16.949
2456121.92178 16.941
2456121.93277 16.884
