2453264.60776 1.734
2453264.60979 1.725
2453264.61188 1.737
2453264.61395 1.735
2453264.61603 1.767
2453264.62018 1.786
2453264.62225 1.816
2453264.62432 1.844
2453264.6264 1.823
2453264.62847 1.839
2453264.63261 1.857
2453264.63791 1.887
2453264.64828 1.96
2453264.6545 2.021
2453264.66072 2.019
2453264.73569 1.947
2453264.74099 1.943
2453264.74306 1.864
2453264.74513 1.914
2453264.7472 1.854
2453264.74926 1.859
2453264.75133 1.815
2453264.75548 1.841
2453264.76169 1.796
2453264.76584 1.764
2453264.77945 1.79
2453264.78152 1.781
2453264.78566 1.847
2453264.78773 1.823
2453264.78981 1.884
2453264.79189 1.868
2453264.79395 1.869
2453264.79602 1.88
2453264.7981 1.923
2453264.80017 1.934
2453264.80224 1.985
2453264.80431 1.994
2453264.80961 2.003
2453264.81168 2.003
2453264.81376 2.048
2453264.8179 2.028
2453264.81997 1.984
2453264.82205 1.966
2453264.82412 1.991
2453264.82619 1.876
2453264.82827 1.847
2453264.83035 1.809
2453264.83242 1.773
2453264.83448 1.754
2453264.83656 1.691
2453264.83863 1.66
2453264.85015 1.637
2453264.85223 1.653
2453264.8543 1.682
2453264.85637 1.65
2453264.85844 1.692
2453264.86051 1.677
2453264.86465 1.751
2453264.86672 1.746
2453264.86879 1.825
2453264.87086 1.846
2453264.87824 1.907
2453264.88239 1.954
2453264.88656 2.029
2453264.88862 2.006
2453264.8907 2.015
2453264.89277 2.052
2453264.89692 1.999
2453264.89898 2.009
2453264.90312 1.881
2453264.91464 1.861
2453264.92085 1.731
2453264.92498 1.736
2453264.92913 1.724
2453264.93119 1.717
2453264.93327 1.723
2453264.94685 1.83
2453264.94891 1.811
2453264.95098 1.839
2453264.95306 1.857
2453264.95513 1.892
2453264.95719 1.96
2453264.95926 1.936
2453264.96133 1.956
2453264.96341 2.019
2453264.97584 1.981
