2456678.6242 -0.473
2456678.63331 -0.352
2456678.64038 -0.188
2456678.64391 -0.08
2456678.64744 0.004
2456678.7452 0.341
2456678.75226 0.099
2456678.7558 -0.021
2456678.75933 -0.128
2456678.76286 -0.236
2456678.7664 -0.322
2456678.76993 -0.37
2456678.77346 -0.421
2456678.7821 -0.469
2456678.78916 -0.441
2456678.79269 -0.404
2456678.79622 -0.374
2456678.79976 -0.321
2456678.80329 -0.253
2456678.80682 -0.152
2456678.81035 -0.052
2456678.81389 0.03
2456678.81742 0.139
2456678.82095 0.25
2456678.82448 0.325
2456678.82802 0.31
2456678.83155 0.249
2456678.83508 0.169
2456678.83861 0.014
2456678.84215 -0.129
2456678.84568 -0.227
2456678.84921 -0.324
2456678.85274 -0.38
2456678.85627 -0.446
2456678.85981 -0.467
2456678.86334 -0.509
2456678.86687 -0.514
2456678.87213 -0.496
2456678.8792 -0.413
2456678.88273 -0.345
2456678.88626 -0.266
2456678.88979 -0.171
2456678.89333 -0.05
2456678.89686 0.061
2456678.90039 0.177
2456678.90393 0.263
2456678.90746 0.283
2456678.91099 0.244
2456678.91452 0.159
2456678.91806 0.049
2456678.92159 -0.09
2456678.92512 -0.212
2456678.92865 -0.32
2456678.93219 -0.414
2456678.93572 -0.477
2456678.93925 -0.531
2456678.94278 -0.583
2456678.94632 -0.591
2456678.94985 -0.599
2456678.95338 -0.565
