2456685.57836 0.631
2456685.58542 0.536
2456685.58895 0.525
2456685.59249 0.515
2456685.59602 0.542
2456685.59955 0.542
2456685.60308 0.587
2456685.60662 0.635
2456685.61015 0.682
2456685.61368 0.771
2456685.61721 0.873
2456685.62075 1.042
2456685.62428 1.178
2456685.62781 1.292
2456685.63135 1.375
2456685.63488 1.417
2456685.63841 1.346
2456685.64194 1.228
2456685.64548 1.117
2456685.64901 0.989
2456685.65254 0.843
2456685.65607 0.754
2456685.65961 0.666
2456685.66314 0.599
2456685.66667 0.573
2456685.67021 0.543
2456685.67374 0.538
2456685.67727 0.529
2456685.6808 0.545
2456685.68434 0.585
2456685.68787 0.653
2456685.6914 0.714
2456685.69493 0.769
2456685.69847 0.876
2456685.702 0.993
2456685.70553 1.118
2456685.70906 1.245
2456685.7126 1.344
2456685.71613 1.41
2456685.71966 1.408
2456685.72319 1.31
2456685.72673 1.186
2456685.73026 1.03
2456685.73379 0.867
2456685.73732 0.752
2456685.74086 0.703
2456685.74439 0.626
2456685.74792 0.577
2456685.7668 0.566
2456685.77387 0.648
2456685.7774 0.721
2456685.78093 0.806
2456685.78446 0.93
2456685.788 1.02
2456685.79153 1.159
2456685.79506 1.264
2456685.7986 1.409
2456685.80213 1.379
2456685.80566 1.281
2456685.80919 1.198
2456685.81273 1.059
2456685.81626 0.786
2456685.81979 0.817
2456685.82332 0.706
2456685.82686 0.637
2456685.83039 0.595
2456685.83392 0.572
2456685.83745 0.536
2456685.84099 0.526
2456685.84452 0.516
2456685.84805 0.573
2456685.85158 0.587
2456685.85567 0.643
2456685.8592 0.709
2456685.86274 0.789
2456685.86627 0.926
2456685.8698 1.038
2456685.87333 1.148
2456685.87687 1.314
2456685.8804 1.369
2456685.88393 1.416
2456685.88747 1.348
2456685.891 1.238
2456685.89453 1.101
2456685.89807 0.939
2456685.9016 0.854
2456685.90513 0.712
2456685.90866 0.595
2456685.9122 0.573
2456685.91573 0.559
2456685.91926 0.524
2456685.92279 0.523
2456685.92633 0.529
2456685.92986 0.534
2456685.93339 0.556
2456685.93692 0.579
2456685.94046 0.628
