2454578.62016 1.172
2454578.62255 1.175
2454578.62495 1.217
2454578.62736 1.184
2454578.62979 1.157
2454578.63221 1.151
2454578.63467 1.122
2454578.63708 1.111
2454578.64266 1.109
2454578.64749 1.094
2454578.64992 1.077
2454578.65233 1.068
2454578.65716 1.119
2454578.65956 1.098
2454578.66199 1.147
2454578.66441 1.139
2454578.66971 1.218
2454578.67214 1.186
2454578.67696 1.231
2454578.68181 1.224
2454578.68664 1.238
2454578.69148 1.197
2454578.69673 1.153
2454578.69914 1.152
2454578.70155 1.132
2454578.70395 1.192
2454578.70636 1.153
2454578.71116 1.167
2454578.71356 1.165
2454578.71598 1.179
2454578.71839 1.205
2454578.72846 1.174
2454578.73327 1.179
2454578.73569 1.187
2454578.73811 1.165
2454578.7405 1.202
2454578.74288 1.162
2454578.74529 1.158
2454578.75295 1.12
2454578.75536 1.095
2454578.75777 1.111
2454578.76017 1.073
2454578.76257 1.078
2454578.76498 1.093
2454578.76738 1.118
2454578.76978 1.141
2454578.77219 1.146
2454578.77735 1.166
2454578.77974 1.162
2454578.78451 1.241
2454578.7869 1.207
2454578.78929 1.22
2454578.79168 1.23
2454578.79407 1.189
2454578.79646 1.21
2454578.79885 1.216
2454578.82351 1.186
2454578.8259 1.161
2454578.86093 1.097
2454578.86571 1.103
2454578.86811 1.071
2454578.8705 1.097
2454578.8729 1.15
2454578.87529 1.142
2454578.87768 1.133
2454578.88007 1.154
2454578.88548 1.188
2454578.88788 1.192
2454578.89026 1.23
2454578.89505 1.231
2454578.89744 1.236
2454578.89984 1.187
2454578.90702 1.225
2454578.91326 1.154
2454578.91566 1.168
2454578.92044 1.18
