2454560.684 2.199
2454560.68643 2.214
2454560.68888 2.214
2454560.69134 2.206
2454560.69623 2.225
2454560.69867 2.225
2454560.70111 2.208
2454560.70356 2.195
2454560.706 2.197
2454560.7127 2.169
2454560.71513 2.159
2454560.71758 2.126
2454560.72002 2.129
2454560.72245 2.119
2454560.72735 2.147
2454560.73223 2.169
2454560.73468 2.2
2454560.74005 2.186
2454560.7425 2.223
2454560.74734 2.231
2454560.75714 2.22
2454560.75958 2.22
2454560.76202 2.224
2454560.76733 2.199
2454560.76976 2.179
2454560.77219 2.191
2454560.77462 2.176
2454560.77705 2.179
2454560.78189 2.195
2454560.78432 2.19
2454560.78676 2.189
2454560.78919 2.178
2454560.79691 2.212
2454560.79933 2.221
2454560.80663 2.219
2454560.81148 2.199
2454560.81392 2.169
2454560.81634 2.169
2454560.82404 2.128
2454560.82648 2.13
2454560.82892 2.112
2454560.83134 2.112
2454560.83865 2.168
2454560.84108 2.155
2454560.84351 2.21
2454560.84882 2.206
2454560.85125 2.229
2454560.85369 2.221
2454560.85612 2.214
2454560.85854 2.224
2454560.86097 2.229
2454560.86339 2.221
2454560.86581 2.217
2454560.86824 2.204
2454560.87066 2.211
2454560.87595 2.169
2454560.87838 2.16
2454560.8808 2.161
2454560.88324 2.199
2454560.88567 2.186
2454560.88809 2.201
2454560.89052 2.191
2454560.89781 2.208
2454560.90557 2.209
2454560.908 2.234
2454560.91288 2.199
2454560.91532 2.212
2454560.91775 2.208
2454560.92018 2.181
2454560.92262 2.192
