2454570.60877 1.399
2454570.61118 1.403
2454570.6136 1.419
2454570.61601 1.42
2454570.61843 1.415
2454570.62086 1.422
2454570.62326 1.41
2454570.62812 1.427
2454570.63644 1.401
2454570.63888 1.402
2454570.64131 1.394
2454570.64374 1.386
2454570.65339 1.37
2454570.6558 1.391
2454570.65822 1.391
2454570.66213 1.391
2454570.66698 1.405
2454570.6718 1.418
2454570.6742 1.435
2454570.68972 1.401
2454570.69214 1.399
2454570.69457 1.413
2454570.69699 1.396
2454570.69941 1.389
2454570.71428 1.394
2454570.7167 1.391
2454570.71913 1.39
2454570.72153 1.403
2454570.72392 1.442
2454570.72633 1.447
2454570.72874 1.448
2454570.74835 1.43
2454570.75075 1.423
2454570.75317 1.423
2454570.75797 1.392
2454570.77039 1.424
2454570.77285 1.433
2454570.78014 1.467
2454570.78257 1.492
2454570.785 1.505
2454570.78981 1.478
2454570.79506 1.449
2454570.79987 1.405
2454570.80468 1.387
2454570.80712 1.394
2454570.81195 1.33
2454570.81677 1.352
2454570.82439 1.402
2454570.82679 1.4
2454570.8292 1.381
2454570.83159 1.449
2454570.83398 1.448
2454570.83638 1.439
2454570.83878 1.438
2454570.84358 1.445
2454570.84996 1.429
2454570.85236 1.448
2454570.85475 1.407
2454570.85953 1.387
2454570.86192 1.402
2454570.86432 1.401
2454570.86671 1.382
2454570.86911 1.403
2454570.87151 1.402
2454570.87772 1.401
2454570.88012 1.429
2454570.88253 1.439
2454570.88494 1.417
2454570.88732 1.459
2454570.88972 1.458
2454570.8921 1.42
2454570.8945 1.431
2454570.89689 1.408
2454570.8993 1.416
2454570.93201 1.391
2454570.93441 1.392
2454570.93681 1.384
2454570.9392 1.425
2454570.94161 1.421
2454570.944 1.456
2454570.9464 1.443
2454570.94882 1.443
2454570.95124 1.447
2454570.95364 1.448
