2456272.71932 15.285
2456272.72361 15.328
2456272.72575 15.371
2456272.7279 15.375
2456272.73004 15.424
2456272.73219 15.426
2456272.73433 15.457
2456272.73648 15.415
2456272.73862 15.433
2456272.74077 15.441
2456272.74291 15.418
2456272.74506 15.368
2456272.7472 15.389
2456272.74934 15.403
2456272.75149 15.304
2456272.75363 15.268
2456272.75578 15.211
2456272.75792 15.199
2456272.76007 15.174
2456272.76221 15.14
2456272.76436 15.128
2456272.7665 15.145
2456272.76865 15.123
2456272.77079 15.132
2456272.77294 15.131
2456272.77509 15.154
2456272.77723 15.197
2456272.77938 15.217
2456272.78152 15.248
2456272.78366 15.284
2456272.78581 15.306
2456272.78795 15.355
2456272.7901 15.35
2456272.79224 15.386
2456272.79439 15.425
2456272.79653 15.407
2456272.79868 15.413
2456272.80082 15.391
2456272.80297 15.336
2456272.80511 15.316
2456272.8094 15.28
2456272.81155 15.24
2456272.81369 15.21
2456272.81583 15.193
2456272.81798 15.17
2456272.82012 15.181
2456272.82442 15.087
2456272.82656 15.057
2456272.8287 15.118
2456272.83085 15.126
2456272.83299 15.056
2456272.83514 15.04
2456272.83728 15.044
2456272.83943 15.074
2456272.84157 15.079
2456272.84372 15.106
2456272.84586 15.16
2456272.848 15.206
2456272.85015 15.203
2456272.85443 15.297
2456272.85657 15.349
2456272.85872 15.328
2456272.86086 15.389
2456272.863 15.411
2456272.86514 15.391
2456272.86728 15.442
2456272.86942 15.426
2456272.87157 15.397
2456272.87371 15.445
2456272.87585 15.372
2456272.87799 15.339
2456272.88013 15.334
2456272.88228 15.291
2456272.88442 15.259
2456272.88656 15.197
2456272.8887 15.145
2456272.89299 15.138
2456272.89513 15.103
2456272.89727 15.094
2456272.89942 15.115
2456272.90156 15.121
2456272.90371 15.104
2456272.91626 15.321
2456272.91841 15.387
2456272.92055 15.382
2456272.9227 15.42
2456272.92484 15.421
2456272.92698 15.442
2456272.93342 15.44
2456272.93557 15.42
2456272.93771 15.377
2456272.93986 15.328
2456272.942 15.31
2456272.94415 15.292
2456272.9463 15.305
2456272.94844 15.221
2456272.95058 15.208
2456272.95273 15.194
2456272.95917 15.13
2456272.96131 15.133
2456272.96346 15.093
2456272.9656 15.099
2456272.96775 15.057
2456272.96989 15.071
2456272.97203 15.062
2456272.97418 15.083
2456272.97632 15.124
2456272.97847 15.159
2456272.98061 15.184
2456272.98276 15.224
2456272.9849 15.25
2456272.98704 15.276
2456272.98919 15.313
2456272.99133 15.354
2456272.99347 15.374
