2455331.91425 1.181
2455331.91622 1.187
2455331.9183 1.144
2455331.93112 1.037
2455331.93316 1.026
2455331.93526 1.006
2455331.94835 0.932
2455331.95036 0.947
2455331.95242 0.966
2455331.96568 1.057
2455331.96785 1.07
2455331.96987 1.095
2455331.98308 1.238
2455331.98509 1.244
2455331.98711 1.23
2455332.00081 1.063
2455332.00284 1.049
2455332.00486 1.033
2455332.01789 0.942
2455332.02203 0.938
2455332.02405 0.946
2455332.04014 1.004
2455332.04223 1.022
2455332.04424 1.038
2455332.06012 1.194
2455332.06213 1.172
2455332.06414 1.211
2455332.08029 1.112
2455332.0823 1.086
2455332.08434 1.053
2455332.10067 0.938
2455332.1027 0.944
2455332.10471 0.94
2455332.12086 1.02
2455332.12293 1.036
2455332.12502 1.036
2455332.14097 1.207
2455332.14307 1.237
2455332.14512 1.223
2455332.16096 1.044
2455332.16298 1.026
2455332.16499 1.013
2455332.18294 0.947
2455332.18494 0.938
2455332.20061 1.01
2455332.20265 1.019
2455332.20479 1.026
2455332.22068 1.192
2455332.22269 1.2
2455332.22478 1.197
2455332.22721 1.201
2455332.22923 1.192
2455332.23125 1.186
2455332.23374 1.163
2455332.23574 1.13
2455332.23781 1.123
2455332.2403 1.075
2455332.24232 1.069
2455332.24433 1.053
2455332.2469 1.033
2455332.2489 1.018
2455332.25091 0.998
2455332.2534 0.991
2455332.25542 0.967
2455332.25742 0.949
2455332.25998 0.934
2455332.26199 0.935
2455332.26402 0.93
2455332.26688 0.937
2455332.26894 0.944
2455332.27095 0.956
2455332.2734 0.97
2455332.27542 0.979
2455332.27744 1.007
2455332.27992 1.029
2455332.28194 1.055
2455332.28397 1.065
2455332.28644 1.077
2455332.2885 1.096
2455332.2906 1.121
2455332.29307 1.156
2455332.29513 1.186
2455332.29714 1.197
2455332.2997 1.24
2455332.30173 1.248
2455332.30374 1.255
2455332.30638 1.236
2455332.30839 1.236
2455332.31042 1.202
2455332.313 1.173
2455332.31501 1.157
2455332.3171 1.097
2455332.31955 1.075
2455332.32156 1.064
2455332.32358 1.043
2455332.326 1.029
2455332.32802 1.004
2455332.33004 0.981
2455332.33251 0.987
2455332.33451 0.951
2455332.33653 0.944
