2455327.00171 1.569
2455327.00373 1.558
2455327.00573 1.524
2455327.01901 1.424
2455327.02102 1.39
2455327.02298 1.396
2455327.03588 1.444
2455327.03782 1.444
2455327.03979 1.443
2455327.06968 1.709
2455327.0717 1.706
2455327.0737 1.678
2455327.08666 1.517
2455327.08866 1.491
2455327.09066 1.474
2455327.10399 1.433
2455327.10602 1.421
2455327.10802 1.432
2455327.12138 1.492
2455327.1234 1.489
2455327.12542 1.506
2455327.13819 1.65
2455327.14035 1.648
2455327.14236 1.665
2455327.15542 1.668
2455327.15743 1.617
2455327.1595 1.597
2455327.17285 1.498
2455327.17504 1.462
2455327.17728 1.45
2455327.19094 1.484
2455327.19296 1.449
2455327.19497 1.459
2455327.20852 1.543
2455327.21339 1.646
2455327.23183 1.767
2455327.24013 1.675
2455327.24258 1.591
2455327.24469 1.599
2455327.24722 1.541
2455327.24942 1.502
2455327.25146 1.506
2455327.25427 1.481
2455327.25626 1.494
2455327.25862 1.471
2455327.26112 1.445
2455327.26317 1.455
2455327.26519 1.472
2455327.26807 1.463
2455327.27028 1.456
2455327.27228 1.444
2455327.27471 1.439
2455327.2767 1.471
2455327.27873 1.489
2455327.28125 1.501
2455327.28325 1.514
2455327.28538 1.554
2455327.28799 1.556
2455327.29 1.601
2455327.29203 1.589
2455327.2947 1.626
2455327.29692 1.659
2455327.29929 1.693
2455327.30229 1.737
2455327.30453 1.764
2455327.30735 1.733
2455327.30983 1.703
2455327.31201 1.744
2455327.31403 1.711
2455327.31657 1.655
2455327.31863 1.653
2455327.32068 1.649
2455327.32336 1.614
2455327.3255 1.588
2455327.32796 1.582
2455327.33049 1.547
2455327.33256 1.543
2455327.33468 1.506
