2455361.82371 -0.198
2455361.82732 -0.259
2455361.83092 -0.293
2455361.83453 -0.339
2455361.83814 -0.367
2455361.84175 -0.404
2455361.84537 -0.427
2455361.85351 -0.455
2455361.85712 -0.448
2455361.86074 -0.445
2455361.86435 -0.435
2455361.86797 -0.411
2455361.87158 -0.383
2455361.87518 -0.352
2455361.8788 -0.317
2455361.8824 -0.285
2455361.88601 -0.252
2455361.88962 -0.221
2455361.89323 -0.205
2455361.89686 -0.184
2455361.90049 -0.184
2455361.90597 -0.24
2455361.91683 -0.343
2455361.92044 -0.369
2455361.92405 -0.382
2455361.92765 -0.404
2455361.93126 -0.412
2455361.93488 -0.433
2455361.93851 -0.437
2455361.94212 -0.422
2455361.94574 -0.394
2455361.94935 -0.369
2455361.95295 -0.342
2455361.95655 -0.316
2455361.96016 -0.294
2455361.96377 -0.26
2455361.96738 -0.21
2455361.971 -0.174
2455361.9746 -0.161
2455361.97822 -0.177
2455361.98183 -0.209
2455361.98544 -0.239
2455362.04668 -0.242
2455362.05028 -0.207
2455362.05387 -0.172
2455362.05747 -0.16
2455362.06106 -0.176
2455362.06466 -0.208
2455362.06827 -0.244
2455362.07186 -0.283
2455362.07546 -0.312
2455362.07906 -0.34
2455362.08267 -0.344
2455362.08628 -0.384
2455362.08988 -0.398
2455362.09348 -0.418
2455362.09708 -0.423
2455362.10068 -0.418
2455362.10428 -0.393
2455362.10787 -0.362
2455362.11147 -0.337
2455362.11673 -0.288
2455362.12031 -0.261
2455362.1239 -0.22
2455362.1275 -0.175
2455362.13109 -0.15
2455362.13469 -0.158
2455362.13827 -0.168
2455362.14185 -0.199
2455362.14544 -0.243
2455362.14902 -0.288
2455362.15261 -0.328
2455362.1562 -0.376
2455362.15981 -0.397
2455362.16339 -0.417
2455362.16698 -0.427
2455362.17056 -0.442
2455362.17415 -0.426
2455362.17774 -0.417
2455362.18134 -0.405
2455362.18494 -0.371
2455362.18853 -0.353
2455362.19212 -0.334
2455362.19571 -0.305
2455362.19929 -0.28
2455362.20443 -0.233
2455362.20802 -0.208
2455362.21161 -0.172
2455362.2152 -0.139
2455362.21879 -0.162
2455362.22238 -0.16
2455362.22597 -0.226
2455362.22956 -0.238
