2455359.83304 0.024
2455359.83663 0.045
2455359.84022 0.041
2455359.84381 0.009
2455359.8474 -0.048
2455359.85099 -0.084
2455359.85458 -0.11
2455359.85817 -0.133
2455359.86175 -0.158
2455359.86534 -0.182
2455359.86893 -0.207
2455359.87252 -0.233
2455359.87611 -0.219
2455359.8797 -0.196
2455359.88329 -0.176
2455359.88688 -0.157
2455359.89047 -0.123
2455359.89406 -0.096
2455359.89766 -0.063
2455359.90125 -0.027
2455359.90486 0.021
2455359.90845 0.058
2455359.91204 0.071
2455359.91562 0.049
2455359.92096 0.016
2455359.92455 -0.029
2455359.92814 -0.08
2455359.93174 -0.121
2455359.93533 -0.152
2455359.93892 -0.183
2455359.94252 -0.203
2455359.94613 -0.216
2455359.94973 -0.223
2455359.95482 -0.215
2455359.95842 -0.194
2455359.96201 -0.183
2455359.96561 -0.162
2455359.96921 -0.14
2455359.97283 -0.095
2455359.97643 -0.059
2455359.98004 -0.048
2455359.98364 -0.029
2455359.98725 -0.027
2455359.99085 0.02
2455359.99445 0.016
2455359.99805 0.051
2455360.00167 -0.02
2455360.00736 -0.045
2455360.05074 -0.094
2455360.05434 -0.07
2455360.05794 -0.04
2455360.06153 0.0
2455360.06512 0.032
2455360.06871 0.062
2455360.0723 0.071
2455360.07591 0.049
2455360.07951 0.019
2455360.08311 -0.025
2455360.08671 -0.078
2455360.09031 -0.119
2455360.0939 -0.145
2455360.0975 -0.172
2455360.10109 -0.185
2455360.10469 -0.201
2455360.1083 -0.213
2455360.11189 -0.207
2455360.11548 -0.193
2455360.11908 -0.172
2455360.12269 -0.148
2455360.12628 -0.13
2455360.12988 -0.093
2455360.1335 -0.076
2455360.13811 -0.031
2455360.14171 -0.001
2455360.14531 0.015
2455360.14894 0.065
2455360.15255 0.072
2455360.15615 0.052
2455360.15976 0.019
2455360.16335 -0.011
2455360.16695 -0.053
2455360.17055 -0.086
2455360.21021 -0.097
2455360.21381 -0.074
2455360.21741 -0.041
2455360.22101 0.013
2455360.22926 0.08
2455360.23287 0.083
2455360.23646 0.064
2455360.24007 0.026
2455360.24368 -0.032
