2456601.58053 16.518
2456601.58348 16.498
2456601.58644 16.512
2456601.58939 16.532
2456601.59234 16.583
2456601.59529 16.581
2456601.59824 16.591
2456601.60119 16.561
2456601.60414 16.582
2456601.60709 16.565
2456601.61333 16.509
2456601.61628 16.463
2456601.61924 16.427
2456601.6222 16.412
2456601.62515 16.458
2456601.62811 16.456
2456601.63106 16.451
2456601.63401 16.451
2456601.63697 16.478
2456601.63992 16.485
2456601.64723 16.51
2456601.65018 16.49
2456601.65314 16.5
2456601.65609 16.507
2456601.65905 16.499
2456601.662 16.495
2456601.66496 16.499
2456601.66792 16.54
2456601.67087 16.515
2456601.67383 16.525
2456601.68006 16.538
2456601.68301 16.523
2456601.68597 16.515
2456601.68893 16.534
2456601.69189 16.506
2456601.69484 16.511
2456601.69781 16.524
2456601.70076 16.521
2456601.70372 16.562
2456601.70667 16.583
2456601.71475 16.573
2456601.7177 16.566
2456601.72657 16.481
2456601.73248 16.448
2456601.73544 16.444
2456601.73839 16.427
2456601.74135 16.446
2456601.75075 16.476
2456601.7537 16.462
2456601.75665 16.46
2456601.7596 16.483
2456601.76256 16.484
2456601.76552 16.505
2456601.76847 16.527
2456601.77143 16.516
2456601.77438 16.527
2456601.78169 16.556
2456601.78464 16.531
2456601.7876 16.545
2456601.79055 16.526
2456601.79351 16.509
2456601.79647 16.511
2456601.79942 16.534
2456601.80238 16.514
2456601.80534 16.487
2456601.80829 16.519
2456601.8146 16.53
2456601.81755 16.538
2456601.8205 16.551
2456601.82346 16.574
2456601.82641 16.582
2456601.82936 16.59
2456601.83232 16.555
2456601.83527 16.558
2456601.83824 16.508
2456601.84119 16.5
2456601.84918 16.442
2456601.85215 16.454
2456601.8551 16.418
2456601.85806 16.444
2456601.86101 16.446
2456601.86396 16.439
2456601.86692 16.432
2456601.86987 16.429
2456601.87283 16.439
2456601.87578 16.479
2456601.88215 16.478
2456601.89102 16.497
2456601.89398 16.52
2456601.8999 16.51
2456601.90285 16.527
2456601.90581 16.512
2456601.90877 16.5
2456601.93078 16.583
2456601.93373 16.563
2456601.93668 16.598
2456601.93962 16.611
2456601.94904 16.555
2456601.95199 16.506
2456601.9579 16.427
2456601.96973 16.464
2456601.97268 16.485
