2456599.58146 16.589
2456599.58442 16.584
2456599.58737 16.576
2456599.59033 16.598
2456599.59329 16.592
2456599.59625 16.628
2456599.5992 16.615
2456599.60216 16.599
2456599.60511 16.612
2456599.65212 16.654
2456599.65508 16.662
2456599.65803 16.645
2456599.66099 16.662
2456599.66395 16.647
2456599.66986 16.693
2456599.67281 16.716
2456599.67577 16.708
2456599.68199 16.704
2456599.68495 16.678
2456599.68791 16.636
2456599.69086 16.611
2456599.69382 16.579
2456599.69678 16.577
2456599.69973 16.599
2456599.70268 16.569
2456599.71596 16.61
2456599.71891 16.6
2456599.72186 16.625
2456599.72482 16.608
2456599.72777 16.631
2456599.73073 16.629
2456599.73368 16.637
2456599.73664 16.628
2456599.73959 16.646
2456599.74255 16.656
2456599.76071 16.656
2456599.76366 16.623
2456599.76661 16.627
2456599.77547 16.636
2456599.78883 16.699
2456599.7918 16.69
2456599.79475 16.69
2456599.79771 16.668
2456599.80066 16.668
2456599.8188 16.622
2456599.8247 16.614
2456599.82765 16.61
2456599.8306 16.617
2456599.83356 16.62
2456599.83652 16.589
2456599.83948 16.607
2456599.84243 16.644
2456599.84945 16.685
2456599.85241 16.673
2456599.85536 16.686
2456599.85832 16.669
2456599.86718 16.661
2456599.87014 16.636
2456599.87605 16.623
2456599.88229 16.637
2456599.88525 16.662
2456599.8882 16.689
2456599.89116 16.665
2456599.89412 16.723
2456599.89707 16.709
2456599.90002 16.72
2456599.90594 16.685
2456599.90889 16.654
2456599.91546 16.644
2456599.91841 16.604
2456599.92433 16.574
2456599.92729 16.585
2456599.93026 16.609
2456599.93321 16.585
2456599.95058 16.651
2456599.95947 16.648
2456599.96243 16.694
2456599.96539 16.656
2456599.9713 16.681
