2455466.59898 16.343
2455466.60499 16.367
2455466.608 16.318
2455466.611 16.35
2455466.61401 16.394
2455466.62004 16.374
2455466.62605 16.371
2455466.636 16.368
2455466.63901 16.456
2455466.64201 16.424
2455466.64501 16.432
2455466.64801 16.427
2455466.65102 16.433
2455466.65403 16.395
2455466.65703 16.426
2455466.67308 16.465
2455466.67608 16.437
2455466.67908 16.423
2455466.68509 16.481
2455466.6881 16.447
2455466.69111 16.396
2455466.69412 16.389
2455466.71311 16.367
2455466.7161 16.347
2455466.72514 16.339
2455466.73507 16.327
2455466.73808 16.385
2455466.74109 16.345
2455466.7471 16.393
2455466.75913 16.381
2455466.77183 16.405
2455466.77784 16.408
2455466.78085 16.384
2455466.78686 16.425
2455466.78986 16.454
2455466.79285 16.401
2455466.79586 16.419
2455466.80273 16.46
2455466.80573 16.504
2455466.80874 16.485
2455466.81174 16.42
2455466.83668 16.383
2455466.83969 16.439
2455466.84269 16.393
2455466.8457 16.367
2455466.8487 16.409
2455466.8517 16.411
2455466.8547 16.372
2455466.85772 16.336
2455466.86375 16.342
2455466.8797 16.311
2455466.88271 16.331
2455466.88571 16.331
2455466.88872 16.331
2455466.89174 16.296
2455466.89474 16.353
2455466.89775 16.374
2455466.90468 16.365
2455466.9107 16.359
2455466.91372 16.337
2455466.91673 16.364
2455466.91973 16.367
2455466.92575 16.349
2455466.92875 16.361
2455466.93176 16.364
2455466.93869 16.346
2455466.9417 16.382
2455466.94471 16.395
2455466.94772 16.35
2455466.95073 16.39
2455466.95374 16.371
2455466.95675 16.427
2455466.95976 16.381
2455466.96276 16.415
