2455483.56846 16.774
2455483.57433 16.758
2455483.58318 16.745
2455483.58613 16.756
2455483.59201 16.736
2455483.59852 16.636
2455483.60145 16.625
2455483.60438 16.656
2455483.60733 16.676
2455483.61027 16.652
2455483.6132 16.665
2455483.61614 16.763
2455483.61908 16.753
2455483.62204 16.709
2455483.62497 16.722
2455483.63128 16.742
2455483.63422 16.73
2455483.63716 16.65
2455483.6401 16.673
2455483.64304 16.687
2455483.64892 16.693
2455483.65186 16.709
2455483.6548 16.682
2455483.65774 16.745
2455483.66401 16.783
2455483.66694 16.756
2455483.66988 16.708
2455483.67282 16.719
2455483.67576 16.852
2455483.67869 16.769
2455483.68456 16.824
2455483.68748 16.833
2455483.69042 16.871
2455483.69668 16.856
2455483.70257 16.837
2455483.70551 16.833
2455483.70845 16.732
2455483.71138 16.777
2455483.71432 16.795
2455483.71724 16.821
2455483.72018 16.789
2455483.72938 16.727
2455483.73231 16.784
2455483.73525 16.747
2455483.7382 16.734
2455483.74114 16.786
2455483.74409 16.698
2455483.74704 16.722
2455483.74998 16.714
2455483.75292 16.722
2455483.75586 16.76
2455483.76213 16.721
2455483.76506 16.733
2455483.76799 16.712
2455483.77093 16.679
2455483.77387 16.728
2455483.77682 16.767
2455483.77977 16.697
2455483.78271 16.719
2455483.78566 16.685
2455483.7886 16.69
2455483.79486 16.666
2455483.7978 16.754
2455483.80073 16.711
2455483.80366 16.758
2455483.80659 16.721
2455483.80952 16.744
2455483.81245 16.737
2455483.81538 16.73
2455483.81831 16.693
2455483.82126 16.738
2455483.82752 16.719
2455483.83045 16.742
2455483.83338 16.698
2455483.83632 16.716
2455483.83926 16.755
2455483.8422 16.698
2455483.84513 16.766
2455483.84807 16.777
2455483.85101 16.786
2455483.85394 16.788
2455483.86021 16.816
2455483.86608 16.855
2455483.86901 16.778
2455483.87195 16.779
2455483.87488 16.809
2455483.88075 16.762
