2455470.59543 16.414
2455470.59836 16.395
2455470.6013 16.403
2455470.60423 16.441
2455470.60717 16.408
2455470.6101 16.38
2455470.61303 16.406
2455470.62251 16.45
2455470.63387 16.439
2455470.63681 16.46
2455470.63975 16.433
2455470.64269 16.447
2455470.64562 16.412
2455470.64856 16.375
2455470.65149 16.328
2455470.65443 16.344
2455470.65737 16.288
2455470.66957 16.3
2455470.67546 16.307
2455470.68429 16.292
2455470.68724 16.338
2455470.69018 16.325
2455470.69311 16.289
2455470.6994 16.332
2455470.70528 16.369
2455470.70822 16.341
2455470.71117 16.328
2455470.72002 16.348
2455470.72591 16.328
2455470.73222 16.387
2455470.73516 16.379
2455470.73809 16.403
2455470.74103 16.337
2455470.74398 16.366
2455470.74692 16.373
2455470.74986 16.355
2455470.75279 16.345
2455470.75573 16.397
2455470.75868 16.397
2455470.77132 16.373
2455470.78309 16.418
2455470.78896 16.399
2455470.80113 16.437
2455470.80406 16.41
2455470.80699 16.35
2455470.80993 16.388
2455470.81287 16.33
2455470.8158 16.392
2455470.81874 16.311
2455470.82461 16.355
2455470.83091 16.341
2455470.84562 16.305
2455470.84855 16.366
2455470.85148 16.394
2455470.85441 16.393
2455470.85736 16.423
2455470.87838 16.3
2455470.88131 16.31
2455470.89643 16.312
2455470.89938 16.327
2455470.90231 16.348
2455470.90525 16.318
2455470.90821 16.358
2455470.91115 16.408
2455470.91409 16.38
2455470.91996 16.347
