2457388.579184 +16.914
2457388.582135 +16.908
2457388.585079 +16.907
2457388.588032 +16.842
2457388.590988 +16.860
2457388.593943 +16.847
2457388.596900 +16.818
2457388.599860 +16.833
2457388.602808 +16.845
2457388.605759 +16.871
2457388.612289 +16.920
2457388.618183 +16.906
2457388.621136 +16.900
2457388.627048 +16.885
2457388.630002 +16.882
2457388.632962 +16.885
2457388.635913 +16.882
2457388.638868 +16.900
2457388.646582 +16.883
2457388.649532 +16.901
2457388.655424 +16.863
2457388.658378 +16.876
2457388.661332 +16.873
2457388.664275 +16.858
2457388.667222 +16.869
2457388.670168 +16.875
2457388.673113 +16.885
2457388.679639 +16.932
2457388.682589 +16.901
2457388.685536 +16.896
2457388.688487 +16.886
2457388.691439 +16.874
2457388.694391 +16.877
2457388.703230 +16.865
2457388.713297 +16.950
2457388.716253 +16.959
2457388.719198 +16.955
2457388.722149 +16.942
2457388.725101 +16.937
2457388.728057 +16.908
2457388.731009 +16.916
2457388.733954 +16.888
2457388.736897 +16.907
2457388.739842 +16.890
2457388.746080 +16.911
2457388.749027 +16.898
2457388.751979 +16.892
2457388.754931 +16.918
2457388.757888 +16.883
2457388.760840 +16.890
2457388.763792 +16.850
2457388.766739 +16.866
2457388.769683 +16.867
2457388.772632 +16.858
2457388.780015 +16.922
2457388.782959 +16.914
2457388.785907 +16.903
2457388.788862 +16.880
2457388.791813 +16.871
2457388.803614 +16.854
2457388.806558 +16.880
2457388.819066 +16.913
2457388.822010 +16.925
