2456126.73152 16.415
2456126.73452 16.435
2456126.73756 16.426
2456126.7406 16.461
2456126.74363 16.44
2456126.74668 16.46
2456126.7497 16.456
2456126.75881 16.46
2456126.81147 16.354
2456126.81447 16.36
2456126.82352 16.322
2456126.88838 16.358
2456126.8914 16.366
2456126.89747 16.382
2456126.90048 16.369
2456126.90858 16.365
2456126.91158 16.353
2456126.91462 16.349
2456126.91766 16.362
2456126.92067 16.356
2456126.9237 16.36
2456126.9267 16.357
2456126.9297 16.38
2456126.93275 16.392
2456126.93578 16.389
