2454393.55883 1.432
2454393.564 1.448
2454393.56919 1.471
2454393.58475 1.415
2454393.58734 1.431
2454393.58992 1.45
2454393.5925 1.46
2454393.59509 1.425
2454393.60857 1.418
2454393.61116 1.403
2454393.61375 1.407
2454393.61634 1.423
2454393.61891 1.422
2454393.63187 1.38
2454393.63446 1.364
2454393.63705 1.376
2454393.63971 1.365
2454393.64231 1.355
2454393.64934 1.391
2454393.65193 1.404
2454393.65454 1.397
2454393.65714 1.422
2454393.65975 1.461
2454393.66237 1.414
2454393.66498 1.435
2454393.66759 1.436
2454393.67021 1.472
2454393.67283 1.46
2454393.67806 1.449
2454393.68068 1.461
2454393.69243 1.438
2454393.70274 1.427
2454393.70534 1.423
2454393.70791 1.414
2454393.72347 1.407
2454393.72605 1.41
2454393.72865 1.407
2454393.73546 1.401
2454393.73804 1.382
2454393.74063 1.342
2454393.74842 1.364
2454393.75101 1.371
2454393.7536 1.37
2454393.77176 1.409
2454393.77949 1.437
2454393.78207 1.429
2454393.78466 1.429
2454393.78725 1.419
2454393.79502 1.413
2454393.7976 1.418
2454393.80019 1.444
2454393.80279 1.431
2454393.80541 1.428
2454393.808 1.435
2454393.81318 1.422
2454393.82301 1.444
2454393.8256 1.455
2454393.83077 1.443
2454393.83336 1.396
2454393.83594 1.424
2454393.84108 1.367
2454393.84369 1.384
2454393.84629 1.391
2454393.84886 1.393
2454393.85147 1.359
2454393.85407 1.357
2454393.85666 1.398
2454393.85925 1.385
2454393.86572 1.444
2454393.86831 1.451
2454393.8709 1.432
2454393.87348 1.429
2454393.87607 1.41
2454393.87865 1.44
2454393.88125 1.458
2454393.88384 1.418
