2454377.5963 0.346
2454377.59934 0.354
2454377.6024 0.376
2454377.60546 0.394
2454377.60851 0.413
2454377.6146 0.427
2454377.61764 0.431
2454377.62068 0.42
2454377.63087 0.445
2454377.6339 0.443
2454377.63695 0.439
2454377.64025 0.442
2454377.64333 0.413
2454377.64638 0.395
2454377.69291 0.346
2454377.70198 0.362
2454377.705 0.365
2454377.708 0.384
2454377.711 0.391
2454377.71401 0.418
2454377.717 0.426
2454377.72972 0.425
2454377.73269 0.448
2454377.73569 0.447
2454377.76967 0.412
2454377.77267 0.396
2454377.77566 0.434
2454377.77867 0.444
2454377.78154 0.413
2454377.78455 0.412
2454377.79097 0.386
2454377.79392 0.356
2454377.79693 0.375
2454377.79986 0.333
2454377.80285 0.337
2454377.80584 0.332
2454377.80881 0.343
2454377.81176 0.375
2454377.81474 0.414
2454377.82071 0.426
2454377.82368 0.428
2454377.8296 0.44
2454377.8326 0.44
2454377.83938 0.434
2454377.84527 0.422
2454377.84822 0.427
2454377.85121 0.426
2454377.85415 0.41
2454377.88788 0.411
2454377.89087 0.421
2454377.89387 0.41
2454377.89681 0.376
2454377.89983 0.357
2454377.91183 0.386
2454377.91771 0.41
2454377.92068 0.447
2454377.9236 0.455
2454377.92658 0.453
2454377.9295 0.459
