2455421.65201 15.34
2455421.65804 15.39
2455421.66106 15.385
2455421.66711 15.423
2455421.67444 15.426
2455421.68045 15.376
2455421.68345 15.365
2455421.68645 15.354
2455421.68945 15.321
2455421.69245 15.29
2455421.69546 15.312
2455421.69846 15.289
2455421.70841 15.242
2455421.71144 15.268
2455421.71747 15.309
2455421.72048 15.35
2455421.7235 15.405
2455421.72652 15.406
2455421.72954 15.431
2455421.73557 15.374
2455421.74251 15.323
2455421.74552 15.333
2455421.74854 15.295
2455421.75459 15.285
2455421.75761 15.29
2455421.76063 15.294
2455421.76364 15.283
2455421.76666 15.313
2455421.76968 15.309
2455421.77675 15.373
2455421.77977 15.4
2455421.7828 15.385
2455421.78581 15.411
2455421.78883 15.423
2455421.79184 15.382
2455421.79486 15.369
2455421.79787 15.357
2455421.80091 15.319
2455421.80392 15.323
2455421.81116 15.283
2455421.81418 15.262
2455421.81719 15.25
2455421.82322 15.254
2455421.82624 15.235
2455421.82922 15.273
2455421.83224 15.266
2455421.83526 15.324
2455421.84858 15.425
2455421.85161 15.419
2455421.85465 15.383
2455421.85768 15.393
2455421.8607 15.374
2455421.86371 15.386
2455421.86675 15.39
2455421.86977 15.38
2455421.87278 15.382
2455421.88004 15.402
2455421.88611 15.399
2455421.88913 15.396
2455421.89215 15.415
2455421.8982 15.492
2455421.90424 15.51
2455421.90727 15.51
2455421.91457 15.465
2455421.9176 15.457
2455421.92064 15.407
2455421.92366 15.409
2455421.92668 15.347
2455421.9297 15.345
2455421.93273 15.277
2455421.93574 15.281
2455421.93876 15.256
2455421.94177 15.259
2455421.94905 15.286
2455421.95207 15.323
2455421.95509 15.337
2455421.95813 15.365
