2455422.64552 15.403
2455422.64853 15.422
2455422.65157 15.416
2455422.65458 15.477
2455422.65759 15.497
2455422.66968 15.547
2455422.69803 15.368
2455422.70406 15.371
2455422.71432 15.415
2455422.71734 15.461
2455422.72038 15.51
2455422.72339 15.479
2455422.72641 15.499
2455422.73245 15.464
2455422.7385 15.43
2455422.74542 15.357
2455422.74844 15.371
2455422.7545 15.32
2455422.75752 15.305
2455422.76056 15.303
2455422.76358 15.295
2455422.76962 15.327
2455422.77264 15.336
2455422.77961 15.437
2455422.78262 15.449
2455422.78566 15.46
2455422.7887 15.403
2455422.79775 15.361
2455422.80077 15.348
2455422.8038 15.352
2455422.81408 15.299
2455422.81709 15.296
2455422.82011 15.313
2455422.82313 15.306
2455422.82615 15.377
2455422.82918 15.35
2455422.8322 15.396
2455422.83522 15.389
2455422.83826 15.412
2455422.84127 15.423
2455422.84857 15.418
2455422.8516 15.405
2455422.85462 15.387
2455422.85764 15.356
2455422.86066 15.355
2455422.86368 15.335
2455422.86669 15.305
2455422.86971 15.305
2455422.87577 15.268
2455422.88609 15.276
2455422.88912 15.306
2455422.8921 15.365
2455422.89509 15.37
2455422.89807 15.414
2455422.90106 15.389
2455422.90405 15.388
2455422.90703 15.349
2455422.91002 15.337
2455422.91702 15.309
2455422.92 15.286
2455422.92299 15.289
2455422.93196 15.294
2455422.93496 15.296
2455422.93794 15.283
2455422.94391 15.345
2455422.95093 15.346
2455422.95391 15.415
2455422.9569 15.409
2455422.9599 15.452
2455422.96288 15.437
