2454906.88413 1.273
2454906.88655 1.278
2454906.89111 1.213
2454906.89461 1.205
2454906.8971 1.181
2454906.90008 1.182
2454906.90337 1.153
2454906.90608 1.138
2454906.90852 1.138
2454906.91207 1.154
2454906.91465 1.147
2454906.91722 1.178
2454906.92085 1.242
2454906.92328 1.297
2454906.92622 1.361
2454906.92954 1.381
2454906.93233 1.373
2454906.93485 1.327
2454906.93844 1.321
2454906.9409 1.289
2454906.94722 1.224
2454906.96759 1.192
2454906.97707 1.277
2454906.97963 1.293
2454906.98236 1.333
2454906.99329 1.38
2454906.99616 1.334
2454906.99861 1.303
2454907.00826 1.238
2454907.01091 1.221
2454907.01343 1.188
2454907.02372 1.162
2454907.02627 1.167
2454907.02894 1.226
2454907.03876 1.331
2454907.04159 1.407
2454907.04405 1.466
2454907.05385 1.39
2454907.05645 1.306
2454907.05934 1.315
2454907.07435 1.13
2454907.08471 1.19
2454907.08723 1.195
2454907.09017 1.181
2454907.0996 1.212
2454907.10205 1.207
2454907.10501 1.214
2454907.11457 1.241
2454907.1173 1.234
2454907.11975 1.209
2454907.12906 1.138
2454907.13149 1.145
