2455438.60868 15.334
2455438.61167 15.329
2455438.61466 15.286
2455438.61764 15.28
2455438.62066 15.246
2455438.62365 15.235
2455438.62664 15.253
2455438.63263 15.205
2455438.63564 15.174
2455438.64276 15.177
2455438.64575 15.185
2455438.64873 15.214
2455438.65471 15.264
2455438.66073 15.321
2455438.66372 15.285
2455438.66672 15.283
2455438.66971 15.262
2455438.67673 15.265
2455438.68569 15.235
2455438.69166 15.205
2455438.69465 15.227
2455438.69764 15.215
2455438.70063 15.229
2455438.70364 15.218
2455438.71062 15.233
2455438.71361 15.294
2455438.7166 15.352
2455438.71958 15.353
2455438.72258 15.378
2455438.72558 15.354
2455438.72856 15.307
2455438.73155 15.267
2455438.73455 15.255
2455438.73754 15.239
2455438.74748 15.187
2455438.75047 15.182
2455438.75346 15.176
2455438.75645 15.168
2455438.77142 15.231
2455438.77885 15.286
2455438.78184 15.284
2455438.79381 15.269
2455438.7968 15.255
2455438.79979 15.26
2455438.80278 15.251
2455438.80577 15.232
2455438.81311 15.22
2455438.81611 15.217
2455438.8191 15.231
2455438.82209 15.258
2455438.8251 15.269
2455438.82811 15.29
2455438.83409 15.319
2455438.83708 15.388
2455438.84007 15.404
2455438.85047 15.277
2455438.85346 15.278
2455438.85646 15.257
2455438.85945 15.236
