2455419.64502 15.44
2455419.65106 15.457
2455419.65407 15.46
2455419.6571 15.428
2455419.66011 15.429
2455419.66315 15.446
2455419.66616 15.456
2455419.66917 15.471
2455419.70679 15.315
2455419.71584 15.287
2455419.71886 15.29
2455419.76371 15.375
2455419.76672 15.368
2455419.76974 15.386
2455419.77276 15.312
2455419.7758 15.36
2455419.77882 15.329
2455419.78184 15.367
2455419.79083 15.401
2455419.79384 15.394
2455419.79686 15.416
2455419.79987 15.367
2455419.80289 15.375
2455419.80592 15.358
2455419.80894 15.36
2455419.81196 15.316
2455419.81498 15.289
2455419.818 15.284
2455419.82529 15.293
2455419.83133 15.253
2455419.83435 15.255
2455419.83737 15.288
2455419.84038 15.315
2455419.8434 15.336
2455419.84642 15.402
2455419.84944 15.434
2455419.85246 15.466
2455419.86318 15.365
2455419.86621 15.356
2455419.86923 15.365
2455419.87527 15.336
2455419.87828 15.305
2455419.8813 15.31
