2453110.694910 +0.245
2453110.696749 +0.239
2453110.701529 +0.299
2453110.704481 +0.274
2453110.706321 +0.301
2453110.712594 +0.422
2453110.714063 +0.403
2453110.715892 +0.373
2453110.717374 +0.412
2453110.718843 +0.414
2453110.723623 +0.402
2453110.728415 +0.425
2453110.757143 +0.325
2453110.758983 +0.358
2453110.760453 +0.356
2453110.761935 +0.350
2453110.763774 +0.381
2453110.765243 +0.365
2453110.766714 +0.432
2453110.768554 +0.407
2453110.770036 +0.411
2453110.771506 +0.475
2453110.773347 +0.456
2453110.774816 +0.430
2453110.776297 +0.443
2453110.778137 +0.437
2453110.779607 +0.461
2453110.781078 +0.482
2453110.782918 +0.472
2453110.785881 +0.423
2453110.787721 +0.398
2453110.789191 +0.413
2453110.790673 +0.417
2453110.793971 +0.351
2453110.795441 +0.363
2453110.797282 +0.375
2453110.798751 +0.356
2453110.800233 +0.349
2453110.802073 +0.332
2453110.803543 +0.283
2453110.805012 +0.300
2453110.806853 +0.302
2453110.808335 +0.261
2453110.809804 +0.259
2453110.811645 +0.291
2453110.813115 +0.268
2453110.814596 +0.252
2453110.816437 +0.269
2453110.817905 +0.283
2453110.819376 +0.302
2453110.824180 +0.304
2453110.826019 +0.340
2453110.827478 +0.349
2453110.828947 +0.396
2453110.837050 +0.424
2453110.838532 +0.422
2453110.840371 +0.403
2453110.841841 +0.379
2453110.843312 +0.356
2453110.845152 +0.356
2453110.846633 +0.319
2453110.848103 +0.321
2453110.849944 +0.322
2453110.851413 +0.343
2453110.852895 +0.351
2453110.854735 +0.278
2453110.856205 +0.290
2453110.857675 +0.345
2453110.859516 +0.292
2453110.860996 +0.298
2453110.864306 +0.309
2453110.865788 +0.314
2453110.867258 +0.305
2453110.869098 +0.294
2453110.870568 +0.290
2453110.872038 +0.294
2453110.873879 +0.274
2453110.875360 +0.293
2453110.876829 +0.314
2453110.878670 +0.298
2453110.880140 +0.322
2453110.881621 +0.345
2453110.883462 +0.374
2453110.884932 +0.416
2453110.886413 +0.385
2453110.888253 +0.422
2453110.889723 +0.437
2453110.891193 +0.440
2453110.893034 +0.439
2453110.894515 +0.432
2453110.895985 +0.418
2453110.897826 +0.410
2453110.899295 +0.440
2453110.900776 +0.473
2453110.902617 +0.409
2453110.904087 +0.409
2453110.905557 +0.439
2453110.907397 +0.448
2453110.908879 +0.413
2453110.910348 +0.404
2453110.912188 +0.399
2453110.913659 +0.392
2453110.915140 +0.377
2453110.916980 +0.382
2453110.918450 +0.393
2453110.919920 +0.384
2453110.921772 +0.376
2453110.923241 +0.390
2453110.924712 +0.344
2453110.926563 +0.353
2453110.931344 +0.376
2453110.932825 +0.331
2453110.934294 +0.341
2453110.937617 +0.350
2453110.939087 +0.367
2453110.940927 +0.435
2453110.942398 +0.411
2453110.945718 +0.495
2453110.947188 +0.482
2453110.948670 +0.501
2453110.951981 +0.502
