2454896.90749 2.288
2454896.91274 2.345
2454896.91645 2.301
2454896.9189 2.306
2454896.9217 2.299
2454896.92539 2.269
2454896.93101 2.26
2454896.93433 2.246
2454896.93692 2.222
2454896.93986 2.239
2454896.94315 2.249
2454896.94564 2.253
2454896.9484 2.251
2454896.95471 2.273
2454896.95773 2.275
2454896.96104 2.37
2454896.96375 2.407
2454896.96623 2.48
2454896.97 2.424
2454896.9725 2.368
2454896.97526 2.343
2454896.97887 2.328
2454896.98133 2.276
2454896.98439 2.248
2454896.9877 2.262
2454896.99045 2.243
2454896.99291 2.217
2454897.00176 2.235
2454897.00426 2.224
2454897.00725 2.219
2454897.01607 2.298
2454897.01867 2.286
2454897.0213 2.348
2454897.03032 2.424
2454897.03304 2.418
2454897.03554 2.433
2454897.04683 2.304
2454897.04943 2.287
2454897.05847 2.254
2454897.06119 2.286
2454897.06363 2.266
2454897.07497 2.306
2454897.0775 2.361
2454897.08637 2.497
2454897.08883 2.455
2454897.09177 2.411
2454897.10049 2.305
2454897.11439 2.252
2454897.11683 2.209
2454897.11982 2.194
2454897.12835 2.227
2454897.13081 2.241
2454897.13355 2.265
2454897.14241 2.344
2454897.14494 2.371
2454897.14759 2.349
2454897.1563 2.328
2454897.1588 2.293
2454897.16179 2.3
