2454502.60308 16.167
2454502.61665 16.156
2454502.61991 16.21
2454502.62318 16.215
2454502.62992 16.173
2454502.63328 16.131
2454502.63999 16.105
2454502.64336 16.077
2454502.64671 16.08
2454502.65002 16.05
2454502.65332 16.083
2454502.65671 16.118
2454502.66001 16.18
2454502.68121 16.276
2454502.68463 16.208
2454502.68805 16.202
2454502.69142 16.142
2454502.6948 16.167
2454502.6982 16.141
2454502.70503 16.103
2454502.7084 16.125
2454502.71527 16.185
2454502.71867 16.188
2454502.72203 16.146
2454502.73204 16.169
2454502.73542 16.15
2454502.73879 16.172
2454502.74221 16.174
2454502.74989 16.056
2454502.75322 16.115
2454502.7565 16.054
2454502.76317 16.093
2454502.76657 16.197
2454502.77323 16.23
2454502.78334 16.323
2454502.78679 16.266
2454502.79022 16.274
2454502.79368 16.267
2454502.8004 16.151
2454502.80357 16.189
2454502.80698 16.214
2454502.81032 16.169
2454502.82118 16.122
2454502.82427 16.134
2454502.8274 16.164
2454502.8305 16.212
2454502.83359 16.221
2454502.83666 16.191
2454502.84291 16.223
2454502.85849 16.059
2454502.87399 16.158
2454502.88729 16.291
