2455035.64554 0.679
2455035.6487 0.674
2455035.65185 0.658
2455035.65504 0.633
2455035.65818 0.614
2455035.66136 0.597
2455035.66452 0.608
2455035.66768 0.547
2455035.67516 0.546
2455035.67832 0.537
2455035.68149 0.566
2455035.68465 0.561
2455035.68783 0.562
2455035.691 0.558
2455035.69415 0.564
2455035.69732 0.566
2455035.70048 0.598
2455035.70479 0.629
2455035.70796 0.652
2455035.71109 0.661
2455035.71427 0.636
2455035.71743 0.571
2455035.72058 0.529
2455035.72374 0.502
2455035.72691 0.475
2455035.73006 0.471
2455035.73322 0.47
2455035.73749 0.481
2455035.74065 0.497
2455035.7438 0.534
2455035.74694 0.532
2455035.7501 0.563
2455035.75327 0.605
2455035.75642 0.66
2455035.75957 0.675
2455035.76273 0.69
2455035.76589 0.665
2455035.76996 0.62
2455035.77311 0.598
2455035.77627 0.567
2455035.77944 0.544
2455035.78263 0.535
2455035.78579 0.541
2455035.78895 0.551
2455035.7921 0.573
2455035.79526 0.587
2455035.7984 0.573
2455035.80249 0.567
2455035.80564 0.579
2455035.80879 0.561
2455035.81193 0.579
2455035.81508 0.611
2455035.81822 0.66
2455035.82138 0.666
2455035.82455 0.682
2455035.82769 0.632
2455035.83086 0.548
2455035.83493 0.505
2455035.83809 0.482
2455035.84125 0.476
2455035.8444 0.461
2455035.84757 0.467
2455035.85071 0.476
2455035.85387 0.485
2455035.85702 0.496
2455035.86016 0.529
2455035.86331 0.561
2455035.86741 0.659
2455035.87055 0.657
2455035.8737 0.644
2455035.87686 0.623
2455035.88002 0.649
2455035.88319 0.64
2455035.88634 0.602
2455035.88949 0.567
2455035.89265 0.554
2455035.89581 0.552
2455035.90008 0.596
2455035.90322 0.62
2455035.90954 0.668
2455035.91268 0.68
2455035.91582 0.689
2455035.91897 0.68
2455035.92212 0.687
2455035.92527 0.746
2455035.92842 0.788
2455035.93268 0.816
2455035.93582 0.813
2455035.93897 0.78
2455035.94213 0.689
2455035.94526 0.654
