2455031.64871 1.099
2455031.65179 1.127
2455031.65486 1.143
2455031.67345 1.217
2455031.67656 1.255
2455031.68074 1.261
2455031.68386 1.214
2455031.68698 1.151
2455031.69005 1.074
2455031.69627 1.006
2455031.69938 1.003
2455031.7025 1.019
2455031.70561 1.002
2455031.7087 1.063
2455031.71584 1.087
2455031.71896 1.115
2455031.72203 1.14
2455031.72515 1.222
2455031.72821 1.256
2455031.73131 1.28
2455031.73442 1.224
2455031.73753 1.22
2455031.7406 1.207
2455031.74772 1.116
2455031.75079 1.097
2455031.76941 1.141
2455031.7725 1.138
2455031.77644 1.139
2455031.77954 1.131
2455031.78265 1.187
2455031.78576 1.205
2455031.78887 1.228
2455031.79195 1.251
2455031.79503 1.219
2455031.79812 1.164
2455031.80122 1.118
2455031.80433 1.114
2455031.80825 1.123
2455031.81138 1.137
2455031.81448 1.157
2455031.8176 1.161
2455031.82067 1.187
2455031.82378 1.209
2455031.82689 1.241
2455031.82997 1.233
2455031.83304 1.278
2455031.83616 1.35
2455031.84317 1.449
2455031.84624 1.446
2455031.84931 1.404
2455031.85243 1.357
2455031.85555 1.325
2455031.85867 1.264
2455031.86177 1.229
2455031.86486 1.217
2455031.86794 1.188
2455031.87186 1.201
2455031.87495 1.212
2455031.87804 1.224
2455031.88111 1.194
2455031.88423 1.178
2455031.88734 1.185
2455031.89046 1.178
2455031.89356 1.165
2455031.89668 1.199
2455031.89979 1.227
2455031.90381 1.257
2455031.9069 1.23
2455031.90999 1.185
2455031.9131 1.134
2455031.91622 1.071
2455031.9193 1.063
2455031.92238 1.017
2455031.92549 1.031
2455031.92856 1.039
2455031.93164 1.023
2455031.93557 1.029
2455031.93868 1.032
2455031.94178 1.072
