2455045.61781 0.787
2455045.61986 0.701
2455045.62147 0.692
2455045.62309 0.673
2455045.62648 0.627
2455045.62814 0.666
2455045.62974 0.636
2455045.63135 0.625
2455045.63298 0.647
2455045.63459 0.677
2455045.63621 0.623
2455045.63783 0.643
2455045.63945 0.646
2455045.64107 0.652
2455045.64902 0.705
2455045.65063 0.691
2455045.65224 0.667
2455045.65385 0.685
2455045.65546 0.671
2455045.65707 0.648
2455045.65867 0.664
2455045.66028 0.652
2455045.66189 0.66
2455045.6635 0.63
2455045.66977 0.74
2455045.67143 0.776
2455045.67304 0.76
2455045.67464 0.77
2455045.67625 0.697
2455045.67786 0.716
2455045.67947 0.643
2455045.68108 0.621
2455045.6827 0.592
2455045.68431 0.562
2455045.69226 0.545
2455045.69387 0.542
2455045.69548 0.577
2455045.69709 0.596
2455045.69869 0.568
2455045.7003 0.56
2455045.70191 0.577
2455045.70352 0.576
2455045.70514 0.589
2455045.70674 0.575
2455045.71061 0.592
2455045.71227 0.602
2455045.71389 0.655
2455045.71551 0.655
2455045.71713 0.739
2455045.71874 0.721
2455045.72034 0.765
2455045.72195 0.787
2455045.72356 0.827
2455045.72518 0.828
2455045.7331 0.829
2455045.73472 0.825
2455045.73633 0.796
2455045.73794 0.783
2455045.73954 0.784
2455045.74115 0.72
2455045.74276 0.765
2455045.74437 0.74
2455045.74598 0.735
2455045.74759 0.742
2455045.75682 0.774
2455045.75842 0.792
2455045.76003 0.797
2455045.76164 0.784
2455045.76325 0.781
2455045.76487 0.772
2455045.76647 0.776
2455045.76808 0.778
2455045.76969 0.792
2455045.77889 0.837
2455045.7821 0.868
2455045.78371 0.838
2455045.78533 0.892
2455045.78694 0.868
2455045.78854 0.839
2455045.79015 0.795
2455045.79175 0.762
2455045.79336 0.711
2455045.80108 0.664
2455045.80268 0.677
2455045.80429 0.651
2455045.80751 0.62
2455045.80912 0.619
2455045.81073 0.6
2455045.81233 0.599
2455045.81394 0.592
2455045.81555 0.615
2455045.82181 0.564
2455045.82347 0.602
2455045.82508 0.618
2455045.82669 0.643
2455045.8283 0.66
2455045.82991 0.674
2455045.83152 0.703
2455045.83313 0.72
2455045.83474 0.746
2455045.83635 0.73
2455045.84426 0.741
2455045.84588 0.718
