2454512.57491 16.362
2454512.5778 16.413
2454512.58068 16.412
2454512.5865 16.338
2454512.5964 16.352
2454512.59947 16.28
2454512.60259 16.253
2454512.6057 16.325
2454512.60885 16.213
2454512.61194 16.264
2454512.61507 16.334
2454512.61816 16.311
2454512.62126 16.391
2454512.62431 16.4
2454512.6311 16.371
2454512.63415 16.415
2454512.63728 16.447
2454512.64034 16.498
2454512.64345 16.467
2454512.64651 16.455
2454512.64958 16.418
2454512.6557 16.36
2454512.65879 16.354
2454512.66873 16.398
2454512.67173 16.331
2454512.67481 16.371
2454512.67783 16.368
2454512.68092 16.426
2454512.68396 16.375
2454512.69016 16.437
2454512.70043 16.362
2454512.70344 16.314
2454512.70646 16.283
2454512.71563 16.207
2454512.7187 16.207
2454512.72179 16.245
2454512.76255 16.401
2454512.76973 16.414
2454512.77285 16.371
2454512.77589 16.44
2454512.78205 16.413
2454512.81414 16.414
2454512.81727 16.314
2454512.82035 16.282
2454512.82346 16.367
2454512.82661 16.356
2454512.8329 16.225
