2456274.58 15.341
2456274.58299 15.313
2456274.59077 15.199
2456274.59376 15.19
2456274.59675 15.188
2456274.59973 15.17
2456274.60272 15.151
2456274.60571 15.157
2456274.61467 15.19
2456274.61765 15.217
2456274.62525 15.272
2456274.62823 15.318
2456274.63122 15.346
2456274.63421 15.366
2456274.63719 15.376
2456274.64615 15.276
2456274.64913 15.246
2456274.65212 15.209
2456274.67144 15.199
2456274.67442 15.225
2456274.67741 15.237
2456274.68039 15.244
2456274.70006 15.204
2456274.70305 15.192
2456274.70902 15.144
2456274.71201 15.156
2456274.715 15.14
2456274.71798 15.139
2456274.72097 15.168
2456274.7284 15.17
2456274.73138 15.183
2456274.73438 15.228
2456274.73736 15.223
2456274.74035 15.268
2456274.74632 15.3
2456274.74931 15.313
2456274.75232 15.28
2456274.75531 15.232
2456274.7623 15.154
2456274.7653 15.151
2456274.76829 15.131
2456274.77127 15.16
2456274.77426 15.17
2456274.77726 15.174
2456274.79659 15.307
2456274.79958 15.325
2456274.80556 15.29
2456274.80855 15.265
2456274.81453 15.206
2456274.81753 15.184
2456274.82051 15.171
2456274.8235 15.167
2456274.83095 15.166
2456274.83394 15.131
2456274.83991 15.139
2456274.8429 15.153
2456274.8459 15.207
2456274.84888 15.229
2456274.85186 15.278
2456274.85485 15.299
2456274.85783 15.313
2456274.86515 15.27
2456274.86813 15.227
2456274.87112 15.185
2456274.87411 15.174
2456274.87709 15.162
2456274.88008 15.158
2456274.88307 15.172
2456274.88605 15.169
2456274.88905 15.145
2456274.90239 15.22
2456274.90537 15.263
2456274.90836 15.314
2456274.91135 15.357
