2455028.67146 0.061
2455028.67759 0.057
2455028.68065 0.068
2455028.68372 0.079
2455028.68678 0.076
2455028.68984 0.106
2455028.6929 0.115
2455028.69596 0.135
2455028.69901 0.175
2455028.70613 0.273
2455028.70918 0.279
2455028.71224 0.253
2455028.7153 0.24
2455028.71836 0.204
2455028.72141 0.19
2455028.72447 0.142
2455028.72753 0.135
2455028.73059 0.123
2455028.73765 0.131
2455028.74378 0.145
2455028.74684 0.155
2455028.7499 0.178
2455028.76215 0.231
2455028.76614 0.274
2455028.7692 0.286
2455028.77225 0.258
2455028.77531 0.206
2455028.77837 0.143
2455028.78142 0.103
2455028.78449 0.062
2455028.78754 0.039
2455028.79059 0.045
2455028.79365 0.029
2455028.79745 0.057
2455028.80051 0.081
2455028.80663 0.112
2455028.80969 0.152
2455028.81584 0.233
2455028.8189 0.254
2455028.822 0.256
2455028.82506 0.24
2455028.82903 0.213
2455028.83208 0.204
2455028.83514 0.157
2455028.8382 0.142
2455028.84126 0.118
2455028.84432 0.14
2455028.84737 0.128
2455028.85348 0.16
2455028.85655 0.169
2455028.86031 0.175
2455028.86336 0.15
2455028.86641 0.155
2455028.86952 0.164
2455028.8848 0.223
2455028.88786 0.175
2455028.89163 0.16
2455028.89469 0.105
2455028.89776 0.07
2455028.90082 0.042
2455028.90388 0.053
2455028.90694 0.043
2455028.91003 0.082
2455028.91309 0.087
2455028.91616 0.117
2455028.92628 0.228
2455028.92933 0.283
2455028.93239 0.291
2455028.93545 0.278
2455028.93851 0.215
2455028.94157 0.199
