2456271.63426 14.773
2456271.63728 14.758
2456271.64031 14.757
2456271.64332 14.752
2456271.64635 14.758
2456271.64937 14.764
2456271.65239 14.781
2456271.65534 14.798
2456271.65836 14.849
2456271.66138 14.882
2456271.66879 14.906
2456271.67181 14.864
2456271.67784 14.777
2456271.68086 14.781
2456271.68388 14.754
2456271.6869 14.737
2456271.68992 14.715
2456271.69294 14.733
2456271.69596 14.742
2456271.71579 14.819
2456271.71881 14.856
2456271.72486 14.873
2456271.72788 14.856
2456271.7505 14.762
2456271.75352 14.758
2456271.75654 14.757
2456271.75955 14.739
2456271.76259 14.765
2456271.76561 14.785
2456271.76863 14.816
2456271.77165 14.858
2456271.77467 14.886
2456271.7777 14.932
2456271.78468 14.851
2456271.78771 14.827
2456271.79072 14.819
2456271.79375 14.777
2456271.79672 14.726
2456271.79974 14.726
2456271.80275 14.72
2456271.80578 14.732
2456271.80879 14.752
2456271.81182 14.754
2456271.81843 14.762
2456271.82446 14.806
2456271.82748 14.823
2456271.8305 14.855
2456271.83353 14.867
2456271.83655 14.894
2456271.84258 14.821
2456271.84566 14.787
2456271.85029 14.747
2456271.85332 14.726
2456271.8564 14.73
2456271.85942 14.731
2456271.86243 14.719
2456271.8655 14.709
2456271.86852 14.721
2456271.87157 14.739
2456271.87466 14.768
2456271.87768 14.782
2456271.8849 14.903
2456271.88791 14.936
2456271.89099 14.942
2456271.89403 14.897
2456271.89712 14.879
2456271.90019 14.833
2456271.90327 14.807
2456271.90629 14.779
2456271.90932 14.778
2456271.9124 14.749
