2454506.57011 15.998
2454506.57307 16.075
2454506.57609 16.156
2454506.57903 16.118
2454506.58204 16.066
2454506.58504 16.226
2454506.58799 16.22
2454506.59101 16.213
2454506.59399 16.208
2454506.59699 16.193
2454506.59998 16.217
2454506.603 16.101
2454506.60601 16.144
2454506.60902 16.079
2454506.61204 16.087
2454506.618 16.105
2454506.62103 16.045
2454506.624 16.092
2454506.63078 16.12
2454506.6338 16.122
2454506.63681 16.174
2454506.63976 16.204
2454506.64278 16.198
2454506.64576 16.174
2454506.65475 16.215
2454506.65775 16.144
2454506.66077 16.111
2454506.66377 16.068
2454506.66678 16.034
2454506.66977 15.993
2454506.67277 15.961
2454506.67574 15.978
2454506.67874 16.001
2454506.68172 16.021
2454506.6847 15.996
2454506.68772 16.085
2454506.69447 16.211
2454506.70046 16.298
2454506.70346 16.271
2454506.70647 16.229
2454506.7095 16.239
2454506.71248 16.252
2454506.71548 16.172
2454506.71851 16.097
2454506.72151 16.158
2454506.72448 16.082
2454506.72749 16.115
2454506.73047 16.111
2454506.73635 16.111
2454506.74781 16.135
2454506.75871 16.172
2454506.77148 16.088
2454506.77445 16.115
2454506.77735 16.043
2454506.78024 16.022
2454506.78309 16.045
2454506.84005 16.184
2454506.84296 16.157
2454506.84585 16.12
