2455043.62223 1.059
2455043.62383 1.021
2455043.62545 1.039
2455043.62705 1.061
2455043.62866 1.061
2455043.63027 1.069
2455043.63187 1.063
2455043.63349 1.085
2455043.6351 1.07
2455043.63671 1.06
2455043.64372 1.033
2455043.64746 1.085
2455043.6491 1.063
2455043.65071 1.082
2455043.65231 1.096
2455043.65393 1.121
2455043.65594 1.144
2455043.65795 1.124
2455043.65957 1.127
2455043.66118 1.126
2455043.66278 1.1
2455043.67072 1.044
2455043.67233 1.017
2455043.67394 0.962
2455043.67554 0.955
2455043.67877 0.969
2455043.68038 0.967
2455043.682 0.972
2455043.68524 1.008
2455043.69234 1.007
2455043.69401 1.008
2455043.69562 1.036
2455043.69723 1.042
2455043.69885 1.05
2455043.70045 1.04
2455043.70207 1.097
2455043.70368 1.135
2455043.70529 1.129
2455043.7069 1.145
2455043.71567 1.167
2455043.71728 1.163
2455043.71889 1.127
2455043.72049 1.109
2455043.7221 1.096
2455043.72694 1.071
2455043.72854 1.057
2455043.73015 1.078
2455043.73721 1.047
2455043.73887 1.056
2455043.74048 1.076
2455043.7421 1.071
2455043.74371 1.07
2455043.74532 1.069
2455043.74693 1.062
2455043.74854 1.073
2455043.75015 1.044
2455043.75175 1.039
2455043.76259 1.094
2455043.7642 1.116
2455043.76582 1.129
2455043.76743 1.137
2455043.76904 1.139
2455043.77226 1.123
2455043.77388 1.1
2455043.77548 1.074
2455043.78633 0.942
2455043.78795 0.957
2455043.78956 0.947
2455043.79117 0.926
2455043.79278 0.945
2455043.79438 0.927
2455043.79599 0.969
2455043.7976 0.934
2455043.79921 0.967
2455043.80853 0.987
2455043.81015 1.048
2455043.81175 1.055
2455043.81336 1.104
2455043.81497 1.145
2455043.81658 1.151
2455043.81819 1.16
2455043.8198 1.166
2455043.82141 1.171
2455043.82303 1.146
2455043.83011 1.102
2455043.83178 1.112
2455043.8334 1.088
2455043.83502 1.071
2455043.83664 1.061
2455043.83825 1.049
2455043.83986 1.037
2455043.84147 1.047
2455043.84308 1.028
2455043.84469 1.049
2455043.85429 1.067
