2456279.59507 15.081
2456279.59808 15.096
2456279.60109 15.082
2456279.60409 15.123
2456279.6071 15.15
2456279.61009 15.19
2456279.61312 15.219
2456279.61613 15.23
2456279.62529 15.142
2456279.62832 15.1
2456279.63134 15.068
2456279.63435 15.063
2456279.63734 15.05
2456279.64038 15.02
2456279.64336 15.031
2456279.64636 15.022
2456279.64937 15.003
2456279.66066 15.057
2456279.66364 15.1
2456279.66664 15.123
2456279.66964 15.152
2456279.67264 15.149
2456279.676 15.157
2456279.679 15.141
2456279.68201 15.089
2456279.68465 15.035
2456279.68804 15.053
2456279.69766 14.995
2456279.70065 14.996
2456279.70365 14.983
2456279.70665 15.002
2456279.70965 15.029
2456279.71266 15.009
2456279.71567 15.049
2456279.71868 15.094
2456279.72167 15.153
2456279.72468 15.15
2456279.73284 15.146
2456279.73586 15.098
2456279.73885 15.07
2456279.7422 15.033
2456279.7452 15.016
2456279.7482 14.991
2456279.77156 15.065
2456279.77754 15.112
2456279.78055 15.124
2456279.78355 15.152
2456279.78656 15.165
2456279.78994 15.144
2456279.7926 15.093
2456279.79562 15.058
2456279.804 14.993
2456279.80737 15.002
2456279.81038 15.009
2456279.81304 14.985
2456279.82203 14.985
2456279.82503 15.017
2456279.82841 15.035
2456279.83135 15.078
2456279.83942 15.193
2456279.84241 15.148
2456279.84542 15.111
2456279.84844 15.082
2456279.85145 15.065
2456279.85444 15.032
2456279.85743 15.031
2456279.86043 15.008
2456279.86344 15.029
2456279.86645 15.04
2456279.87476 15.025
2456279.87776 15.026
2456279.88077 15.048
2456279.88379 15.074
2456279.88718 15.098
2456279.89019 15.137
2456279.89318 15.159
