2455027.67104 0.213
2455027.67405 0.207
2455027.67705 0.257
2455027.6801 0.261
2455027.68315 0.294
2455027.68921 0.334
2455027.69225 0.406
2455027.69625 0.441
2455027.69926 0.476
2455027.70232 0.474
2455027.72057 0.413
2455027.7236 0.393
2455027.73994 0.469
2455027.74296 0.486
2455027.74601 0.471
2455027.76153 0.628
2455027.79141 0.382
2455027.79446 0.391
2455027.79751 0.406
2455027.80055 0.42
2455027.8036 0.439
2455027.80664 0.466
2455027.80969 0.502
2455027.81276 0.536
2455027.8158 0.477
2455027.8228 0.412
2455027.82584 0.374
2455027.83189 0.302
2455027.83494 0.286
2455027.83799 0.296
2455027.84101 0.319
2455027.84405 0.367
2455027.8471 0.365
2455027.89295 0.208
2455027.89902 0.225
2455027.90206 0.239
2455027.92734 0.455
2455027.93038 0.4
2455027.93342 0.37
2455027.93648 0.383
2455027.93953 0.348
