2456273.56008 15.139
2456273.56307 15.214
2456273.56606 15.227
2456273.56905 15.232
2456273.57503 15.193
2456273.58699 15.106
2456273.59474 15.104
2456273.59773 15.102
2456273.60371 15.099
2456273.6067 15.096
2456273.60968 15.116
2456273.61269 15.143
2456273.61567 15.161
2456273.62165 15.25
2456273.62935 15.23
2456273.63234 15.165
2456273.63533 15.148
2456273.63832 15.105
2456273.64131 15.116
2456273.6443 15.081
2456273.6473 15.075
2456273.65028 15.087
2456273.65327 15.082
2456273.65626 15.064
2456273.66664 15.099
2456273.67859 15.228
2456273.70136 15.094
2456273.70435 15.086
2456273.70733 15.103
2456273.71032 15.106
2456273.71332 15.106
2456273.71631 15.094
2456273.7193 15.118
2456273.72228 15.08
2456273.72527 15.109
2456273.73354 15.229
2456273.73652 15.227
2456273.73952 15.249
2456273.74548 15.221
2456273.74847 15.17
2456273.75146 15.14
2456273.75445 15.103
2456273.75743 15.099
2456273.76042 15.075
2456273.77399 15.09
2456273.77698 15.108
2456273.77996 15.137
2456273.78295 15.17
2456273.78594 15.204
2456273.78892 15.272
2456273.79191 15.312
2456273.7949 15.323
2456273.80259 15.217
2456273.80558 15.169
2456273.81755 15.124
2456273.8295 15.158
2456273.83803 15.176
2456273.84101 15.223
2456273.844 15.253
2456273.84699 15.295
2456273.84998 15.27
2456273.85297 15.287
2456273.85596 15.245
2456273.85894 15.193
2456273.86192 15.146
2456273.86491 15.121
2456273.87291 15.101
2456273.8759 15.097
2456273.87889 15.087
2456273.88187 15.076
2456273.88485 15.088
2456273.88784 15.109
2456273.89082 15.105
2456273.89981 15.262
