2455980.95125 2.705
2455980.95443 2.701
2455980.95853 2.673
2455980.96579 2.633
2455980.96829 2.726
2455980.96987 2.721
2455980.97146 2.711
2455980.97396 2.734
2455980.97556 2.705
2455980.97713 2.747
2455980.97963 2.747
2455980.9812 2.79
2455980.98279 2.843
2455980.9853 2.87
2455980.98688 2.88
2455980.98847 2.96
2455980.99098 2.944
2455980.99257 2.95
2455980.99414 2.974
2455980.99667 2.957
2455980.99824 2.97
2455980.99983 2.953
2455981.00234 2.953
2455981.00391 2.97
2455981.00549 2.975
2455981.00798 2.895
2455981.00956 2.866
2455981.01115 2.838
2455981.01366 2.866
2455981.01524 2.814
2455981.01683 2.825
2455981.01934 2.775
2455981.02094 2.752
2455981.02252 2.744
2455981.02501 2.706
2455981.02661 2.716
2455981.02818 2.688
2455981.03068 2.639
2455981.03228 2.687
2455981.03387 2.679
2455981.04201 2.628
2455981.04359 2.628
2455981.04519 2.646
2455981.04928 2.625
2455981.05086 2.627
2455981.05336 2.691
2455981.05494 2.701
2455981.05653 2.766
2455981.05904 2.852
2455981.06063 2.859
2455981.0622 2.923
2455981.0647 2.913
2455981.06627 2.946
2455981.06786 2.979
2455981.07036 2.878
2455981.07196 2.96
2455981.07353 2.893
2455981.07603 2.943
2455981.07762 2.891
2455981.0792 2.927
2455981.08171 2.973
2455981.0833 2.889
2455981.08486 2.905
2455981.08737 2.834
2455981.08896 2.863
2455981.09053 2.804
2455981.10384 2.669
2455981.10542 2.616
2455981.10699 2.599
2455981.12032 2.698
2455981.1219 2.705
2455981.12347 2.719
2455981.13674 2.935
2455981.13832 2.932
2455981.1399 2.967
2455981.15324 2.987
2455981.15483 2.957
2455981.15641 2.97
2455981.16976 2.745
2455981.17134 2.716
2455981.17293 2.696
2455981.1862 2.633
2455981.1878 2.626
2455981.18938 2.629
2455981.20258 2.8
2455981.20416 2.805
2455981.20574 2.835
2455981.21928 2.927
2455981.22085 2.918
2455981.22243 2.93
2455981.23593 2.845
2455981.2375 2.858
2455981.2391 2.831
2455981.25232 2.691
2455981.25391 2.591
