2455981.95088 0.76
2455981.95245 0.831
2455981.95404 0.823
2455981.95656 0.815
2455981.96223 0.873
2455981.96382 0.855
2455981.97932 0.749
2455981.9809 0.745
2455981.98498 0.727
2455981.98657 0.686
2455981.98815 0.669
2455981.99066 0.643
2455981.99225 0.633
2455981.99382 0.604
2455981.99633 0.585
2455981.99792 0.577
2455981.9995 0.592
2455982.00203 0.54
2455982.0036 0.588
2455982.0052 0.619
2455982.00769 0.628
2455982.00928 0.611
2455982.01088 0.627
2455982.01339 0.67
2455982.01497 0.647
2455982.01654 0.704
2455982.01905 0.732
2455982.02064 0.78
2455982.02221 0.743
2455982.02473 0.76
2455982.03041 0.84
2455982.03198 0.826
2455982.03354 0.899
2455982.03632 0.954
2455982.03792 0.882
2455982.03949 0.968
2455982.04357 0.915
2455982.04514 0.938
2455982.04766 0.963
2455982.04924 0.906
2455982.05082 0.862
2455982.05332 0.827
2455982.05491 0.79
2455982.05648 0.766
2455982.05899 0.691
2455982.06057 0.684
2455982.06214 0.684
2455982.06463 0.624
2455982.0662 0.606
2455982.06779 0.604
2455982.0703 0.567
2455982.07188 0.596
2455982.07345 0.601
2455982.07595 0.586
2455982.07754 0.606
2455982.0791 0.594
2455982.08161 0.579
2455982.08318 0.615
2455982.08476 0.623
2455982.09801 0.777
2455982.09958 0.824
2455982.10116 0.836
2455982.11448 0.89
2455982.11607 0.898
2455982.11765 0.856
2455982.13156 0.727
2455982.13315 0.706
2455982.13473 0.74
2455982.14803 0.562
2455982.14963 0.568
2455982.15119 0.575
2455982.18097 0.944
2455982.18256 0.896
2455982.18413 0.906
2455982.19766 0.786
2455982.19924 0.778
2455982.20081 0.754
2455982.23159 0.591
2455982.23317 0.598
2455982.23477 0.589
2455982.24858 0.87
2455982.25014 0.772
