2454623.91071 1.683
2454623.91425 1.635
2454623.91771 1.649
2454623.93256 1.586
2454623.93569 1.613
2454623.93938 1.636
2454623.95612 1.594
2454623.95935 1.572
2454623.96289 1.589
2454623.97813 1.57
2454623.9814 1.591
2454623.98493 1.589
2454623.99999 1.601
2454624.00353 1.591
2454624.0067 1.595
2454624.03385 1.592
2454624.037 1.554
2454624.04041 1.584
2454624.06563 1.639
2454624.06884 1.6
2454624.07226 1.58
2454624.09673 1.597
2454624.10021 1.551
2454624.10362 1.536
2454624.1278 1.585
2454624.13122 1.596
2454624.13456 1.62
2454624.14895 1.553
2454624.15207 1.552
2454624.15542 1.58
2454624.17549 1.57
2454624.1786 1.608
2454624.18197 1.613
2454624.19591 1.568
2454624.19933 1.598
2454624.20269 1.609
2454624.21682 1.502
2454624.21994 1.547
2454624.2235 1.541
2454624.2375 1.593
2454624.24091 1.561
2454624.24447 1.599
2454624.25831 1.578
2454624.26166 1.635
