2454624.98456 1.505
2454624.98765 1.418
2454624.99137 1.487
2454625.00779 1.468
2454625.01115 1.449
2454625.01439 1.462
2454625.02943 1.386
2454625.03259 1.43
2454625.0361 1.402
2454625.05089 1.444
2454625.05429 1.448
2454625.05745 1.439
2454625.07247 1.357
2454625.07561 1.331
2454625.07932 1.389
2454625.09398 1.357
2454625.11519 1.447
2454625.11861 1.417
2454625.12176 1.465
2454625.13657 1.441
2454625.13999 1.468
2454625.14316 1.465
2454625.15817 1.462
2454625.16132 1.479
2454625.16495 1.43
2454625.17957 1.418
2454625.18299 1.44
2454625.18613 1.433
2454625.20145 1.507
2454625.2046 1.484
2454625.20817 1.515
2454625.22307 1.533
2454625.22625 1.506
2454625.22992 1.555
2454625.24453 1.481
2454625.24767 1.542
2454625.25127 1.467
