2454551.6038 2.791
2454551.6067 2.791
2454551.64222 2.657
2454551.64515 2.637
2454551.64804 2.669
2454551.651 2.778
2454551.65385 2.766
2454551.70307 2.711
2454551.70588 2.686
2454551.75978 2.71
2454551.76251 2.664
2454551.76531 2.756
2454551.76808 2.678
2454551.77086 2.781
2454551.77367 2.801
2454551.77645 2.905
2454551.7847 2.88
2454551.80763 2.767
2454551.81034 2.84
2454551.81311 2.763
2454551.81589 2.739
2454551.83023 2.675
2454551.83296 2.703
2454551.83568 2.75
2454551.83838 2.757
2454551.8411 2.72
2454551.84653 2.846
2454551.8585 2.829
2454551.86128 2.845
2454551.86407 2.83
2454551.8668 2.691
2454551.86961 2.685
2454551.90617 2.909
2454551.91513 2.843
2454551.91784 2.843
2454551.92328 2.877
