2454550.68313 1.665
2454550.68606 1.617
2454550.69335 1.747
2454550.69528 1.763
2454550.6979 1.853
2454550.71174 1.905
2454550.71459 1.912
2454550.71755 1.864
2454550.7234 1.794
2454550.72635 1.796
2454550.72926 1.714
2454550.73225 1.663
2454550.74797 1.622
2454550.75346 1.669
2454550.77654 1.85
2454550.84248 1.836
2454550.84527 1.832
2454550.84809 1.756
2454550.8509 1.773
2454550.85374 1.766
2454550.85657 1.691
2454550.85937 1.686
2454550.86218 1.66
2454550.86497 1.669
2454550.87157 1.65
2454550.91964 1.663
2454550.92528 1.676
