2455735.8353 15.601
2455735.83889 15.601
2455735.8425 15.673
2455735.8461 15.695
2455735.85329 15.765
2455735.85688 15.812
2455735.86048 15.819
2455735.86408 15.826
2455735.87129 15.768
2455735.87489 15.726
2455735.87848 15.753
2455735.8821 15.725
2455735.88571 15.696
2455735.88931 15.671
2455735.89291 15.673
2455735.89652 15.65
2455735.91669 15.646
2455735.92029 15.612
2455735.92751 15.704
2455735.93111 15.734
2455735.93472 15.771
2455735.93832 15.757
2455735.94193 15.733
2455735.94554 15.704
2455735.96823 15.741
2455735.97294 15.716
2455735.97666 15.744
2455735.98044 15.671
2455735.98594 15.657
2455735.98955 15.665
2455735.99315 15.65
2455735.99697 15.615
2455736.00066 15.669
2455736.00436 15.665
2455736.00818 15.716
2455736.01177 15.787
2455736.0154 15.837
2455736.019 15.868
2455736.0226 15.874
2455736.02622 15.847
2455736.02992 15.83
2455736.03352 15.826
2455736.03713 15.812
2455736.04074 15.823
2455736.04434 15.824
2455736.04796 15.846
2455736.05165 15.852
2455736.05526 15.84
2455736.05896 15.835
2455736.06257 15.789
2455736.06627 15.798
2455736.07008 15.798
2455736.07378 15.785
2455736.07738 15.795
2455736.08108 15.831
2455736.08469 15.844
2455736.08848 15.911
2455736.09209 15.955
2455736.09587 15.988
2455736.09973 16.002
2455736.10343 16.061
2455736.1073 16.042
2455736.11099 16.044
2455736.11469 16.014
2455736.1183 16.039
2455736.1219 16.029
2455736.12551 15.986
2455736.12931 15.975
2455736.13292 15.937
2455736.13682 15.92
2455736.14061 15.9
2455736.1444 15.855
2455736.14801 15.872
2455736.1517 15.827
2455736.1553 15.824
2455736.1589 15.823
2455736.16251 15.807
2455736.16718 15.847
2455736.17078 15.826
2455736.17448 15.834
2455736.17817 15.929
2455736.18186 15.927
2455736.18585 15.962
