2455731.85223 15.517
2455731.86309 15.447
2455731.86669 15.462
2455731.87029 15.454
2455731.89487 15.63
2455731.8985 15.597
2455731.9021 15.575
2455732.0305 15.596
2455732.07181 15.572
2455732.07699 15.7
2455732.091 15.701
2455732.09461 15.766
2455732.10542 15.732
2455732.12558 15.694
2455732.12948 15.765
2455732.14026 15.966
2455732.14388 15.952
2455732.14748 16.02
2455732.1511 15.968
2455732.15472 15.953
2455732.15832 16.028
2455732.162 15.989
2455732.1656 15.939
2455732.1692 16.041
2455732.17281 16.023
2455732.17641 16.034
2455732.18003 16.002
2455732.18423 16.007
2455732.18783 16.019
2455732.19143 16.021
2455732.19503 15.936
