2455738.82798 15.771
2455738.83154 15.783
2455738.83511 15.851
2455738.83866 15.876
2455738.84222 15.925
2455738.84579 15.971
2455738.84935 16.009
2455738.85293 16.018
2455738.8565 16.041
2455738.86007 16.003
2455738.86363 15.98
2455738.86719 15.966
2455738.87075 15.97
2455738.87431 15.95
2455738.87787 15.957
2455738.88143 15.959
2455738.88498 15.952
2455738.88854 15.92
2455738.89212 15.884
2455738.89568 15.894
2455738.89924 15.865
2455738.9028 15.861
2455738.90636 15.848
2455738.90992 15.856
2455738.91348 15.888
2455738.91707 15.929
2455738.92065 15.974
2455738.92422 16.038
2455738.9278 16.1
2455738.93135 16.143
2455738.93492 16.15
2455738.93847 16.105
2455738.94203 16.073
2455738.9737 15.836
2455738.97732 15.793
2455738.98092 15.762
2455738.98453 15.751
2455738.98819 15.74
2455739.04317 15.818
2455739.04677 15.783
2455739.05053 15.841
2455739.05413 15.781
2455739.0578 15.746
2455739.06142 15.723
2455739.06501 15.726
2455739.06862 15.704
2455739.07223 15.714
2455739.07584 15.742
2455739.07952 15.755
2455739.0834 15.831
2455739.08714 15.884
2455739.09075 15.91
2455739.09442 15.943
2455739.0983 15.918
2455739.1019 15.896
2455739.10551 15.913
2455739.10911 15.822
2455739.11272 15.82
2455739.11632 15.806
2455739.11999 15.787
2455739.12361 15.767
2455739.12729 15.765
2455739.13096 15.761
2455739.13458 15.705
2455739.1418 15.724
2455739.14541 15.725
2455739.14902 15.751
2455739.15282 15.78
2455739.15657 15.816
2455739.16034 15.855
2455739.16395 15.877
2455739.16764 15.902
2455739.17132 15.885
2455739.17493 15.935
2455739.17876 15.877
