2454460.67407 1.573
2454460.67485 1.57
2454460.67562 1.562
2454460.67717 1.553
2454460.67872 1.559
2454460.6795 1.587
2454460.68105 1.612
2454460.6826 1.588
2454460.68492 1.649
2454460.6857 1.652
2454460.68647 1.679
2454460.68725 1.67
2454460.68802 1.646
2454460.69035 1.725
2454460.6919 1.719
2454460.69345 1.745
2454460.69423 1.777
2454460.695 1.698
2454460.6981 1.841
2454460.70198 1.894
2454460.70353 1.934
2454460.7043 1.915
2454460.70508 1.925
2454460.7105 1.946
2454460.71128 1.997
2454460.71205 2.018
2454460.71283 1.978
2454460.71438 1.975
2454460.71516 2.044
2454460.71593 1.982
2454460.71671 1.929
2454460.71825 1.922
2454460.71903 1.946
2454460.7198 1.948
2454460.72368 1.913
2454460.72446 1.897
2454460.72523 1.858
2454460.72678 1.879
2454460.72756 1.859
2454460.72833 1.894
2454460.73144 1.828
2454460.73221 1.814
2454460.73299 1.794
2454460.73531 1.763
2454460.73686 1.705
2454460.73764 1.675
2454460.73841 1.661
2454460.74074 1.61
2454460.74229 1.613
2454460.74384 1.562
2454460.74539 1.554
2454460.74617 1.542
2454460.74772 1.529
2454460.74927 1.507
2454460.75005 1.495
2454460.75082 1.51
2454460.7516 1.518
2454460.75237 1.508
2454460.75315 1.502
2454460.75392 1.491
2454460.7547 1.501
2454460.75548 1.497
2454460.7578 1.489
2454460.75858 1.49
2454460.75935 1.502
2454460.76013 1.511
2454460.76091 1.536
2454460.76323 1.53
2454460.76478 1.549
2454460.76556 1.545
2454460.76634 1.574
2454460.76711 1.562
2454460.76866 1.591
2454460.76944 1.617
2454460.77176 1.638
2454460.77332 1.657
2454460.77411 1.65
2454460.77488 1.661
2454460.77566 1.678
2454460.77721 1.681
2454460.77876 1.724
2454460.77953 1.742
2454460.78264 1.81
2454460.78341 1.77
2454460.78419 1.809
2454460.78574 1.81
2454460.78652 1.824
2454460.7873 1.857
2454460.78807 1.845
2454460.78884 1.839
2454460.78962 1.858
2454460.79118 1.829
2454460.79274 1.853
2454460.79351 1.848
2454460.79429 1.876
2454460.79661 1.847
2454460.79816 1.866
2454460.79971 1.911
2454460.80204 1.879
2454460.80359 1.874
2454460.80514 1.893
2454460.80669 1.91
2454460.80746 1.923
2454460.80824 1.914
2454460.80901 1.891
2454460.81056 1.871
2454460.81211 1.847
2454460.81444 1.769
2454460.81521 1.746
2454460.81599 1.729
2454460.81677 1.71
2454460.81754 1.699
2454460.81832 1.682
2454460.81909 1.669
2454460.81987 1.637
2454460.82064 1.646
2454460.82142 1.654
2454460.82219 1.621
2454460.82297 1.607
2454460.82452 1.587
2454460.82607 1.562
2454460.82685 1.564
2454460.82763 1.553
2454460.82995 1.537
2454460.8315 1.539
2454460.83305 1.544
2454460.83538 1.546
2454460.83693 1.557
2454460.83848 1.541
2454460.84003 1.583
2454460.84158 1.553
2454460.84235 1.575
2454460.8439 1.558
2454460.84545 1.599
2454460.84855 1.643
2454460.84933 1.655
2454460.85166 1.71
2454460.85243 1.706
2454460.85398 1.732
2454460.85476 1.726
2454460.85553 1.762
2454460.85631 1.762
2454460.85786 1.798
2454460.85941 1.832
2454460.86018 1.832
2454460.86096 1.851
2454460.86329 1.867
2454460.86484 1.879
2454460.86639 1.876
2454460.87026 1.925
2454460.87181 1.882
2454460.87336 1.929
2454460.87414 1.922
2454460.87569 1.915
2454460.87724 1.915
2454460.87879 1.887
2454460.88034 1.884
2454460.88189 1.898
2454460.88267 1.87
2454460.88422 1.891
2454460.88577 1.872
2454460.88732 1.864
2454460.8881 1.843
2454460.88888 1.854
2454460.88965 1.852
2454460.8912 1.844
2454460.89275 1.811
2454460.89353 1.802
2454460.8943 1.776
2454460.89663 1.722
2454460.89818 1.689
2454460.89973 1.658
2454460.90206 1.594
2454460.90361 1.551
2454460.90516 1.536
2454460.91058 1.509
2454460.91214 1.509
2454460.91447 1.493
2454460.91757 1.485
2454460.91912 1.481
2454460.92144 1.486
2454460.92222 1.492
2454460.92455 1.506
2454460.9261 1.553
2454460.92765 1.556
2454460.92998 1.602
2454460.93075 1.612
2454460.93153 1.616
2454460.93308 1.626
2454460.93695 1.692
2454460.94005 1.738
2454460.94083 1.732
2454460.94393 1.779
2454460.94549 1.807
2454460.94936 1.858
2454460.95014 1.865
2454460.95091 1.876
2454460.95169 1.871
2454460.95247 1.848
2454460.95401 1.85
2454460.95557 1.88
2454460.95789 1.885
2454460.96021 1.849
2454460.96099 1.857
2454460.96331 1.849
2454460.96487 1.907
2454460.96643 1.902
2454460.96875 1.885
2454460.9703 1.823
2454460.9734 1.776
2454460.97418 1.795
2454460.97728 1.679
2454460.98116 1.6
2454460.98271 1.595
2454460.98348 1.62
2454460.98581 1.555
2454460.98658 1.548
2454460.98891 1.544
2454460.99123 1.531
2454460.99278 1.528
2454460.99434 1.508
2454460.99666 1.503
2454460.99744 1.529
2454460.99821 1.508
2454460.99976 1.546
2454461.00132 1.536
2454461.00364 1.549
2454461.00519 1.554
2454461.00674 1.576
2454461.01062 1.673
2454461.01217 1.679
2454461.01295 1.698
2454461.01373 1.696
2454461.0145 1.686
2454461.01605 1.736
2454461.0176 1.753
2454461.01915 1.831
2454461.01993 1.829
2454461.02226 1.82
2454461.02458 1.86
2454461.02536 1.896
2454461.02691 1.852
2454461.02769 1.911
2454461.03079 1.956
2454461.03156 1.978
2454461.03466 1.996
2454461.03699 1.953
2454461.04009 1.884
2454461.04087 1.944
2454461.04397 1.919
