2454462.63089 1.42
2454462.63399 1.452
2454462.63477 1.485
2454462.63554 1.462
2454462.63632 1.475
2454462.63709 1.495
2454462.63941 1.517
2454462.64096 1.481
2454462.64174 1.489
2454462.64251 1.481
2454462.64484 1.481
2454462.64561 1.485
2454462.64639 1.467
2454462.64717 1.461
2454462.64794 1.463
2454462.65027 1.449
2454462.65104 1.444
2454462.65182 1.447
2454462.65337 1.419
2454462.65492 1.43
2454462.65648 1.4
2454462.65726 1.415
2454462.65804 1.404
2454462.65881 1.396
2454462.6596 1.384
2454462.66194 1.323
2454462.66271 1.32
2454462.66349 1.292
2454462.66426 1.274
2454462.66504 1.249
2454462.66736 1.23
2454462.66814 1.206
2454462.66891 1.179
2454462.67046 1.163
2454462.67279 1.124
2454462.67434 1.101
2454462.67512 1.109
2454462.67589 1.089
2454462.67822 1.091
2454462.67977 1.061
2454462.68132 1.046
2454462.68364 1.067
2454462.68442 1.061
2454462.68519 1.072
2454462.68674 1.081
2454462.68752 1.088
2454462.68907 1.098
2454462.68984 1.091
2454462.69062 1.089
2454462.69139 1.101
2454462.69217 1.119
2454462.69295 1.115
2454462.69527 1.15
2454462.69682 1.152
2454462.6976 1.166
2454462.69837 1.188
2454462.7007 1.211
2454462.70225 1.245
2454462.70302 1.249
2454462.7038 1.266
2454462.70613 1.297
2454462.70768 1.323
2454462.70846 1.336
2454462.70923 1.336
2454462.71078 1.351
2454462.71156 1.356
2454462.71233 1.357
2454462.71311 1.366
2454462.71389 1.379
2454462.71466 1.366
2454462.71698 1.382
2454462.71776 1.381
2454462.71853 1.375
2454462.72009 1.372
2454462.72086 1.376
2454462.72241 1.382
2454462.72319 1.39
2454462.72396 1.41
2454462.72474 1.385
2454462.72551 1.415
2454462.72629 1.4
2454462.72862 1.377
2454462.73017 1.391
2454462.73095 1.473
2454462.73172 1.422
2454462.7356 1.445
2454462.73637 1.421
2454462.73715 1.45
2454462.73948 1.384
2454462.74103 1.359
2454462.74258 1.319
2454462.74336 1.308
2454462.74413 1.289
2454462.74492 1.275
2454462.7457 1.264
2454462.74647 1.233
2454462.74725 1.232
2454462.74803 1.208
2454462.7488 1.198
2454462.75035 1.171
2454462.75113 1.171
2454462.7519 1.16
2454462.75345 1.149
2454462.75423 1.146
2454462.75656 1.115
2454462.75733 1.115
2454462.75966 1.084
2454462.76199 1.059
2454462.79145 1.404
2454462.793 1.444
2454462.79533 1.475
2454462.79688 1.484
2454462.79843 1.497
2454462.8023 1.489
2454462.80386 1.475
2454462.80463 1.476
2454462.80541 1.482
2454462.80773 1.452
2454462.80928 1.466
2454462.81084 1.444
2454462.81161 1.439
2454462.81238 1.443
2454462.81316 1.439
2454462.81394 1.432
2454462.81471 1.405
2454462.81626 1.406
2454462.81859 1.406
2454462.81936 1.394
2454462.82014 1.372
2454462.82091 1.36
2454462.82324 1.316
2454462.82479 1.291
2454462.82635 1.234
2454462.82867 1.183
2454462.83022 1.163
2454462.83177 1.144
2454462.83565 1.096
2454462.8372 1.076
2454462.83875 1.07
2454462.84108 1.058
2454462.84263 1.056
2454462.84418 1.049
2454462.84495 1.055
2454462.84573 1.056
2454462.8465 1.056
2454462.84728 1.068
2454462.84805 1.066
2454462.84883 1.076
2454462.85116 1.083
2454462.85193 1.091
2454462.85271 1.118
2454462.85348 1.108
2454462.85426 1.122
2454462.85659 1.161
2454462.85891 1.179
2454462.85969 1.193
2454462.86202 1.206
2454462.86356 1.232
2454462.86511 1.267
2454462.86666 1.278
2454462.86744 1.314
2454462.86899 1.318
2454462.87054 1.361
2454462.87132 1.345
2454462.87209 1.356
2454462.87287 1.375
2454462.87364 1.387
2454462.87442 1.378
2454462.87597 1.4
2454462.87752 1.403
2454462.87829 1.412
2454462.87907 1.314
2454462.88062 1.43
2454462.88139 1.427
2454462.88217 1.424
2454462.88294 1.426
2454462.88449 1.428
2454462.88527 1.43
2454462.88605 1.432
2454462.88682 1.461
2454462.8876 1.437
2454462.88915 1.461
2454462.88992 1.441
2454462.8907 1.464
2454462.89147 1.447
2454462.89225 1.47
2454462.89303 1.454
2454462.89458 1.476
2454462.89536 1.473
2454462.89691 1.454
2454462.89846 1.424
2454462.89923 1.413
2454462.90001 1.408
2454462.90078 1.391
2454462.90156 1.33
2454462.90234 1.332
2454462.90389 1.308
2454462.90466 1.296
2454462.90544 1.276
2454462.90621 1.258
2454462.90776 1.226
2454462.91009 1.175
2454462.91086 1.171
2454462.91164 1.151
2454462.91241 1.151
2454462.91396 1.167
2454462.91551 1.114
2454462.91784 1.121
2454462.91939 1.125
2454462.92016 1.121
2454462.92404 1.118
2454462.92481 1.103
2454462.92559 1.108
2454462.92636 1.134
2454462.9411 1.312
2454462.94265 1.341
2454462.94652 1.398
2454462.94885 1.419
2454462.94962 1.469
2454462.95118 1.471
2454462.95195 1.451
2454462.95272 1.466
2454462.9535 1.478
2454462.95427 1.473
2454462.9566 1.477
2454462.95738 1.45
2454462.95815 1.46
2454462.95893 1.476
2454462.96358 1.49
2454462.96513 1.46
2454462.96668 1.459
2454462.96746 1.485
2454462.97056 1.441
2454462.97134 1.438
2454462.97211 1.457
2454462.97288 1.437
2454462.97677 1.431
2454462.97909 1.349
2454462.97987 1.388
2454462.9822 1.351
2454462.98297 1.334
2454462.98375 1.31
2454462.98453 1.295
2454462.9853 1.266
2454462.98608 1.268
2454462.98685 1.253
2454462.98763 1.215
2454462.98995 1.184
2454462.99073 1.159
2454462.9915 1.145
2454462.99228 1.124
2454462.99305 1.117
2454462.9946 1.113
2454462.99538 1.083
2454462.99693 1.095
2454462.99848 1.07
2454463.00003 1.069
2454463.00081 1.056
2454463.00158 1.052
2454463.00236 1.05
2454463.00391 1.044
2454463.00469 1.057
2454463.00547 1.042
2454463.00624 1.062
2454463.00702 1.069
2454463.00934 1.072
2454463.01012 1.078
2454463.0109 1.106
2454463.01167 1.086
2454463.01245 1.091
2454463.01323 1.1
2454463.01478 1.117
2454463.01555 1.135
2454463.01788 1.168
2454463.01865 1.193
2454463.01943 1.177
2454463.0202 1.196
2454463.02098 1.201
2454463.02253 1.231
2454463.0233 1.243
2454463.02485 1.266
2454463.02563 1.269
2454463.02796 1.318
2454463.03028 1.331
2454463.03183 1.376
2454463.03338 1.352
2454463.03416 1.393
2454463.03494 1.386
2454463.03726 1.42
2454463.03881 1.446
