2456750.647527 +17.753
2456750.650496 +17.807
2456750.653453 +17.800
2456750.665276 +17.759
2456750.671186 +17.784
2456750.677540 +17.724
2456750.680494 +17.711
2456750.683444 +17.729
2456750.686396 +17.698
2456750.689349 +17.768
2456750.692302 +17.758
2456750.701163 +17.728
2456750.704120 +17.748
2456750.714601 +17.767
2456750.717560 +17.732
2456750.720516 +17.743
2456750.750399 +17.721
2456750.753358 +17.759
2456750.759267 +17.732
2456750.762227 +17.768
2456750.765185 +17.779
2456750.768139 +17.732
2456750.771100 +17.740
2456750.781230 +17.755
2456750.784188 +17.756
2456750.787141 +17.774
2456750.790099 +17.775
2456750.793054 +17.753
2456750.796012 +17.754
2456750.798962 +17.755
2456750.801923 +17.796
2456750.807829 +17.808
2456750.825909 +17.893
2456750.834778 +17.857
2456750.840682 +17.902
2456750.847738 +17.875
2456750.856598 +17.863
2456750.859550 +17.871
2456750.862505 +17.853
2456750.865462 +17.866
2456750.883528 +17.840
2456750.886482 +17.796
2456750.892392 +17.820
2456750.895350 +17.808
2456750.901261 +17.871
2456750.904215 +17.852
2456750.907172 +17.854
2456750.914166 +17.811
2456750.917120 +17.753
2456750.920077 +17.799
