2455778.65352 16.651
2455778.65657 16.689
2455778.65961 16.684
2455778.66266 16.672
2455778.66573 16.649
2455778.68053 16.65
2455778.68358 16.628
2455778.6866 16.606
2455778.68964 16.592
2455778.69268 16.626
2455778.69573 16.663
2455778.69877 16.71
2455778.70582 16.772
2455778.70887 16.791
2455778.71191 16.784
2455778.71495 16.747
2455778.718 16.692
2455778.72102 16.694
2455778.72406 16.658
2455778.73268 16.62
2455778.73573 16.616
2455778.73876 16.63
2455778.74181 16.632
2455778.74485 16.595
2455778.7479 16.616
2455778.75095 16.593
2455778.83931 16.631
2455778.84235 16.671
2455778.84542 16.642
2455778.84848 16.681
2455778.85153 16.712
2455778.85458 16.745
2455778.86301 16.696
2455778.86609 16.763
2455778.86914 16.693
2455778.87219 16.707
2455778.87526 16.698
2455778.87831 16.684
2455778.88136 16.656
2455778.88848 16.625
2455778.89152 16.644
2455778.89456 16.636
2455778.8976 16.607
2455778.90065 16.619
2455778.90372 16.592
2455778.90678 16.623
2455778.91557 16.671
2455778.91862 16.644
2455778.92168 16.726
2455778.92474 16.676
2455778.92779 16.7
2455778.93084 16.729
2455778.94105 16.735
2455778.9441 16.755
2455778.94714 16.705
2455778.95018 16.741
2455778.95321 16.683
