2456892.660691 +15.888
2456892.663647 +15.897
2456892.666602 +15.893
2456892.669557 +15.917
2456892.687772 +15.928
2456892.690727 +15.953
2456892.693684 +15.964
2456892.716268 +15.950
2456892.719225 +15.967
2456892.722182 +15.963
2456892.728093 +15.928
2456892.731043 +15.948
2456892.742871 +15.948
2456892.758377 +15.981
2456892.767251 +15.973
2456892.773161 +15.956
2456892.786676 +15.893
2456892.789625 +15.895
2456892.792582 +15.890
2456892.801448 +15.846
2456892.810313 +15.887
2456892.816991 +15.910
2456892.822912 +15.917
2456892.840654 +15.944
2456892.850831 +15.896
2456892.853787 +15.869
2456892.856743 +15.890
2456892.865621 +15.876
2456892.871524 +15.902
2456892.877434 +15.897
2456892.884028 +15.917
2456892.910629 +15.995
2456892.921759 +15.923
2456892.930627 +15.926
2456892.936542 +15.910
2456892.942454 +15.925
2456892.945413 +15.906
