2456887.660842 +16.506
2456887.663795 +16.524
2456887.666752 +16.527
2456887.669703 +16.550
2456887.681525 +16.630
2456887.693847 +16.559
2456887.794915 +16.533
2456887.803781 +16.565
2456887.818550 +16.597
2456887.834152 +16.568
2456887.837109 +16.528
2456887.840063 +16.531
2456887.843020 +16.530
2456887.845977 +16.503
2456887.848932 +16.492
2456887.851886 +16.498
2456887.864691 +16.520
2456887.867647 +16.547
2456887.870601 +16.545
2456887.873555 +16.557
2456887.894970 +16.575
2456887.897920 +16.554
2456887.903830 +16.516
2456887.909727 +16.494
2456887.912688 +16.495
2456887.915643 +16.488
2456887.921555 +16.515
2456887.929427 +16.582
2456887.932382 +16.592
2456887.935340 +16.593
2456887.938298 +16.622
2456887.953088 +16.630
2456887.962846 +16.609
