2456279.57838 17.036
2456279.58136 17.004
2456279.58434 17.02
2456279.59031 16.994
2456279.5933 17.01
2456279.59628 16.987
2456279.60225 17.019
2456279.60524 17.018
2456279.60934 17.028
2456279.61232 17.032
2456279.61531 17.043
2456279.62128 16.992
2456279.62427 17.014
2456279.62725 17.059
2456279.63024 17.029
2456279.63323 17.017
2456279.63621 17.058
2456279.64031 16.997
2456279.6433 17.018
2456279.6463 17.03
2456279.64929 17.072
2456279.65826 17.09
2456279.66124 17.088
2456279.66723 17.054
2456279.67134 17.079
2456279.67434 17.082
2456279.67728 17.104
2456279.68027 17.089
2456279.69522 17.0
2456279.69822 17.024
2456279.72622 16.987
2456279.72922 16.969
2456279.73295 16.99
2456279.73893 16.987
2456279.74192 17.001
2456279.7449 17.021
2456279.74789 17.011
2456279.75088 17.005
2456279.75386 16.978
2456279.75686 16.983
2456279.75985 17.05
2456279.76395 17.024
2456279.76693 17.074
2456279.77291 17.024
2456279.77589 17.03
2456279.77888 17.015
2456279.78486 17.053
2456279.79083 17.045
2456279.79493 17.02
2456279.81579 17.058
2456279.82884 16.992
2456279.83183 16.978
2456279.84378 17.003
2456279.84677 17.062
2456279.84976 17.038
2456279.85275 17.002
2456279.85683 17.009
2456279.85982 17.039
2456279.8688 17.009
2456279.87179 17.04
2456279.88075 17.066
2456279.88374 17.052
2456279.88788 17.071
2456279.89086 17.049
2456279.89685 17.047
2456279.89984 17.058
2456279.90283 17.037
2456279.90582 16.979
2456279.90881 17.071
2456279.91179 16.986
2456279.91479 17.059
2456279.91889 17.004
2456279.92187 17.024
2456279.92486 17.066
2456279.93383 17.061
2456279.93682 17.017
2456279.99583 17.029
2456279.99882 17.024
2456280.00181 17.036
2456280.00781 17.057
2456280.01192 17.004
2456280.01492 17.039
2456280.0179 17.018
2456280.02089 16.949
2456280.02388 16.947
