2457439.723816 +16.902
2457439.732695 +16.943
2457439.738616 +16.907
2457439.744537 +16.930
2457439.747499 +16.948
2457439.757118 +16.961
2457439.763039 +16.964
2457439.774877 +16.876
2457439.780804 +16.935
2457439.798912 +16.922
2457439.801869 +16.985
2457439.810744 +16.958
2457439.823036 +16.963
2457439.831918 +16.899
2457439.837849 +16.935
2457439.840814 +16.913
2457439.846735 +16.950
2457439.849699 +16.881
2457439.899833 +16.948
2457439.931315 +16.917
2457439.934275 +16.975
2457439.940203 +16.984
2457439.946129 +16.968
2457439.952048 +16.942
2457439.962419 +16.943
2457439.980182 +16.940
