2456282.54122 16.783
2456282.54421 16.733
2456282.54721 16.744
2456282.55021 16.746
2456282.55319 16.669
2456282.55618 16.679
2456282.55917 16.67
2456282.56215 16.68
2456282.56514 16.697
2456282.56812 16.693
2456282.57225 16.702
2456282.57523 16.649
2456282.57821 16.646
2456282.58119 16.665
2456282.58418 16.645
2456282.59611 16.756
2456282.5991 16.741
2456282.60316 16.751
2456282.60913 16.727
2456282.6121 16.723
2456282.61509 16.679
2456282.61807 16.703
2456282.62106 16.704
2456282.63411 16.677
2456282.63709 16.673
2456282.64008 16.706
2456282.64307 16.732
2456282.64606 16.761
2456282.64904 16.74
2456282.65203 16.742
2456282.65501 16.707
2456282.658 16.723
2456282.67107 16.698
2456282.67406 16.712
2456282.67705 16.694
2456282.68006 16.701
2456282.68306 16.697
2456282.68605 16.694
2456282.68905 16.667
2456282.69204 16.705
2456282.69612 16.703
2456282.69911 16.739
2456282.7021 16.706
2456282.7051 16.722
2456282.70809 16.718
2456282.71108 16.748
2456282.7141 16.75
2456282.71709 16.76
2456282.72007 16.765
2456282.72305 16.755
2456282.72713 16.704
2456282.7301 16.688
2456282.73309 16.715
2456282.73608 16.718
2456282.73908 16.713
2456282.74207 16.695
2456282.74506 16.719
2456282.74804 16.75
2456282.75103 16.75
2456282.75402 16.749
2456282.75811 16.76
2456282.76109 16.79
2456282.76708 16.788
2456282.77006 16.698
2456282.77305 16.667
2456282.77902 16.658
2456282.78202 16.681
2456282.78501 16.738
2456282.78911 16.699
2456282.79209 16.658
2456282.79507 16.695
2456282.79806 16.695
2456282.80104 16.668
2456282.80404 16.676
2456282.80703 16.722
2456282.81001 16.771
2456282.813 16.757
2456282.81599 16.769
2456282.82004 16.791
2456282.82302 16.778
2456282.82601 16.761
2456282.829 16.759
2456282.83199 16.695
2456282.83498 16.758
2456282.83797 16.704
2456282.84096 16.713
2456282.84394 16.709
2456282.84692 16.71
2456282.85102 16.671
2456282.87766 16.709
2456282.89154 16.759
2456282.89752 16.711
2456282.90051 16.73
2456282.9035 16.719
2456282.90948 16.709
2456282.91548 16.74
2456282.91846 16.761
2456282.92254 16.763
2456282.92552 16.755
2456282.92852 16.755
2456282.93151 16.735
2456282.93449 16.76
2456282.93747 16.786
2456282.94645 16.758
2456282.95654 16.651
2456282.95953 16.668
2456282.96552 16.751
2456282.96851 16.752
2456282.9715 16.73
2456282.97449 16.785
2456282.97748 16.712
2456282.98047 16.711
2456282.99058 16.69
2456282.99358 16.682
2456282.99657 16.731
2456282.99957 16.667
2456283.00256 16.684
2456283.00555 16.698
2456283.00855 16.736
2456283.01155 16.698
