2456273.55431 16.837
2456273.5573 16.889
2456273.57221 16.836
2456273.57935 16.853
2456273.58233 16.826
2456273.58532 16.807
2456273.61328 16.804
2456273.61627 16.843
2456273.61926 16.866
2456273.62224 16.842
2456273.62523 16.911
2456273.64128 16.875
2456273.64426 16.877
2456273.64724 16.856
2456273.65023 16.842
2456273.65321 16.818
2456273.6562 16.823
2456273.65917 16.807
2456273.66216 16.779
2456273.6782 16.893
2456273.71916 16.785
2456273.72216 16.802
2456273.73191 16.868
2456273.73492 16.891
2456273.7379 16.879
2456273.74089 16.883
2456273.74388 16.866
2456273.74985 16.816
2456273.75284 16.827
2456273.75582 16.832
2456273.7599 16.862
2456273.76289 16.844
2456273.76588 16.846
2456273.76887 16.826
2456273.77483 16.822
2456273.77783 16.876
2456273.78081 16.852
2456273.7838 16.909
2456273.78677 16.856
2456273.79093 16.866
2456273.79393 16.887
2456273.79691 16.846
2456273.7999 16.883
2456273.8029 16.852
2456273.80588 16.849
2456273.80888 16.871
2456273.81187 16.81
2456273.81485 16.803
2456273.822 16.829
2456273.82499 16.797
2456273.828 16.822
2456273.83098 16.9
2456273.83397 16.885
2456273.83995 16.935
2456273.84295 16.947
2456273.84595 16.938
2456273.84893 16.916
2456273.85304 16.906
2456273.85604 16.881
2456273.85903 16.878
2456273.86205 16.892
2456273.86802 16.913
2456273.87103 16.91
2456273.87401 16.861
2456273.877 16.872
2456273.8841 16.851
2456273.88709 16.867
2456273.89007 16.876
2456273.89302 16.917
2456273.89902 16.912
2456273.91512 16.843
2456273.91811 16.895
2456273.92109 16.873
2456273.92707 16.869
2456273.93009 16.839
2456273.93907 16.808
2456273.94207 16.833
2456273.94616 16.867
2456273.94916 16.829
