2456274.58304 16.85
2456274.60509 16.915
2456274.63908 16.844
2456274.64207 16.788
2456274.64506 16.817
2456274.64916 16.847
2456274.66412 16.835
2456274.66711 16.845
2456274.67009 16.837
2456274.67609 16.835
2456274.68318 16.793
2456274.68617 16.847
2456274.68916 16.8
2456274.69214 16.766
2456274.72009 16.85
2456274.72307 16.839
2456274.72606 16.85
2456274.73203 16.794
2456274.73939 16.872
2456274.74237 16.8
2456274.74537 16.793
2456274.75435 16.77
2456274.75734 16.82
2456274.76332 16.854
2456274.77645 16.852
2456274.78241 16.826
2456274.79437 16.837
2456274.8194 16.854
2456274.82538 16.843
2456274.82951 16.831
2456274.83847 16.849
2456274.84444 16.81
2456274.85042 16.778
2456274.86047 16.794
2456274.86346 16.758
2456274.86645 16.803
2456274.86944 16.809
2456274.87244 16.805
2456274.87542 16.839
2456274.87842 16.792
2456274.8874 16.814
2456274.89149 16.812
2456274.94044 16.795
2456274.94641 16.797
2456274.95944 16.837
2456274.96243 16.778
2456274.96841 16.817
2456274.97736 16.805
2456274.98449 16.848
2456274.98749 16.89
2456274.99045 16.863
2456274.99344 16.911
2456274.99943 16.89
2456275.00242 16.854
2456275.00542 16.886
2456275.00841 16.835
2456275.0155 16.851
2456275.01848 16.821
