2457434.738411 +17.098
2457434.741377 +17.090
2457434.747304 +17.084
2457434.750267 +17.092
2457434.753237 +17.090
2457434.756203 +17.081
2457434.759163 +17.096
2457434.762128 +17.076
2457434.774711 +17.114
2457434.777672 +17.072
2457434.783594 +17.089
2457434.798404 +17.118
2457434.806182 +17.108
2457434.812102 +17.111
2457434.842187 +17.096
2457434.845147 +17.086
2457434.848107 +17.148
2457434.851069 +17.121
2457434.854035 +17.161
2457434.857004 +17.147
2457434.859969 +17.115
2457434.862933 +17.131
2457434.865897 +17.112
2457434.873714 +17.067
2457434.876677 +17.072
2457434.882597 +17.102
2457434.885556 +17.124
2457434.891488 +17.126
2457434.894451 +17.164
2457434.897413 +17.158
2457434.900376 +17.133
2457434.907416 +17.135
2457434.910379 +17.133
2457434.913341 +17.132
2457434.916301 +17.111
2457434.919261 +17.128
2457434.925192 +17.094
2457434.962645 +17.157
2457434.965605 +17.167
2457434.968565 +17.112
2457434.975150 +17.105
2457434.978110 +17.113
2457434.981070 +17.111
2457434.986993 +17.095
2457434.992924 +17.091
2457434.995888 +17.114
2457434.998849 +17.141
