2457433.744737 +17.016
2457433.747702 +17.043
2457433.750668 +17.017
2457433.753632 +17.056
2457433.756606 +17.041
2457433.759570 +17.059
2457433.762537 +17.049
2457433.765502 +17.064
2457433.768468 +17.072
2457433.775106 +17.038
2457433.786953 +17.043
2457433.789915 +17.027
2457433.792873 +17.073
2457433.801749 +17.105
2457433.810227 +17.121
2457433.813191 +17.162
2457433.822067 +17.124
2457433.825030 +17.140
2457433.827994 +17.100
2457433.830965 +17.097
2457433.833926 +17.106
2457433.836885 +17.102
2457433.843258 +17.066
2457433.846219 +17.113
2457433.849178 +17.074
2457433.852141 +17.035
2457433.855104 +17.042
2457433.861036 +17.055
2457433.863996 +17.049
2457433.869920 +17.074
2457433.877685 +17.062
2457433.880648 +17.040
2457433.883612 +17.062
2457433.886583 +17.069
2457433.889552 +17.061
2457433.892514 +17.083
2457433.895475 +17.065
2457433.898436 +17.047
2457433.901398 +17.107
2457433.904359 +17.083
2457433.910737 +17.082
2457433.913701 +17.096
2457433.916664 +17.111
2457433.919626 +17.148
2457433.922598 +17.114
2457433.925560 +17.129
2457433.928521 +17.117
2457433.931486 +17.118
2457433.934447 +17.083
2457433.937410 +17.086
2457433.945888 +17.068
2457433.951813 +17.067
2457433.957751 +17.019
2457433.960711 +17.034
2457433.966636 +17.027
2457433.978937 +17.087
2457433.981895 +17.103
2457433.984856 +17.091
2457433.987815 +17.057
2457433.990775 +17.081
2457433.993747 +17.060
2457433.999678 +17.097
2457434.002642 +17.089
2457434.005600 +17.098
