2455071.72064 1.797
2455071.72377 1.768
2455071.7269 1.758
2455071.73002 1.824
2455071.73314 1.849
2455071.73627 1.811
2455071.74363 1.779
2455071.75298 1.762
2455071.7561 1.815
2455071.75922 1.779
2455071.76235 1.825
2455071.76547 1.821
2455071.76859 1.848
2455071.77568 1.821
2455071.77881 1.81
2455071.78507 1.737
2455071.78818 1.767
2455071.79131 1.748
2455071.79443 1.779
2455071.79757 1.767
2455071.80069 1.758
2455071.80463 1.769
2455071.80776 1.765
2455071.81088 1.785
2455071.814 1.755
2455071.81713 1.784
2455071.82026 1.806
2455071.82339 1.817
2455071.82652 1.81
2455071.82964 1.792
2455071.83277 1.755
2455071.83691 1.774
2455071.84006 1.755
2455071.84317 1.78
2455071.84629 1.759
2455071.84942 1.78
2455071.85254 1.786
2455071.85567 1.774
2455071.85878 1.74
2455071.86192 1.741
2455071.86503 1.717
2455071.8692 1.786
2455071.8817 1.801
2455071.88482 1.766
2455071.88798 1.777
2455071.8911 1.74
2455071.89423 1.741
2455071.89736 1.741
2455071.9109 1.717
2455071.91404 1.759
2455071.91716 1.776
2455071.92029 1.805
2455071.92337 1.773
2455071.92649 1.773
2455071.92961 1.8
2455071.9338 1.797
2455071.93692 1.745
2455071.94005 1.763
2455071.94319 1.727
2455071.9463 1.742
2455071.94943 1.783
