2455065.6431 2.408
2455065.64937 2.38
2455065.65248 2.404
2455065.65559 2.343
2455065.65873 2.332
2455065.66184 2.384
2455065.66498 2.355
2455065.66812 2.346
2455065.67123 2.377
2455065.68161 2.427
2455065.68472 2.399
2455065.68784 2.347
2455065.69095 2.367
2455065.69408 2.423
2455065.69722 2.385
2455065.70035 2.35
2455065.71077 2.378
2455065.71389 2.397
2455065.71703 2.378
2455065.72014 2.391
2455065.72638 2.415
2455065.7295 2.411
2455065.7326 2.361
2455065.73573 2.35
2455065.74303 2.46
2455065.74618 2.446
2455065.74929 2.37
2455065.75241 2.372
2455065.75553 2.377
2455065.75865 2.367
2455065.76176 2.398
2455065.76488 2.397
2455065.76801 2.424
2455065.77218 2.407
2455065.77532 2.397
2455065.77845 2.434
2455065.7816 2.403
2455065.78467 2.399
2455065.78784 2.431
2455065.79096 2.452
2455065.79408 2.396
2455065.79719 2.43
2455065.8003 2.413
2455065.80426 2.394
2455065.80738 2.445
2455065.81049 2.38
2455065.81361 2.412
2455065.81676 2.366
2455065.81989 2.375
2455065.82301 2.402
2455065.82612 2.4
2455065.82923 2.408
2455065.83233 2.417
2455065.84874 2.372
2455065.85187 2.361
2455065.85498 2.376
2455065.8581 2.357
2455065.86125 2.339
2455065.86436 2.356
2455065.8685 2.371
2455065.8716 2.41
2455065.87471 2.367
2455065.87782 2.4
2455065.88093 2.361
2455065.88405 2.377
2455065.88717 2.414
2455065.89028 2.377
2455065.90069 2.448
2455065.90381 2.413
2455065.90692 2.391
2455065.91006 2.385
2455065.91318 2.393
2455065.93609 2.384
2455065.93926 2.438
2455065.94242 2.399
2455065.94863 2.433
2455065.95485 2.396
2455065.95798 2.436
2455065.9684 2.427
