2455063.65235 2.323
2455063.6554 2.308
2455063.6585 2.312
2455063.66158 2.353
2455063.66879 2.321
2455063.67805 2.347
2455063.68118 2.317
2455063.68734 2.29
2455063.69354 2.29
2455063.69661 2.281
2455063.70685 2.329
2455063.71304 2.312
2455063.71614 2.329
2455063.71923 2.341
2455063.72542 2.343
2455063.72848 2.34
2455063.73335 2.262
2455063.73641 2.253
2455063.73948 2.276
2455063.7426 2.261
2455063.75497 2.258
2455063.75807 2.267
2455063.76118 2.296
2455063.7653 2.295
2455063.76839 2.32
2455063.77148 2.327
2455063.77458 2.314
2455063.77764 2.308
2455063.78073 2.294
2455063.78383 2.297
2455063.78689 2.309
2455063.78998 2.292
2455063.79303 2.284
2455063.79688 2.311
2455063.79998 2.273
2455063.80304 2.297
2455063.80614 2.297
2455063.81539 2.268
2455063.81845 2.3
2455063.82157 2.317
2455063.82467 2.324
2455063.83167 2.328
2455063.83476 2.337
2455063.83782 2.337
2455063.84091 2.277
2455063.84403 2.294
2455063.84713 2.285
2455063.85021 2.293
2455063.85331 2.25
2455063.86669 2.245
2455063.86979 2.279
2455063.87287 2.28
2455063.87597 2.278
2455063.87906 2.318
2455063.88215 2.293
2455063.89931 2.264
2455063.90238 2.274
2455063.90544 2.267
2455063.90854 2.278
2455063.91164 2.263
2455063.91474 2.282
2455063.9178 2.258
2455063.9209 2.247
2455063.92503 2.237
2455063.92809 2.262
2455063.93117 2.321
2455063.93423 2.301
2455063.93733 2.284
2455063.94041 2.288
2455063.94351 2.276
