2457438.732603 +16.959
2457438.735567 +16.988
2457438.738533 +16.968
2457438.744456 +17.002
2457438.750384 +17.028
2457438.762971 +16.999
2457438.765928 +17.037
2457438.768890 +17.016
2457438.771852 +16.994
2457438.777773 +17.041
2457438.780740 +17.059
2457438.783707 +16.977
2457438.786668 +17.033
2457438.803503 +16.954
2457438.806462 +16.965
2457438.809418 +17.009
2457438.812377 +16.991
2457438.818302 +17.044
2457438.821259 +17.021
2457438.836519 +17.055
2457438.842452 +17.029
2457438.845413 +16.975
2457438.854295 +17.006
2457438.865025 +17.025
2457438.867985 +17.028
2457438.873905 +17.037
2457438.876870 +17.074
2457438.879843 +17.006
2457438.882807 +17.002
2457438.888729 +17.077
2457438.895108 +17.029
2457438.912883 +16.971
2457438.938631 +17.020
2457438.956417 +17.026
2457438.965751 +17.011
2457438.968709 +17.012
2457438.977595 +17.031
