2456283.54297 16.799
2456283.54591 16.695
2456283.54884 16.68
2456283.55178 16.737
2456283.55472 16.721
2456283.55766 16.684
2456283.5606 16.753
2456283.56354 16.742
2456283.56648 16.752
2456283.57054 16.777
2456283.57348 16.767
2456283.57643 16.759
2456283.57937 16.766
2456283.58232 16.781
2456283.58526 16.791
2456283.58822 16.756
2456283.60103 16.717
2456283.60396 16.725
2456283.60987 16.744
2456283.61282 16.724
2456283.63741 16.841
2456283.64035 16.823
2456283.64917 16.753
2456283.65506 16.78
2456283.658 16.775
2456283.66199 16.751
2456283.66494 16.716
2456283.66789 16.714
2456283.67083 16.764
2456283.6738 16.727
2456283.67673 16.75
2456283.67968 16.799
2456283.68262 16.813
2456283.68557 16.794
2456283.68853 16.863
2456283.69305 16.822
2456283.69602 16.794
2456283.69898 16.783
2456283.70192 16.758
2456283.70488 16.779
2456283.70783 16.757
2456283.71078 16.709
2456283.71373 16.695
2456283.71668 16.709
2456283.71963 16.708
2456283.72664 16.746
2456283.74435 16.749
2456283.7473 16.825
2456283.75026 16.769
2456283.75726 16.749
2456283.76021 16.777
2456283.76315 16.78
2456283.7661 16.787
2456283.76904 16.744
2456283.77199 16.726
2456283.77496 16.791
2456283.77792 16.755
2456283.78086 16.734
2456283.7849 16.759
2456283.78785 16.759
2456283.79079 16.797
2456283.79374 16.803
2456283.79671 16.797
2456283.79966 16.856
2456283.80261 16.766
2456283.80555 16.804
2456283.80851 16.799
2456283.81146 16.786
2456283.8155 16.805
2456283.81845 16.769
2456283.82139 16.804
2456283.82433 16.787
2456283.82727 16.748
2456283.83022 16.785
2456283.83317 16.794
2456283.83613 16.783
2456283.83908 16.729
2456283.84202 16.754
2456283.84603 16.749
2456283.84898 16.814
2456283.85193 16.836
2456283.85489 16.768
2456283.85784 16.747
2456283.86374 16.784
2456283.86965 16.772
2456283.8726 16.807
2456283.87663 16.824
2456283.88548 16.775
2456283.88841 16.741
2456283.89135 16.768
2456283.8943 16.713
2456283.89725 16.766
2456283.9002 16.763
2456283.90314 16.828
2456283.91307 16.796
2456283.91601 16.817
2456283.91896 16.798
2456283.92191 16.826
2456283.92486 16.797
2456283.92781 16.791
2456283.93076 16.728
2456283.93371 16.69
2456283.93778 16.684
2456283.94074 16.74
2456283.94663 16.786
2456283.94958 16.811
2456283.95253 16.816
2456283.95547 16.847
2456283.96136 16.848
2456283.9643 16.828
2456283.96833 16.698
2456283.986 16.698
2456283.98895 16.703
2456283.99189 16.797
2456283.99484 16.72
