2456174.92503 14.093
2456174.92876 14.083
2456174.93248 14.073
2456174.9363 14.078
2456174.94002 14.068
2456174.94375 14.061
2456174.94746 14.029
2456174.95118 14.041
2456174.95491 14.067
2456174.95863 14.077
2456174.96234 14.057
2456174.96607 14.074
2456174.96979 14.06
2456174.97351 14.058
2456174.97724 14.085
2456174.98096 14.09
2456174.98468 14.09
2456174.9884 14.067
2456174.99212 14.058
2456174.99584 14.054
2456174.99956 14.06
2456175.0033 14.041
2456175.00701 14.029
2456175.01073 14.033
2456175.01452 14.038
2456175.01824 14.04
2456175.02196 14.033
2456175.02568 14.066
2456175.02941 14.068
2456175.03314 14.11
2456175.03686 14.16
2456175.04058 14.163
2456175.09672 14.085
2456175.10038 14.097
2456175.10405 14.065
2456175.10773 14.072
2456175.11135 14.046
2456175.11498 14.02
2456175.11865 14.021
2456175.12228 14.028
2456175.12603 14.052
2456175.12966 14.051
2456175.13329 14.057
2456175.13695 14.05
2456175.14062 14.047
2456175.14425 14.047
2456175.14789 14.082
2456175.15163 14.07
2456175.15531 14.058
2456175.15899 14.072
2456175.16266 14.042
2456175.16633 14.044
2456175.16997 14.05
2456175.1736 14.049
2456175.17723 14.038
2456175.18091 14.07
2456175.18458 14.066
2456175.18824 14.077
2456175.19191 14.056
2456175.19554 14.053
2456175.19917 14.036
2456175.20284 14.051
2456175.20647 14.081
2456175.21022 14.062
2456175.21386 14.104
2456175.21749 14.037
2456175.22124 14.06
2456175.22491 14.056
2456175.22854 14.06
