2456164.92115 14.233
2456164.92487 14.21
2456164.92863 14.226
2456164.93235 14.235
2456164.93639 14.231
2456164.9401 14.252
2456164.94381 14.27
2456164.95492 14.276
2456164.95877 14.315
2456164.96262 14.295
2456164.96656 14.311
2456164.9704 14.29
2456164.97425 14.273
2456164.97809 14.249
2456164.98202 14.249
2456164.98595 14.258
2456164.98973 14.261
2456164.99352 14.263
2456164.99737 14.252
2456165.00116 14.258
2456165.00501 14.259
2456165.00879 14.292
2456165.01264 14.284
2456165.01658 14.27
2456165.02036 14.281
2456165.02414 14.25
2456165.02791 14.231
2456165.03169 14.215
2456165.03548 14.212
2456165.03933 14.207
2456165.04311 14.231
2456165.05277 14.247
2456165.05654 14.238
2456165.06031 14.203
2456165.06416 14.217
2456165.06793 14.244
2456165.0717 14.254
2456165.07547 14.224
2456165.07932 14.232
2456165.0831 14.223
2456165.08694 14.227
2456165.09071 14.184
2456165.09448 14.199
2456165.09826 14.189
2456165.10203 14.198
2456165.1058 14.206
2456165.10957 14.198
2456165.11334 14.206
2456165.11711 14.206
2456165.12088 14.207
2456165.13152 14.267
2456165.13526 14.272
2456165.13899 14.249
2456165.14273 14.256
2456165.14645 14.226
2456165.15019 14.216
2456165.15393 14.22
2456165.15766 14.226
2456165.1614 14.237
2456165.16513 14.236
2456165.16886 14.25
2456165.17259 14.205
2456165.1764 14.197
2456165.18013 14.215
2456165.18393 14.255
2456165.18779 14.223
2456165.19152 14.196
2456165.19525 14.224
2456165.19898 14.236
2456165.2027 14.203
2456165.20644 14.188
2456165.21017 14.185
2456165.21391 14.171
2456165.21764 14.204
2456165.22512 14.21
2456165.22885 14.201
2456165.23259 14.178
2456165.23632 14.188
2456165.24005 14.225
2456165.24392 14.232
2456165.24766 14.231
2456165.25152 14.234
2456165.25533 14.235
