2456158.01315 14.328
2456158.01683 14.322
2456158.0205 14.325
2456158.02421 14.297
2456158.08207 14.37
2456158.09669 14.364
2456158.1003 14.341
2456158.10394 14.356
2456158.10761 14.352
2456158.11128 14.336
2456158.11492 14.314
2456158.11856 14.341
2456158.12224 14.361
2456158.12593 14.353
2456158.12965 14.334
2456158.13328 14.324
2456158.1369 14.303
2456158.14055 14.299
2456158.19792 14.336
2456158.20197 14.304
2456158.206 14.307
2456158.21006 14.335
2456158.21412 14.324
2456158.21816 14.337
2456158.22221 14.362
2456158.22624 14.355
2456158.23027 14.371
2456158.23431 14.367
2456158.23835 14.392
2456158.24251 14.381
2456158.24656 14.359
2456158.25059 14.342
2456158.25466 14.338
2456158.25869 14.304
2456158.26272 14.308
2456158.26679 14.307
2456158.27082 14.331
2456158.27498 14.319
2456158.27903 14.343
