2455464.64892 14.568
2455464.65494 14.623
2455464.66095 14.59
2455464.67743 14.508
2455464.68042 14.515
2455464.68342 14.485
2455464.68643 14.486
2455464.7054 14.627
2455464.7084 14.641
2455464.72041 14.59
2455464.72641 14.529
2455464.74818 14.454
2455464.75419 14.503
2455464.76019 14.587
2455464.76319 14.59
2455464.76621 14.609
2455464.77615 14.599
2455464.78817 14.536
2455464.79118 14.502
2455464.79419 14.514
2455464.79719 14.481
2455464.80021 14.475
2455464.81368 14.58
2455464.81668 14.602
2455464.81968 14.639
2455464.82268 14.646
2455464.82569 14.638
2455464.83172 14.586
2455464.83471 14.564
2455464.86317 14.485
2455464.87746 14.646
2455464.88047 14.644
2455464.88348 14.623
2455464.88648 14.609
2455464.88948 14.56
2455464.8925 14.57
2455464.89551 14.541
2455464.90152 14.498
2455464.90452 14.538
2455464.91196 14.465
2455464.91797 14.505
2455464.92098 14.519
2455464.92398 14.549
2455464.92999 14.632
2455464.933 14.662
2455464.936 14.66
2455464.94595 14.54
2455464.95196 14.538
