2455463.61264 14.662
2455463.61865 14.57
2455463.62165 14.528
2455463.62466 14.539
2455463.62766 14.507
2455463.63066 14.555
2455463.63365 14.512
2455463.63666 14.477
2455463.63966 14.503
2455463.64666 14.524
2455463.64966 14.564
2455463.65267 14.597
2455463.65568 14.642
2455463.65869 14.67
2455463.66169 14.64
2455463.66469 14.587
2455463.66769 14.55
2455463.6707 14.55
2455463.67371 14.552
2455463.68078 14.521
2455463.69008 14.48
2455463.69909 14.529
2455463.7021 14.563
2455463.70511 14.596
2455463.70812 14.61
2455463.71113 14.608
2455463.71413 14.694
2455463.72406 14.615
2455463.72706 14.556
2455463.73008 14.575
2455463.73308 14.575
2455463.73609 14.532
2455463.7391 14.524
2455463.7421 14.533
2455463.74511 14.504
2455463.74812 14.532
2455463.75111 14.522
2455463.75789 14.562
2455463.76089 14.552
2455463.76389 14.585
2455463.76689 14.585
2455463.76989 14.592
2455463.77289 14.624
2455463.77591 14.649
2455463.77891 14.617
2455463.78192 14.574
2455463.78493 14.589
2455463.79183 14.525
2455463.79484 14.492
2455463.79784 14.505
2455463.80087 14.526
2455463.80386 14.489
2455463.81288 14.547
2455463.81589 14.624
2455463.81891 14.646
2455463.82565 14.641
2455463.82866 14.687
2455463.83166 14.671
2455463.83466 14.62
2455463.83766 14.588
2455463.84067 14.607
2455463.84367 14.523
2455463.84668 14.551
2455463.84969 14.538
2455463.8527 14.509
2455463.86317 14.486
2455463.8662 14.497
2455463.86919 14.567
2455463.87219 14.595
2455463.87823 14.658
2455463.88123 14.658
2455463.88426 14.621
2455463.88725 14.579
2455463.8947 14.559
2455463.89769 14.581
2455463.90071 14.522
2455463.90671 14.495
2455463.91273 14.513
2455463.91574 14.512
2455463.92176 14.57
2455463.9287 14.626
2455463.9317 14.653
2455463.93471 14.665
2455463.93773 14.656
2455463.94073 14.699
2455463.94373 14.633
2455463.94675 14.629
2455463.94976 14.59
2455463.9558 14.586
