2453624.63111 1.637
2453624.63311 1.662
2453624.6371 1.589
2453624.63911 1.543
2453624.64111 1.51
2453624.64313 1.562
2453624.64513 1.493
2453624.64715 1.497
2453624.64909 1.485
2453624.65308 1.481
2453624.65501 1.444
2453624.66321 1.459
2453624.66514 1.485
2453624.66709 1.51
2453624.66903 1.523
2453624.67097 1.528
2453624.6729 1.565
2453624.67484 1.603
2453624.67897 1.65
2453624.6809 1.675
2453624.68285 1.676
2453624.68866 1.694
2453624.69468 1.659
2453624.69671 1.644
2453624.70125 1.622
2453624.70324 1.626
2453624.70523 1.599
2453624.70922 1.574
2453624.71121 1.557
2453624.7132 1.548
2453624.7152 1.51
2453624.71719 1.514
2453624.71918 1.485
2453624.72872 1.464
2453624.73072 1.516
2453624.73273 1.5
2453624.76526 1.662
2453624.77342 1.607
2453624.77542 1.627
2453624.77741 1.558
2453624.77934 1.538
2453624.78327 1.504
2453624.78526 1.455
2453624.78725 1.477
2453624.78923 1.462
2453624.79122 1.449
2453624.79578 1.466
2453624.7998 1.474
2453624.8018 1.484
2453624.80379 1.502
2453624.80581 1.52
2453624.80783 1.563
2453624.80984 1.567
2453624.81847 1.645
2453624.82047 1.69
2453624.82247 1.686
2453624.82847 1.647
2453624.83248 1.647
2453624.83448 1.643
2453624.8365 1.635
2453624.84089 1.629
2453624.84291 1.593
2453624.84492 1.543
2453624.84692 1.55
2453624.84892 1.558
2453624.85092 1.539
2453624.85293 1.501
2453624.85495 1.506
2453624.85694 1.51
2453624.85894 1.49
2453624.86332 1.471
2453624.86532 1.49
2453624.86732 1.491
2453624.86932 1.512
2453624.87133 1.52
2453624.87334 1.537
2453624.87534 1.567
2453624.87736 1.569
2453624.87937 1.594
2453624.88137 1.594
2453624.88779 1.6
2453624.88978 1.643
2453624.89378 1.641
2453624.89579 1.659
2453624.89781 1.663
2453624.89981 1.673
2453624.90381 1.675
2453624.90823 1.653
2453624.91023 1.621
2453624.91223 1.584
2453624.91424 1.576
2453624.91624 1.548
2453624.91824 1.512
2453624.92023 1.495
2453624.92223 1.469
2453624.92425 1.476
2453624.92625 1.452
2453624.9326 1.442
2453624.9346 1.471
