2453625.59977 1.366
2453625.60179 1.357
2453625.60579 1.34
2453625.60778 1.267
2453625.60977 1.253
2453625.61385 1.251
2453625.61587 1.272
2453625.61785 1.262
2453625.62439 1.301
2453625.62638 1.286
2453625.62838 1.299
2453625.63037 1.35
2453625.63236 1.356
2453625.63435 1.37
2453625.63634 1.426
2453625.63834 1.44
2453625.64035 1.48
2453625.64489 1.501
2453625.64688 1.516
2453625.64889 1.472
2453625.6509 1.503
2453625.65289 1.434
2453625.65489 1.441
2453625.65688 1.431
2453625.66086 1.405
2453625.66286 1.371
2453625.66742 1.365
2453625.66942 1.363
2453625.67142 1.327
2453625.67342 1.299
2453625.6774 1.283
2453625.6794 1.289
2453625.6834 1.296
2453625.68538 1.261
2453625.68992 1.276
2453625.69191 1.298
2453625.69389 1.329
2453625.69589 1.336
2453625.69988 1.375
2453625.70188 1.408
2453625.70388 1.403
2453625.71242 1.432
2453625.7164 1.479
2453625.71841 1.458
2453625.72043 1.489
2453625.72441 1.453
2453625.72641 1.46
2453625.7284 1.45
2453625.73042 1.421
2453625.73497 1.382
2453625.73697 1.392
2453625.73896 1.355
2453625.74095 1.317
2453625.74295 1.27
2453625.74495 1.263
2453625.74696 1.252
2453625.74898 1.257
2453625.75097 1.262
2453625.75745 1.269
2453625.75949 1.271
2453625.76149 1.317
2453625.7635 1.316
2453625.76551 1.34
2453625.7675 1.365
2453625.76948 1.379
2453625.77148 1.427
2453625.77347 1.447
2453625.78001 1.497
2453625.784 1.501
2453625.78601 1.466
2453625.788 1.469
2453625.79 1.439
2453625.79598 1.446
2453625.80253 1.382
2453625.80455 1.358
2453625.80653 1.361
2453625.81056 1.37
2453625.81255 1.296
2453625.81454 1.267
2453625.81653 1.272
2453625.81852 1.311
2453625.82051 1.315
2453625.82489 1.287
2453625.82688 1.283
2453625.82888 1.308
2453625.83288 1.351
2453625.8349 1.355
2453625.83689 1.37
2453625.83889 1.406
2453625.8409 1.373
2453625.84291 1.393
2453625.84925 1.404
2453625.85126 1.409
2453625.85327 1.421
2453625.85527 1.468
2453625.85728 1.474
2453625.85929 1.457
2453625.86129 1.5
2453625.86329 1.471
2453625.86528 1.424
2453625.86962 1.378
2453625.87361 1.348
2453625.8756 1.337
2453625.8776 1.312
2453625.87961 1.274
2453625.88162 1.282
2453625.88364 1.287
2453625.88565 1.256
2453625.88767 1.256
2453625.892 1.243
2453625.89602 1.266
2453625.89803 1.268
2453625.90003 1.3
2453625.90202 1.318
2453625.90403 1.305
2453625.90602 1.382
2453625.90801 1.424
2453625.91001 1.443
2453625.91434 1.469
2453625.91833 1.479
2453625.92032 1.515
2453625.92231 1.509
2453625.9243 1.508
2453625.92629 1.509
2453625.92829 1.489
2453625.9303 1.463
2453625.93231 1.472
