2455324.88978 1.219
2455324.89335 1.151
2455324.89693 1.182
2455324.90051 1.205
2455324.90409 1.143
2455324.91423 1.104
2455324.91782 1.173
2455324.9214 1.117
2455324.92498 1.187
2455324.92856 1.097
2455324.93863 1.272
2455324.94222 1.242
2455324.9458 1.24
2455324.94938 1.22
2455324.95297 1.25
2455324.96672 1.171
2455324.9703 1.174
2455324.97388 1.086
2455324.97746 1.125
2455324.98765 1.11
2455324.99123 1.155
2455324.99482 1.119
2455324.99841 1.106
2455325.00199 1.146
2455325.01211 1.207
2455325.0157 1.133
2455325.01928 1.132
2455325.02286 1.147
2455325.02644 1.181
2455325.05344 1.141
2455325.05703 1.197
2455325.06151 1.241
2455325.0651 1.212
2455325.06869 1.177
2455325.07228 1.158
2455325.07587 1.148
2455325.08035 1.124
2455325.08395 1.138
2455325.08753 1.198
2455325.0911 1.157
2455325.09468 1.07
2455325.09925 1.113
2455325.1029 1.124
2455325.1065 1.175
