2456396.90669 16.084
2456396.91057 16.116
2456396.9144 16.088
2456396.91824 16.045
2456396.92207 16.033
2456396.92591 16.034
2456396.92974 15.991
2456396.93357 15.992
2456396.94415 16.012
2456396.94958 16.025
2456396.9534 16.026
2456396.95722 16.027
2456396.96104 16.046
2456396.96487 16.076
2456396.96868 16.119
2456396.97251 16.121
2456396.97633 16.095
2456396.98015 16.048
2456396.98397 15.997
2456396.9878 15.991
2456396.99166 15.993
2456396.99548 16.011
2456396.9993 16.019
2456397.00313 16.031
2456397.00695 16.055
2456397.01078 16.029
2456397.0146 16.06
2456397.01842 16.104
2456397.02224 16.085
2456397.02606 16.074
2456397.03056 16.073
2456397.0343 16.04
2456397.03804 16.011
2456397.04179 16.0
2456397.04553 15.995
2456397.04928 16.009
2456397.05302 16.03
2456397.05676 16.023
2456397.06082 16.026
2456397.06458 16.034
2456397.06832 16.042
2456397.07207 16.06
2456397.07581 16.075
2456397.07955 16.137
2456397.08329 16.113
2456397.08703 16.073
2456397.09078 16.036
2456397.09452 16.037
2456397.09827 15.979
2456397.10201 16.005
2456397.10575 16.0
2456397.10949 16.06
2456397.11324 16.043
2456397.11698 16.059
2456397.12072 16.08
2456397.12447 16.096
2456397.12821 16.081
2456397.13195 16.073
2456397.13569 16.089
2456397.13943 16.064
