2455357.83199 1.823
2455357.83954 1.78
2455357.84334 1.818
2455357.84712 1.792
2455357.85093 1.815
2455357.8547 1.777
2455357.85848 1.755
2455357.86225 1.801
2455357.86602 1.772
2455357.8698 1.783
2455357.87356 1.756
2455357.87733 1.72
2455357.88111 1.739
2455357.88488 1.773
2455357.88865 1.766
2455357.92766 1.795
2455358.08885 1.851
2455358.09281 1.83
2455358.1007 1.834
2455358.10459 1.86
2455358.10859 1.835
2455358.11248 1.857
2455358.11637 1.82
2455358.12037 1.849
2455358.12432 1.812
2455358.12826 1.796
2455358.13214 1.747
2455358.13603 1.751
2455358.13996 1.766
2455358.14385 1.763
2455358.14774 1.749
2455358.19764 1.773
2455358.20163 1.753
2455358.20557 1.809
2455358.20945 1.859
2455358.21344 1.86
2455358.21739 1.876
