2455355.8775 0.806
2455355.88128 0.797
2455355.88504 0.828
2455355.8888 0.846
2455355.89257 0.819
2455355.89642 0.79
2455355.90018 0.831
2455355.90516 0.832
2455355.90893 0.817
2455355.91269 0.804
2455355.91645 0.835
2455355.92022 0.821
2455355.92397 0.835
2455355.92773 0.813
2455355.93149 0.8
2455355.93525 0.812
2455355.93901 0.843
2455355.94277 0.849
2455355.94653 0.846
2455355.95029 0.864
2455355.95404 0.836
2455355.95779 0.82
2455355.96155 0.797
2455355.96531 0.778
2455355.96907 0.799
2455355.97283 0.826
2455355.97659 0.832
2455355.98035 0.837
2455355.9841 0.867
2455355.98786 0.844
2455355.99163 0.87
2455355.99695 0.822
2455356.00077 0.81
2455356.08655 0.821
2455356.0993 0.875
2455356.10341 0.835
2455356.10748 0.807
2455356.11161 0.832
2455356.14395 0.795
2455356.14809 0.84
2455356.15222 0.889
2455356.16072 0.859
2455356.1689 0.79
