2454012.90649 -0.096
2454012.91003 -0.122
2454012.91355 -0.085
2454012.91707 -0.063
2454012.92059 -0.057
2454012.92411 -0.107
2454012.92763 -0.157
2454012.93116 -0.23
2454012.93468 -0.236
2454012.94174 -0.354
2454012.9453 -0.405
2454012.94882 -0.418
2454012.95234 -0.417
2454012.95586 -0.416
2454012.95939 -0.413
2454012.96291 -0.294
2454012.96643 -0.237
2454012.96995 -0.202
2454012.97348 -0.162
2454012.977 -0.145
2454012.98052 -0.152
2454012.98404 -0.116
2454012.98757 -0.126
2454012.99109 -0.09
2454012.99461 -0.076
2454012.99814 -0.15
2454013.00167 -0.159
2454013.00519 -0.22
2454013.00871 -0.328
2454013.01223 -0.354
2454013.01575 -0.385
2454013.01928 -0.416
2454013.0228 -0.414
2454013.02633 -0.4
2454013.02985 -0.341
2454013.03337 -0.312
2454013.0369 -0.243
2454013.04042 -0.159
2454013.04394 -0.15
2454013.04747 -0.12
2454013.05099 -0.09
2454013.05452 -0.08
2454013.05804 -0.084
2454013.06156 -0.063
2454013.06508 -0.09
2454013.06861 -0.128
2454013.07214 -0.17
2454013.07566 -0.229
2454013.07918 -0.274
2454013.09845 -0.387
2454013.10199 -0.337
2454013.10553 -0.27
2454013.10907 -0.241
2454013.11261 -0.184
2454013.11616 -0.134
2454013.1197 -0.138
2454013.12328 -0.118
2454013.12682 -0.089
2454013.13038 -0.104
2454013.13393 -0.076
2454013.13751 -0.05
2454013.14105 -0.119
2454013.1446 -0.163
2454013.14815 -0.228
2454013.15171 -0.314
2454013.15526 -0.369
2454013.15882 -0.403
2454013.16239 -0.418
2454013.16594 -0.413
2454013.16949 -0.41
2454013.17304 -0.338
2454013.17658 -0.253
2454013.18014 -0.224
2454013.18368 -0.136
2454013.18723 -0.086
2454013.1908 -0.103
2454013.19434 -0.043
2454013.19789 -0.099
2454013.20143 -0.04
2454013.20499 -0.058
2454013.20853 -0.081
2454013.21207 -0.097
2454013.21562 -0.178
2454013.21917 -0.264
2454013.22273 -0.316
2454013.22628 -0.343
2454013.22981 -0.395
2454013.23336 -0.404
2454013.23689 -0.447
2454013.24043 -0.41
2454013.24397 -0.305
2454013.24752 -0.314
2454013.25109 -0.269
2454013.25462 -0.158
2454013.25818 -0.149
2454013.26173 -0.143
2454013.26527 -0.13
2454013.26882 -0.12
2454013.27237 -0.106
