2454005.92623 -1.46
2454005.92976 -1.418
2454005.93329 -1.461
2454005.93681 -1.516
2454005.94034 -1.55
2454005.94386 -1.59
2454005.94738 -1.659
2454005.95091 -1.714
2454005.95675 -1.772
2454005.96028 -1.796
2454005.9638 -1.799
2454005.96732 -1.771
2454005.97085 -1.744
2454005.97437 -1.671
2454005.9779 -1.602
2454005.98142 -1.56
2454005.98495 -1.543
2454005.98847 -1.519
2454005.99199 -1.498
2454005.99552 -1.476
2454005.99904 -1.479
2454006.00257 -1.456
2454006.0061 -1.465
2454006.00962 -1.507
2454006.01315 -1.553
2454006.01667 -1.619
2454006.0202 -1.692
2454006.02372 -1.752
2454006.02725 -1.792
2454006.03078 -1.803
2454006.03431 -1.794
2454006.03783 -1.787
2454006.04136 -1.787
2454006.04488 -1.674
2454006.04841 -1.596
2454006.05193 -1.523
2454006.05546 -1.501
2454006.05899 -1.478
2454006.06251 -1.465
2454006.06604 -1.447
2454006.06957 -1.447
2454006.07309 -1.435
2454006.07662 -1.455
2454006.08014 -1.508
2454006.08366 -1.551
2454006.08719 -1.624
2454006.09072 -1.689
2454006.09424 -1.75
2454006.09777 -1.787
2454006.10129 -1.8
2454006.13886 -1.488
2454006.14172 -1.491
2454006.15102 -1.524
2454006.15457 -1.569
2454006.15812 -1.629
2454006.16168 -1.666
2454006.16522 -1.729
2454006.16878 -1.772
2454006.17235 -1.808
2454006.17589 -1.793
2454006.17943 -1.784
2454006.18297 -1.743
2454006.18652 -1.682
2454006.19007 -1.621
2454006.1936 -1.523
2454006.19716 -1.474
2454006.20071 -1.475
2454006.20427 -1.445
2454006.20783 -1.435
2454006.21137 -1.419
2454006.21492 -1.415
2454006.21847 -1.429
2454006.22203 -1.476
2454006.22557 -1.527
2454006.22912 -1.559
2454006.23267 -1.637
2454006.23621 -1.702
2454006.23976 -1.756
2454006.24332 -1.792
2454006.24686 -1.797
2454006.2504 -1.79
2454006.25394 -1.741
2454006.2575 -1.67
2454006.26104 -1.592
2454006.2646 -1.536
2454006.26816 -1.554
2454006.27172 -1.54
2454006.27526 -1.506
2454006.27882 -1.509
2454006.28236 -1.479
2454006.2859 -1.465
