2455697.63885 16.09
2455697.63957 16.057
2455697.64008 16.198
2455697.64059 16.106
2455697.64109 16.243
2455697.6416 16.116
2455697.64211 16.168
2455697.64262 16.173
2455697.64313 16.117
2455697.64364 16.064
2455697.64415 16.229
2455697.64466 16.205
2455697.64517 16.138
2455697.64568 16.108
2455697.64619 16.15
2455697.6467 16.053
2455697.64721 16.071
2455697.64771 16.125
2455697.64822 16.035
2455697.64873 16.087
2455697.64924 16.117
2455697.64975 16.062
2455697.65026 16.014
2455697.65077 16.043
2455697.65128 16.106
2455697.65179 16.082
2455697.6523 16.079
2455697.65281 15.987
2455697.65332 16.143
2455697.65383 16.033
2455697.65434 16.152
2455697.65484 16.062
2455697.65535 15.966
2455697.65586 16.128
2455697.65637 16.029
2455697.65688 16.167
2455697.65739 16.079
2455697.6579 16.055
2455697.65841 16.011
2455697.65892 16.045
2455697.65943 16.052
2455697.65994 16.091
2455697.66045 16.13
2455697.66096 16.131
2455697.66146 16.014
2455697.66197 16.069
2455697.66248 16.103
2455697.66299 16.05
2455697.6635 16.05
2455697.66401 16.018
2455697.66452 16.106
2455697.66503 16.1
2455697.66554 16.05
2455697.66606 16.047
2455697.66657 16.06
2455697.66708 16.081
2455697.66759 16.013
2455697.6681 16.052
2455697.66861 16.037
2455697.66912 16.185
2455697.66962 16.004
2455697.67013 16.068
2455697.67064 16.09
2455697.67115 16.059
2455697.67166 16.026
2455697.67217 16.116
2455697.67268 16.078
2455697.67319 16.067
2455697.6737 16.126
2455697.67421 15.979
2455697.67472 15.998
2455697.67523 16.037
2455697.67574 16.002
2455697.67624 16.057
2455697.67675 16.063
2455697.67726 16.04
2455697.67777 16.113
2455697.67828 16.056
2455697.67879 16.167
2455697.6793 16.204
2455697.67981 16.045
2455697.68032 16.109
2455697.68083 16.139
2455697.68134 16.141
2455697.68185 16.057
2455697.68236 16.188
2455697.68287 16.053
2455697.68337 16.154
2455697.68388 16.123
2455697.68439 16.099
2455697.68541 16.018
2455697.68592 16.051
2455697.68643 16.049
2455697.68745 16.053
2455697.68796 16.071
2455697.68847 16.052
2455697.68949 16.06
2455697.69152 16.058
2455697.69203 16.05
2455697.69305 16.059
2455697.69407 16.074
2455697.69458 16.149
2455697.69509 16.08
2455697.6956 16.196
2455697.69611 16.259
2455697.69662 16.279
2455697.69712 16.223
2455697.69763 16.187
2455697.69814 16.148
2455697.69865 16.158
2455697.69916 16.129
2455697.69967 16.301
2455697.70018 16.211
2455697.70069 16.211
2455697.7012 16.159
2455697.70171 16.174
2455697.70222 16.242
2455697.70273 16.158
2455697.70324 16.22
2455697.70374 16.185
2455697.70425 16.234
2455697.70476 16.237
2455697.70527 16.204
2455697.70578 16.16
2455697.70629 16.167
2455697.7068 16.164
2455697.70731 16.141
2455697.70782 16.165
2455697.70833 16.074
2455697.70884 16.163
2455697.70935 16.228
2455697.70986 16.172
2455697.71037 16.275
2455697.71087 16.168
2455697.71138 16.036
2455697.71189 16.174
2455697.7124 16.132
2455697.71291 16.093
2455697.71342 16.118
2455697.71393 16.09
2455697.71444 16.091
2455697.71495 16.155
2455697.71546 16.238
2455697.71597 16.067
2455697.71646 16.13
2455697.71697 16.184
2455697.71748 16.175
2455697.71799 16.117
2455697.7185 16.2
2455697.71901 16.074
2455697.72003 16.165
2455697.72054 16.185
2455697.72105 16.093
2455697.72156 16.16
2455697.72207 16.052
2455697.72258 16.17
2455697.72309 16.082
2455697.72359 16.193
2455697.7241 16.114
2455697.72461 16.066
2455697.72512 16.195
2455697.72563 16.12
2455697.72614 16.201
2455697.72665 16.179
2455697.72716 16.22
2455697.72767 16.171
2455697.72818 16.11
2455697.72869 16.064
2455697.7292 16.204
2455697.72971 16.126
2455697.73021 16.131
2455697.73072 16.099
2455697.73123 16.139
2455697.73174 16.224
2455697.73225 16.069
2455697.73276 16.136
2455697.73327 16.076
2455697.73378 16.206
2455697.73429 16.109
2455697.7348 16.072
2455697.73531 16.075
2455697.73633 16.102
2455697.73684 16.041
2455697.73734 16.087
2455697.73785 16.149
2455697.73887 16.051
2455697.73938 16.111
2455697.7404 16.08
2455697.78624 16.123
2455697.78726 16.155
2455697.7893 16.182
2455697.78981 16.165
2455697.79032 16.175
2455697.79083 16.19
2455697.79134 16.138
2455697.79185 16.209
2455697.79236 16.182
2455697.79287 16.158
2455697.79337 16.279
2455697.79388 16.216
2455697.79439 16.175
2455697.7949 16.183
2455697.79541 16.252
2455697.79592 16.161
2455697.79643 16.229
2455697.79694 16.214
2455697.79796 16.258
2455697.79847 16.157
2455697.79898 16.243
2455697.79949 16.214
2455697.79999 16.111
2455697.8005 16.197
2455697.80101 16.097
2455697.80152 16.206
2455697.80203 16.297
2455697.80254 16.292
2455697.80305 16.184
2455697.80356 16.241
2455697.80458 16.213
2455697.80509 16.294
2455697.8056 16.318
2455697.80611 16.292
2455697.80662 16.299
2455697.80712 16.236
2455697.80763 16.173
2455697.80814 16.299
2455697.80865 16.243
2455697.80916 16.176
2455697.80967 16.248
2455697.81018 16.142
2455697.81069 16.229
2455697.8112 16.222
2455697.81171 16.193
2455697.81222 16.241
2455697.81273 16.223
2455697.81324 16.093
2455697.81374 16.217
2455697.81425 16.137
2455697.81476 16.203
2455697.81527 16.15
2455697.81578 16.224
2455697.81629 16.181
2455697.8168 16.131
2455697.81731 16.181
2455697.81782 16.123
2455697.81833 16.199
2455697.81884 16.1
2455697.81935 16.199
2455697.81986 16.136
2455697.82037 16.141
2455697.82087 16.185
2455697.82138 16.19
2455697.82189 16.16
2455697.8224 16.17
2455697.82291 16.093
2455697.82342 16.094
2455697.82393 16.107
2455697.82444 16.114
2455697.82495 16.023
2455697.82546 16.103
2455697.82597 16.152
2455697.82648 16.16
2455697.82699 16.127
2455697.82749 16.177
2455697.828 16.127
2455697.82851 16.124
2455697.82902 16.177
2455697.82953 16.194
2455697.83004 16.128
2455697.83055 16.118
2455697.83106 16.186
2455697.83157 16.079
2455697.83208 16.147
2455697.83259 16.109
2455697.8331 16.213
2455697.83361 16.147
2455697.83412 16.082
2455697.83462 16.117
2455697.83513 16.159
2455697.83564 16.155
2455697.83615 16.173
2455697.83666 16.132
2455697.83717 16.125
2455697.83768 16.161
2455697.83819 16.122
2455697.8387 16.192
2455697.83921 16.111
2455697.83972 16.097
2455697.84023 16.138
2455697.84074 16.203
2455697.84124 16.152
2455697.84175 16.216
2455697.84226 16.149
2455697.84277 16.174
2455697.84328 16.199
2455697.84379 16.138
2455697.8443 16.149
2455697.84481 16.082
2455697.84532 16.182
2455697.84583 16.256
2455697.84634 16.114
2455697.84685 16.116
2455697.84736 16.23
2455697.84787 16.12
2455697.84837 16.122
2455697.84888 16.257
2455697.84939 16.174
2455697.8499 16.148
2455697.85041 16.199
2455697.85092 16.123
2455697.85143 16.21
2455697.85194 16.242
2455697.85245 16.153
2455697.85296 16.256
2455697.85347 16.153
2455697.85398 16.131
2455697.85449 16.111
2455697.85499 16.26
2455697.8555 16.231
2455697.85601 16.234
2455697.85652 16.272
2455697.85703 16.237
2455697.85754 16.25
2455697.85805 16.095
2455697.85958 16.299
2455697.86009 16.232
2455697.8606 16.132
2455697.86111 16.148
2455697.86162 16.192
2455697.86212 16.283
2455697.86263 16.228
2455697.86314 16.262
2455697.86365 16.246
2455697.86416 16.084
2455697.86467 16.078
2455697.86518 16.077
2455697.86569 16.176
2455697.8662 16.026
2455697.86671 16.064
2455697.86722 16.067
2455697.86773 16.106
2455697.86824 16.166
2455697.86874 16.158
2455697.86925 16.112
2455697.86976 16.029
2455697.87027 16.109
2455697.87078 16.193
2455697.87129 16.036
2455697.8718 16.087
2455697.87231 16.061
2455697.87282 16.076
2455697.87333 15.984
2455697.87384 16.093
2455697.87435 15.995
2455697.87486 16.058
2455697.87537 16.064
2455697.87587 16.01
2455697.87638 16.096
2455697.87689 16.064
2455697.8774 16.094
2455697.87791 16.157
2455697.87842 16.133
2455697.87893 16.054
2455697.87944 16.048
2455697.87995 16.146
2455697.88046 16.034
2455697.88097 16.024
2455697.88148 16.073
2455697.88199 16.134
2455697.88249 16.075
2455697.883 16.122
2455697.88351 16.096
2455697.88402 15.992
2455697.88453 16.028
2455697.88504 16.102
2455697.88555 16.116
2455697.88606 16.034
2455697.88657 16.128
2455697.88708 16.088
2455697.8881 16.132
2455697.88861 16.043
2455697.88912 16.104
2455697.89013 16.077
2455697.89064 16.075
2455697.89115 16.147
2455697.89166 16.121
