2455696.63759 16.147
2455696.63831 16.094
2455696.63943 16.155
2455696.64111 16.175
2455696.64168 16.226
2455696.64223 16.059
2455696.6428 16.097
2455696.64336 16.1
2455696.64391 16.137
2455696.64448 16.187
2455696.64504 16.097
2455696.6456 16.081
2455696.64617 16.109
2455696.64673 16.16
2455696.64728 16.2
2455696.64784 16.133
2455696.64839 16.163
2455696.64896 16.205
2455696.64951 16.178
2455696.65008 16.191
2455696.65065 16.206
2455696.6512 16.171
2455696.65177 16.073
2455696.65233 16.144
2455696.65289 16.152
2455696.65346 16.189
2455696.65402 16.192
2455696.65458 16.161
2455696.65515 16.133
2455696.65572 16.212
2455696.65629 16.247
2455696.65684 16.127
2455696.65741 16.235
2455696.65798 16.078
2455696.65853 16.104
2455696.6591 16.182
2455696.65965 16.156
2455696.66021 16.209
2455696.66078 16.126
2455696.66134 16.118
2455696.66191 16.109
2455696.66248 16.114
2455696.66304 16.132
2455696.66361 16.142
2455696.66417 16.184
2455696.66473 16.135
2455696.6653 16.137
2455696.66586 16.095
2455696.66642 16.205
2455696.66699 16.184
2455696.66755 16.128
2455696.66811 16.199
2455696.66868 16.242
2455696.66924 16.198
2455696.6698 16.181
2455696.67036 16.167
2455696.67093 16.244
2455696.67149 16.203
2455696.67205 16.155
2455696.67262 16.19
2455696.67318 16.253
2455696.67375 16.165
2455696.67432 16.193
2455696.67488 16.212
2455696.67545 16.085
2455696.67602 16.061
2455696.67659 16.029
2455696.67715 16.158
2455696.67772 16.002
2455696.67829 16.056
2455696.67885 16.098
2455696.67942 16.075
2455696.67999 16.02
2455696.68056 16.045
2455696.68112 15.988
2455696.68169 16.062
2455696.68226 16.065
2455696.68281 15.996
2455696.68338 16.105
2455696.68394 16.064
2455696.6845 16.056
2455696.68506 16.067
2455696.68561 15.958
2455696.68618 16.143
2455696.68674 16.016
2455696.68729 16.052
2455696.68785 16.04
2455696.6884 16.049
2455696.68896 16.086
2455696.68951 16.066
2455696.69007 16.01
2455696.69063 16.049
2455696.69118 16.077
2455696.69174 16.096
2455696.69229 16.044
2455696.69285 16.025
2455696.6934 15.956
2455696.69396 16.003
2455696.69451 16.076
2455696.69507 16.069
2455696.69563 16.04
2455696.69618 15.976
2455696.69674 16.096
2455696.69729 15.994
2455696.69785 16.05
2455696.6984 16.001
2455696.69896 15.987
2455696.69951 15.979
2455696.70008 16.003
2455696.70064 15.978
2455696.70119 16.037
2455696.70175 16.023
2455696.7023 16.015
2455696.70286 16.052
2455696.70341 16.043
2455696.70397 16.056
2455696.70453 16.045
2455696.70508 16.054
2455696.70565 16.121
2455696.7062 16.059
2455696.70676 16.063
2455696.70733 16.091
2455696.70788 16.059
2455696.70844 16.109
2455696.70899 16.122
2455696.70955 16.124
2455696.7101 16.105
2455696.71066 16.144
2455696.71122 16.104
2455696.71177 16.172
2455696.71233 16.184
2455696.71288 16.123
2455696.71344 16.105
2455696.71399 16.173
2455696.71455 16.122
2455696.7151 16.108
2455696.71566 16.154
2455696.71622 16.187
2455696.71733 16.192
2455696.71788 16.175
2455696.71844 16.168
2455696.71899 16.156
2455696.71955 16.197
2455696.7201 16.171
2455696.72066 16.165
2455696.72122 16.109
2455696.72177 16.213
2455696.72234 16.19
2455696.72289 16.144
2455696.72345 16.111
2455696.72401 16.134
2455696.72456 16.142
2455696.72512 16.131
2455696.72567 16.13
2455696.72623 16.08
2455696.72678 16.146
2455696.72734 16.18
2455696.72789 16.215
2455696.72845 16.191
2455696.72901 16.133
2455696.72956 16.17
2455696.73012 16.186
2455696.73067 16.165
2455696.73123 16.148
2455696.73178 16.192
2455696.73234 16.198
2455696.73289 16.252
2455696.73345 16.143
2455696.73401 16.216
2455696.73456 16.152
2455696.73512 16.18
2455696.73567 16.177
2455696.73623 16.155
2455696.73678 16.143
2455696.73734 16.128
2455696.73789 16.168
2455696.73845 16.101
2455696.73901 16.12
2455696.73956 16.103
2455696.74012 16.146
2455696.74067 16.102
2455696.74123 16.127
2455696.74178 16.101
2455696.74234 16.078
2455696.74289 16.05
2455696.74345 16.063
2455696.74401 16.143
2455696.74456 16.066
2455696.74512 16.046
2455696.74567 16.103
2455696.74623 16.007
2455696.74678 16.09
2455696.74734 16.032
2455696.74789 16.088
2455696.74845 16.041
2455696.74901 16.11
2455696.74956 16.074
2455696.75012 16.108
2455696.75067 16.073
2455696.75123 16.02
2455696.75178 16.111
2455696.75234 16.146
2455696.75289 16.109
2455696.75345 16.03
2455696.75401 16.007
2455696.75456 16.126
2455696.75512 16.118
2455696.75567 16.074
2455696.75623 16.193
2455696.75678 16.087
2455696.75734 16.121
2455696.75789 16.091
2455696.75845 16.126
2455696.75901 16.105
2455696.75956 16.056
2455696.76014 16.079
2455696.76069 16.107
2455696.76125 16.098
2455696.76181 16.105
2455696.76236 16.119
2455696.76292 16.064
2455696.76347 16.026
2455696.76403 16.14
2455696.76458 16.133
2455696.76514 16.106
2455696.76569 16.096
2455696.76625 16.09
2455696.76681 16.147
2455696.76736 16.158
2455696.76792 16.084
2455696.76847 16.127
2455696.76903 16.138
2455696.76958 16.148
2455696.77014 16.084
2455696.77069 16.141
2455696.77126 16.163
2455696.77182 16.127
2455696.77237 16.141
2455696.77293 16.172
2455696.77348 16.094
2455696.77404 16.139
2455696.7746 16.158
2455696.77515 16.099
2455696.77571 16.111
2455696.77626 16.153
2455696.77682 16.15
2455696.77737 16.115
2455696.77793 16.158
2455696.77848 16.137
2455696.77904 16.155
2455696.7796 16.125
2455696.78016 16.204
2455696.78072 16.122
2455696.78127 16.089
2455696.78183 16.14
2455696.78238 16.148
2455696.78294 16.107
2455696.7835 16.171
2455696.78405 16.1
2455696.78461 16.168
2455696.78516 16.112
2455696.78572 16.099
2455696.78627 16.122
2455696.78683 16.079
2455696.78738 16.112
2455696.78794 16.072
2455696.7885 16.083
2455696.78905 16.078
2455696.78961 16.13
2455696.79016 16.088
2455696.79073 16.061
2455696.79129 16.04
2455696.79184 16.128
2455696.7924 16.069
2455696.79295 16.078
2455696.79351 16.03
2455696.79406 16.082
2455696.79462 16.077
2455696.79517 16.042
2455696.79573 16.068
2455696.79629 16.064
2455696.79684 16.042
2455696.7974 16.071
2455696.79795 16.07
2455696.79851 16.04
2455696.79906 16.086
2455696.79962 16.131
2455696.80017 16.077
2455696.80073 16.046
2455696.80129 16.026
2455696.80184 16.038
2455696.8024 16.067
2455696.80295 16.014
2455696.80351 16.068
2455696.80406 16.088
2455696.80462 16.045
2455696.80517 16.028
2455696.80573 16.018
2455696.8063 15.994
2455696.80685 16.059
2455696.80742 15.993
2455696.80798 16.037
2455696.80853 16.024
2455696.80909 15.998
2455696.80964 16.054
2455696.8102 16.013
2455696.81075 16.094
2455696.81131 16.028
2455696.81186 15.999
2455696.81242 16.096
2455696.81298 16.08
2455696.81354 16.032
2455696.8141 16.047
2455696.81466 16.049
2455696.81522 16.013
2455696.81578 16.094
2455696.81633 16.055
2455696.81689 16.096
2455696.81744 16.089
2455696.818 16.082
2455696.81855 16.082
2455696.81911 16.064
2455696.81966 16.093
2455696.82022 16.076
2455696.82078 16.092
2455696.82133 16.119
2455696.82189 16.125
2455696.82244 16.134
2455696.82301 16.143
2455696.82358 16.132
2455696.82413 16.13
2455696.82469 16.168
2455696.82524 16.193
2455696.8258 16.174
2455696.82635 16.18
2455696.82691 16.165
2455696.82747 16.146
2455696.82802 16.221
2455696.82858 16.198
2455696.82913 16.251
2455696.82969 16.122
2455696.83024 16.142
2455696.8308 16.139
2455696.83135 16.1
2455696.83191 16.15
2455696.83247 16.147
2455696.83302 16.105
2455696.83359 16.134
2455696.83416 16.136
2455696.83471 16.118
2455696.83527 16.111
2455696.83583 16.14
2455696.83639 16.125
2455696.83694 16.168
2455696.8375 16.15
2455696.83806 16.142
2455696.83862 16.153
2455696.83918 16.163
2455696.83973 16.096
2455696.84029 16.154
2455696.84085 16.094
2455696.8414 16.043
2455696.84197 16.127
2455696.84252 16.137
2455696.84308 16.137
2455696.84363 16.117
2455696.8442 16.085
2455696.84476 16.081
2455696.84531 16.175
2455696.84588 16.128
2455696.84644 16.093
2455696.847 16.109
2455696.84756 16.1
2455696.84811 16.096
2455696.84868 16.078
2455696.84924 16.168
2455696.84979 16.046
2455696.85035 16.052
2455696.8509 16.096
2455696.85147 16.086
2455696.85203 16.152
2455696.85258 16.076
2455696.85314 16.101
2455696.85369 16.064
2455696.85426 16.086
2455696.85482 16.106
2455696.85537 16.085
2455696.85593 16.113
2455696.85648 16.089
2455696.85704 16.067
2455696.85759 16.122
2455696.85815 16.084
2455696.85872 16.126
2455696.85927 16.097
2455696.85983 16.155
2455696.86038 16.101
2455696.86094 16.093
2455696.86149 16.149
2455696.86205 16.147
2455696.8626 16.148
2455696.86316 16.137
2455696.86372 16.15
2455696.86428 16.161
2455696.86484 16.203
2455696.86541 16.141
2455696.86596 16.122
2455696.86652 16.153
2455696.86707 16.09
2455696.86763 16.107
2455696.86818 16.187
2455696.86874 16.12
2455696.86929 16.159
2455696.86986 16.072
2455696.87042 16.184
2455696.87097 16.099
2455696.87153 16.115
2455696.87208 16.076
2455696.87264 16.107
2455696.87319 16.213
2455696.87375 16.099
2455696.87431 16.153
2455696.87486 16.096
2455696.87542 16.068
2455696.87597 16.088
2455696.87653 16.167
2455696.87708 16.095
2455696.87764 16.128
2455696.87821 16.095
2455696.87876 16.157
2455696.87932 16.11
2455696.87987 16.14
2455696.88043 16.086
2455696.881 16.099
2455696.88155 16.167
2455696.88211 16.118
2455696.88267 16.149
2455696.88323 16.129
2455696.88379 16.1
2455696.88435 16.065
2455696.88491 16.11
2455696.88546 16.164
2455696.88602 16.113
2455696.88659 16.177
2455696.88714 16.168
2455696.8877 16.135
2455696.88825 16.187
2455696.88881 16.174
2455696.88936 16.102
2455696.88992 16.11
2455696.89048 16.171
2455696.89103 16.136
2455696.89159 16.174
2455696.89214 16.078
2455696.8927 16.075
2455696.89325 16.134
2455696.89382 16.088
2455696.89438 16.069
2455696.89493 16.042
2455696.89549 16.091
2455696.89604 16.054
2455696.89661 16.121
2455696.89716 16.055
2455696.89772 16.021
2455696.89828 16.036
2455696.89883 16.062
2455696.89939 16.026
2455696.89994 16.01
2455696.9005 16.057
2455696.90107 15.984
2455696.90162 16.016
2455696.90218 16.014
2455696.90273 15.969
2455696.90329 16.028
2455696.90384 15.999
2455696.9044 16.028
2455696.90495 16.066
2455696.90551 16.071
2455696.90607 16.018
2455696.90663 16.049
2455696.90719 15.992
2455696.90774 16.02
2455696.9083 16.026
2455696.90885 15.991
2455696.90941 16.013
2455696.90997 15.934
2455696.91052 15.979
2455696.91108 16.022
2455696.91163 16.043
2455696.9122 15.996
2455696.91276 16.02
2455696.91332 16.019
2455696.91388 16.071
2455696.91443 16.036
2455696.91499 15.991
2455696.91554 15.996
2455696.9161 15.99
2455696.91666 16.011
2455696.91721 16.02
2455696.91777 15.982
2455696.91832 16.027
2455696.91888 16.028
2455696.91944 16.014
2455696.92 16.019
2455696.92056 16.023
2455696.92111 16.087
2455696.92167 16.018
2455696.92222 16.037
2455696.92278 15.966
2455696.92333 16.119
2455696.92389 16.116
2455696.92444 16.048
2455696.92501 16.09
2455696.92557 16.101
2455696.92612 16.094
2455696.92668 16.085
2455696.92725 16.121
2455696.92781 16.007
2455696.92837 16.06
2455696.92892 16.154
2455696.92948 16.138
2455696.93004 16.039
2455696.93059 16.079
2455696.93115 16.125
2455696.9317 16.183
2455696.93226 16.131
2455696.93281 16.133
2455696.93337 16.139
2455696.93392 16.157
2455696.93448 16.141
2455696.93505 16.138
2455696.9356 16.111
