2455242.68966 18.017
2455242.70165 18.047
2455242.71363 18.269
2455242.72567 18.204
2455242.73774 18.168
2455242.74989 17.955
2455242.76207 17.972
2455242.77426 18.210
2455242.78652 18.186
2455242.79880 18.248
2455242.82349 18.100
2455242.83590 18.283
2455242.84832 18.206
2455242.86080 18.114
2455242.87332 17.930
2455242.88592 18.088
2455242.89850 18.244
2455242.91114 18.196
2455242.92380 18.168
2455242.95884 18.346
2455242.97051 18.274
2455242.98218 18.172
2455242.99396 17.947
2455243.00428 17.997
2455243.00928 18.070
2455243.01261 18.178
2455243.01594 18.262
2455243.01929 18.251
2455243.02264 18.219
2455243.02431 18.217
2455243.02599 18.245
2455243.02767 18.261
2455243.02935 18.308
2455243.03102 18.328
2455243.03271 18.403
2455243.03438 18.330
2455243.03607 18.319
2455243.03775 18.299
2455243.03944 18.237
2455243.04114 18.187
2455243.04281 18.260
2455243.04451 18.200
2455243.04623 18.147
2455243.04791 18.114
2455243.04960 18.063
2455243.05129 18.010
2455243.05298 18.047
