2455241.69216 18.228
2455241.70440 18.197
2455241.71663 18.143
2455241.72892 18.025
2455241.74121 18.091
2455241.75354 18.329
2455241.76592 18.214
2455241.77836 18.110
2455241.79085 17.976
2455241.80334 18.137
2455241.81589 18.267
2455241.82849 18.370
2455241.84112 18.170
2455241.85374 18.095
2455241.86639 18.357
2455241.94658 18.344
2455241.95820 18.186
2455241.96995 18.007
2455241.98168 18.161
2455242.00542 18.333
2455242.01236 18.271
2455242.01575 18.272
2455242.01915 18.023
2455242.02255 18.086
2455242.02597 17.986
2455242.02767 18.029
2455242.02938 17.922
2455242.03108 18.144
2455242.03279 18.036
2455242.03450 17.939
2455242.03621 17.951
2455242.03792 17.906
2455242.03964 18.050
2455242.04135 18.118
2455242.04310 18.017
2455242.04481 18.151
2455242.04652 18.229
2455242.04825 18.200
2455242.04996 18.129
2455242.05168 18.233
2455242.05340 18.176
2455242.05512 18.210
