2455240.77193 18.140
2455240.78375 18.346
2455240.79560 18.304
2455240.81945 18.019
2455240.83144 17.986
2455240.84350 18.236
2455240.85568 18.268
2455240.86789 18.301
2455240.88016 18.080
2455240.89245 18.080
2455240.90483 18.318
2455240.91719 18.325
2455240.94211 18.176
2455240.95460 18.079
2455240.96709 18.257
2455240.97963 18.388
2455241.00486 18.128
2455241.01574 18.214
2455241.01939 18.287
2455241.02300 18.372
2455241.02665 18.332
2455241.03027 18.400
2455241.03210 18.331
2455241.03391 18.292
2455241.03575 18.240
2455241.03757 18.232
2455241.03939 18.252
2455241.04121 18.222
2455241.04304 18.127
2455241.04486 18.279
2455241.04669 18.222
