2456184.59814 17.436
2456184.60106 17.431
2456184.604 17.456
2456184.61281 17.496
2456184.61573 17.468
2456184.6216 17.468
2456184.62452 17.442
2456184.63125 17.455
2456184.63419 17.456
2456184.63712 17.401
2456184.64005 17.435
2456184.64297 17.407
2456184.64591 17.385
2456184.65177 17.397
2456184.65763 17.39
2456184.66645 17.463
2456184.66938 17.465
2456184.67231 17.439
2456184.67524 17.457
2456184.67817 17.501
2456184.68111 17.503
2456184.68403 17.509
2456184.6899 17.483
2456184.7006 17.533
2456184.70353 17.505
2456184.75626 17.457
2456184.75921 17.5
2456184.76215 17.483
2456184.78138 17.447
2456184.80999 17.484
2456184.82174 17.459
