2456191.59133 17.31
2456191.59427 17.352
2456191.5972 17.325
2456191.60014 17.321
2456191.606 17.318
2456191.60894 17.31
2456191.61187 17.342
2456191.6148 17.357
2456191.61774 17.304
2456191.62506 17.245
2456191.63092 17.253
2456191.63385 17.263
2456191.63678 17.291
2456191.63972 17.275
2456191.64266 17.278
2456191.64558 17.261
2456191.64851 17.277
2456191.65145 17.24
2456191.66456 17.328
2456191.6675 17.343
2456191.67043 17.339
2456191.67337 17.311
2456191.6763 17.333
2456191.67923 17.315
2456191.68217 17.306
2456191.6851 17.28
2456191.69238 17.319
2456191.69531 17.327
2456191.69824 17.331
2456191.70412 17.296
2456191.70998 17.285
2456191.7129 17.303
2456191.71584 17.27
2456191.71877 17.343
2456191.72607 17.276
2456191.729 17.324
2456191.73193 17.273
2456191.73488 17.281
2456191.73781 17.295
2456191.74075 17.255
2456191.74368 17.313
2456191.74662 17.31
2456191.74955 17.278
2456191.75249 17.267
2456191.75968 17.251
2456191.76261 17.251
2456191.76555 17.267
2456191.77141 17.296
2456191.77434 17.335
2456191.78023 17.28
2456191.78317 17.288
2456191.78609 17.328
2456191.79342 17.308
2456191.79635 17.323
2456191.79928 17.343
2456191.80222 17.311
2456191.81394 17.31
2456191.81687 17.265
2456191.8198 17.318
2456191.82702 17.222
2456191.82995 17.241
2456191.83288 17.275
2456191.83581 17.263
2456191.83874 17.276
2456191.84461 17.3
2456191.84754 17.287
2456191.85047 17.277
2456191.8534 17.314
2456191.86066 17.276
2456191.86359 17.313
2456191.86652 17.318
2456191.86947 17.27
2456191.8724 17.248
2456191.87533 17.297
2456191.87826 17.287
2456191.88412 17.268
2456191.88706 17.276
2456191.89431 17.264
