2456186.59526 17.48
2456186.60699 17.479
2456186.60993 17.471
2456186.61873 17.403
2456186.62861 17.389
2456186.63154 17.397
2456186.63448 17.42
2456186.64328 17.427
2456186.65208 17.406
2456186.65502 17.433
2456186.66206 17.479
2456186.66499 17.472
2456186.66793 17.452
2456186.67086 17.428
2456186.6738 17.438
2456186.67672 17.463
2456186.67966 17.465
2456186.6826 17.473
2456186.68554 17.471
2456186.68847 17.496
2456186.69559 17.447
2456186.69852 17.425
2456186.70146 17.429
2456186.70438 17.444
2456186.70731 17.459
2456186.71318 17.366
2456186.72914 17.365
2456186.73206 17.373
2456186.73501 17.362
2456186.74087 17.371
2456186.74382 17.394
2456186.74676 17.354
2456186.74969 17.373
2456186.75262 17.4
2456186.75556 17.369
2456186.76222 17.436
2456186.76516 17.422
2456186.76809 17.388
2456186.77103 17.45
2456186.77397 17.403
2456186.7769 17.432
2456186.78281 17.463
2456186.78574 17.467
2456186.78867 17.464
2456186.79545 17.488
2456186.79838 17.443
2456186.80131 17.416
2456186.80425 17.411
2456186.81599 17.388
2456186.81894 17.351
2456186.82975 17.406
2456186.83268 17.393
2456186.83562 17.423
2456186.83856 17.425
2456186.84148 17.462
2456186.84442 17.361
2456186.85028 17.419
2456186.85321 17.392
2456186.85615 17.363
2456186.86319 17.387
2456186.86614 17.424
2456186.86907 17.401
2456186.87201 17.43
2456186.87495 17.415
2456186.88081 17.417
2456186.88375 17.455
2456186.88669 17.439
2456186.88961 17.421
2456186.89665 17.447
2456186.89958 17.433
2456186.9025 17.416
2456186.90544 17.4
2456186.90837 17.44
2456186.9113 17.407
2456186.91424 17.394
2456186.91717 17.386
2456186.92009 17.428
2456186.92303 17.422
2456186.93164 17.394
2456186.93457 17.415
2456186.9375 17.405
2456186.94044 17.438
