2457261.739465 +17.934
2457261.742428 +17.938
2457261.754254 +17.986
2457261.791300 +18.084
2457261.794263 +18.081
2457261.807606 +18.045
2457261.813528 +17.959
2457261.816487 +17.932
2457261.819444 +17.930
2457261.822406 +17.963
2457261.825362 +17.926
2457261.828321 +17.927
2457261.869340 +18.019
2457261.872296 +18.035
2457261.884134 +18.098
2457261.895984 +18.048
2457261.905542 +17.995
2457261.908498 +18.010
2457261.911457 +18.003
2457261.914413 +17.991
2457261.917370 +17.960
2457261.920323 +17.989
2457261.929189 +17.995
2457261.948169 +18.042
2457261.954091 +18.073
2457261.957053 +18.077
2457261.960020 +18.081
2457261.962987 +18.100
2457261.970265 +18.068
2457261.973226 +18.083
2457261.976187 +18.116
2457261.979152 +18.086
2457261.982115 +18.132
2457261.985077 +18.127
2457261.988042 +18.111
2457261.991008 +18.046
2457261.993975 +18.061
2457261.996893 +18.041
2457262.004894 +17.952
