2453377.54063 2.32
2453377.54827 2.325
2453377.55019 2.319
2453377.55211 2.277
2453377.55404 2.283
2453377.55979 2.266
2453377.56555 2.334
2453377.57006 2.325
2453377.57198 2.379
2453377.5739 2.357
2453377.57582 2.382
2453377.57774 2.402
2453377.57965 2.383
2453377.58159 2.349
2453377.58352 2.34
2453377.58544 2.28
2453377.58736 2.234
2453377.58928 2.264
2453377.5912 2.26
2453377.60125 2.235
2453377.60316 2.24
2453377.60506 2.253
2453377.60695 2.286
2453377.65508 2.312
2453377.65889 2.357
2453377.66327 2.349
2453377.66517 2.36
2453377.66901 2.342
2453377.67093 2.409
2453377.67668 2.379
2453377.68051 2.315
2453377.68244 2.314
2453377.70227 2.378
2453377.70418 2.369
2453377.70994 2.355
2453377.76488 2.32
2453377.76679 2.44
2453377.76871 2.43
2453377.77061 2.374
2453377.77251 2.36
2453377.77633 2.236
2453377.78394 2.24
2453377.79227 2.231
