2456188.60058 17.481
2456188.60644 17.386
2456188.60937 17.417
2456188.61523 17.411
2456188.61817 17.374
2456188.67529 17.488
2456188.67821 17.491
2456188.68115 17.52
2456188.68407 17.511
2456188.687 17.51
2456188.68993 17.516
2456188.72037 17.495
2456188.72623 17.521
2456188.72916 17.452
2456188.73209 17.444
2456188.73502 17.453
2456188.74179 17.489
2456188.74472 17.438
2456188.74765 17.449
2456188.75059 17.454
2456188.76525 17.456
2456188.77538 17.427
2456188.77831 17.426
2456188.78419 17.465
2456188.79298 17.467
2456188.79591 17.408
2456188.79885 17.443
2456188.80876 17.445
2456188.81169 17.44
2456188.82049 17.485
2456188.8293 17.492
2456188.84219 17.495
2456188.85098 17.511
2456188.85391 17.501
2456188.85685 17.473
2456188.85977 17.495
2456188.8627 17.49
2456188.86563 17.523
2456188.87688 17.47
2456188.88275 17.491
2456188.88568 17.463
2456188.89155 17.439
2456188.89742 17.461
2456188.91198 17.422
2456188.9149 17.479
2456188.91784 17.449
2456188.92077 17.455
2456188.9237 17.48
2456188.92957 17.485
