2456189.58695 17.334
2456189.59575 17.296
2456189.59872 17.322
2456189.60165 17.303
2456189.60459 17.333
2456189.60753 17.35
2456189.61047 17.344
2456189.61787 17.345
2456189.6208 17.337
2456189.62376 17.399
2456189.62671 17.38
2456189.62964 17.404
2456189.63259 17.409
2456189.63553 17.37
2456189.63846 17.355
2456189.6414 17.381
2456189.64434 17.329
2456189.65157 17.32
2456189.6545 17.33
2456189.65744 17.317
2456189.66037 17.343
2456189.66331 17.352
2456189.66624 17.364
2456189.66918 17.402
2456189.67211 17.378
2456189.67505 17.357
2456189.67798 17.286
2456189.68529 17.333
2456189.68822 17.343
2456189.69115 17.29
2456189.69408 17.369
2456189.69701 17.375
2456189.69993 17.39
2456189.70287 17.392
2456189.70581 17.384
2456189.70875 17.396
2456189.71167 17.384
2456189.719 17.371
2456189.72193 17.389
2456189.72487 17.39
2456189.72781 17.404
2456189.73368 17.346
2456189.73662 17.406
2456189.73956 17.379
2456189.7425 17.327
2456189.74542 17.384
2456189.75222 17.324
2456189.75515 17.298
2456189.75809 17.298
2456189.76102 17.359
2456189.76395 17.346
2456189.76688 17.323
2456189.76982 17.347
2456189.77274 17.34
2456189.77861 17.335
2456189.78554 17.35
2456189.7914 17.39
2456189.79433 17.381
2456189.79726 17.432
2456189.80019 17.371
2456189.80312 17.412
2456189.80605 17.431
2456189.80898 17.396
2456189.81191 17.438
2456189.81918 17.408
2456189.82211 17.411
2456189.82505 17.396
2456189.82797 17.4
2456189.83385 17.372
2456189.84265 17.372
2456189.84558 17.392
2456189.85866 17.406
2456189.86159 17.395
2456189.86452 17.38
2456189.86745 17.355
2456189.87038 17.378
2456189.87331 17.36
2456189.87626 17.369
2456189.87919 17.414
2456189.88653 17.385
2456189.88947 17.4
2456189.8924 17.387
2456189.89533 17.349
2456189.9012 17.365
2456189.90415 17.4
2456189.90709 17.369
2456189.91296 17.355
