2455042.94229 1.253
2455042.94375 1.282
2455042.94522 1.225
2455042.95036 1.289
2455042.95182 1.281
2455042.95329 1.301
2455042.9586 1.358
2455042.96007 1.337
2455042.96154 1.355
2455042.96688 1.379
2455042.96834 1.365
2455042.96981 1.402
2455042.97497 1.308
2455042.97643 1.303
2455042.9779 1.297
2455042.98332 1.248
2455042.98478 1.286
2455042.98625 1.275
2455042.99148 1.264
2455042.99295 1.28
2455042.99446 1.312
2455043.00744 1.209
2455043.0089 1.22
2455043.01036 1.253
2455043.10537 1.325
2455043.10684 1.358
2455043.1083 1.346
2455043.11092 1.328
2455043.11239 1.321
2455043.11386 1.304
2455043.11943 1.322
2455043.1209 1.296
2455043.12237 1.325
2455043.12774 1.368
2455043.12921 1.393
2455043.13067 1.348
2455043.1859 1.289
2455043.18736 1.312
2455043.18884 1.32
2455043.20235 1.299
2455043.20382 1.298
2455043.20529 1.24
2455043.21045 1.232
2455043.21192 1.249
2455043.21339 1.229
2455043.21872 1.282
2455043.22019 1.266
2455043.22166 1.251
2455043.23525 1.259
2455043.23672 1.219
2455043.23819 1.241
2455043.24351 1.266
2455043.24498 1.279
2455043.24645 1.294
2455043.25176 1.343
2455043.25322 1.329
2455043.25469 1.285
2455043.25983 1.284
2455043.26129 1.243
2455043.26276 1.224
2455043.26793 1.244
2455043.2694 1.218
2455043.27086 1.234
2455043.27897 1.235
