2455044.93423 0.485
2455044.96766 0.482
2455044.96913 0.457
2455044.97059 0.413
2455044.97574 0.393
2455044.9772 0.439
2455044.97866 0.402
2455044.98381 0.383
2455044.98528 0.4
2455044.98675 0.425
2455044.99189 0.384
2455044.99336 0.44
2455044.99997 0.413
2455045.00144 0.385
2455045.0029 0.4
2455045.00823 0.512
2455045.0097 0.505
2455045.01116 0.525
2455045.01627 0.58
2455045.01774 0.53
2455045.0192 0.53
2455045.02432 0.524
2455045.02579 0.492
2455045.02725 0.462
2455045.03258 0.413
2455045.03404 0.44
2455045.03551 0.419
2455045.04064 0.442
2455045.04211 0.425
2455045.04357 0.455
2455045.04873 0.43
2455045.0502 0.429
2455045.05166 0.39
2455045.0568 0.433
2455045.05826 0.416
2455045.05973 0.391
2455045.0649 0.462
2455045.06638 0.45
2455045.06785 0.486
2455045.07316 0.581
2455045.07463 0.574
2455045.07609 0.56
2455045.0814 0.53
2455045.08286 0.482
2455045.08433 0.483
2455045.08947 0.457
2455045.09093 0.47
2455045.0924 0.441
2455045.09752 0.453
2455045.09899 0.455
2455045.10045 0.446
2455045.28789 0.399
2455045.28935 0.392
2455045.29082 0.409
2455045.29597 0.435
2455045.29744 0.453
2455045.29891 0.45
2455045.30405 0.494
2455045.30552 0.512
2455045.30695 0.512
