2455043.94275 1.37
2455043.94421 1.365
2455043.94568 1.378
2455043.951 1.4
2455043.95246 1.372
2455043.95392 1.381
2455043.95959 1.357
2455043.96106 1.366
2455043.96252 1.351
2455043.96834 1.332
2455043.96981 1.32
2455043.97128 1.299
2455043.9764 1.299
2455043.97786 1.31
2455043.97933 1.327
2455043.9859 1.363
2455043.98737 1.387
2455043.98883 1.397
2455043.99395 1.404
2455043.99542 1.384
2455043.99688 1.368
2455044.00302 1.274
2455044.00448 1.303
2455044.00595 1.26
2455044.01121 1.258
2455044.01267 1.264
2455044.01414 1.267
2455044.01923 1.331
2455044.02069 1.272
2455044.02216 1.27
2455044.02727 1.295
2455044.02874 1.297
2455044.0302 1.283
2455044.03533 1.289
2455044.0368 1.289
2455044.03827 1.294
2455044.04338 1.331
2455044.04484 1.351
2455044.04631 1.334
2455044.06717 1.291
2455044.0701 1.275
2455044.07517 1.3
2455044.07663 1.288
2455044.0781 1.32
2455044.0835 1.244
2455044.08496 1.264
2455044.08642 1.248
2455044.09151 1.26
2455044.09298 1.298
2455044.09444 1.266
2455044.10774 1.366
2455044.1092 1.377
2455044.11067 1.312
2455044.11737 1.317
2455044.11883 1.294
2455044.16931 1.343
2455044.17078 1.303
2455044.17224 1.285
2455044.17743 1.274
2455044.1789 1.295
2455044.18036 1.255
2455044.18553 1.238
2455044.187 1.274
2455044.18847 1.246
2455044.20191 1.255
2455044.20338 1.277
2455044.21987 1.438
2455044.22134 1.362
2455044.22665 1.306
2455044.22812 1.352
2455044.22959 1.281
2455044.23647 1.31
2455044.23794 1.253
2455044.2448 1.274
2455044.24627 1.252
2455044.25145 1.25
2455044.25292 1.282
2455044.25439 1.275
2455044.25978 1.276
2455044.26125 1.294
2455044.26272 1.256
2455044.26791 1.267
2455044.26938 1.352
2455044.27085 1.283
2455044.27626 1.373
2455044.27773 1.369
2455044.27921 1.358
2455044.28442 1.313
2455044.2859 1.325
2455044.28736 1.343
2455044.29256 1.296
2455044.29404 1.229
2455044.29552 1.306
2455044.3007 1.304
2455044.30217 1.317
2455044.30365 1.238
