2455708.93727 16.077
2455708.94087 16.101
2455708.94445 16.047
2455708.94807 16.053
2455708.95167 16.017
2455709.00763 16.145
2455709.01125 16.106
2455709.01865 16.093
2455709.02293 16.049
2455709.02653 16.033
2455709.09377 16.072
2455709.09736 16.036
2455709.10091 16.009
2455709.11519 15.999
2455709.11875 15.989
2455709.12231 15.988
2455709.12588 16.006
2455709.12946 16.009
2455709.13301 16.051
2455709.13658 16.042
2455709.14013 16.099
2455709.14395 16.098
2455709.14755 16.14
2455709.15472 16.17
2455709.1583 16.165
2455709.16193 16.148
2455709.16911 16.105
2455709.17274 16.095
2455709.17648 16.066
2455709.18009 16.016
2455709.18365 15.996
2455709.18726 15.975
2455709.19085 15.979
2455709.19444 15.96
2455709.19801 15.964
2455709.20161 15.966
2455709.22823 16.138
2455709.23178 16.171
2455709.23534 16.157
2455709.23891 16.139
2455709.24247 16.107
2455709.24971 16.069
2455709.25327 16.077
2455709.25693 16.079
2455709.26055 16.053
2455709.26765 15.995
2455709.27902 16.023
2455709.2826 16.005
