2455707.87346 16.044
2455707.87708 15.997
2455707.88067 15.998
2455707.88427 15.98
2455707.88785 15.969
2455707.89255 15.972
2455707.89615 16.0
2455707.89974 16.02
2455707.90334 16.031
2455707.90693 16.032
2455707.91052 16.093
2455707.91411 16.058
2455707.91776 16.122
2455707.92137 16.089
2455707.92496 16.114
2455707.92856 16.123
2455707.93226 16.132
2455707.95733 15.977
2455707.96092 15.935
2455707.96451 15.921
2455707.96811 15.931
2455707.97171 15.912
2455707.97532 15.93
2455707.97891 15.91
2455707.9825 15.933
2455707.98608 15.988
2455707.98969 16.055
2455707.99328 16.083
2455707.99687 16.145
2455708.02202 16.072
2455708.02562 16.026
2455708.02922 16.044
2455708.03283 16.026
2455708.03643 16.003
2455708.05544 15.995
2455708.05903 16.034
2455708.06262 16.049
2455708.06622 16.039
2455708.0699 16.069
2455708.07351 16.096
2455708.07708 16.121
2455708.08097 16.145
2455708.08467 16.13
2455708.08867 16.119
2455708.09246 16.095
2455708.09606 16.07
2455708.09964 16.053
2455708.10324 16.04
2455708.10684 15.992
2455708.11044 15.971
2455708.11402 15.936
2455708.11767 15.918
2455708.12134 15.951
2455708.12505 15.934
2455708.12878 15.962
2455708.13244 16.001
2455708.13604 15.999
2455708.13963 16.046
2455708.14334 16.089
2455708.14693 16.141
2455708.17592 16.016
2455708.17951 16.021
2455708.1831 16.01
2455708.18685 16.024
2455708.1912 16.033
2455708.19479 16.047
2455708.19848 16.067
2455708.20214 16.075
2455708.20572 16.106
2455708.20955 16.09
2455708.21314 16.084
2455708.21679 16.101
