2455688.89106 16.043
2455688.89468 16.019
2455688.89828 16.01
2455688.90189 15.976
2455688.9055 15.917
2455688.90911 15.876
2455688.9127 15.879
2455688.91632 15.846
2455688.91992 15.841
2455688.9235 15.838
2455688.92707 15.804
2455688.93065 15.849
2455688.93422 15.851
2455689.12556 15.947
2455689.12915 15.963
2455689.13276 15.914
2455689.13637 15.891
2455689.14004 15.894
2455689.14364 15.885
2455689.14724 15.884
2455689.15084 15.916
2455689.15443 15.877
2455689.15808 15.933
2455689.1617 15.919
2455689.1653 15.934
2455689.19064 16.023
2455689.19425 16.01
2455689.198 16.007
2455689.2016 15.999
2455689.20522 15.95
2455689.20886 15.907
2455689.21245 15.92
2455689.21605 15.856
2455689.2197 15.886
2455689.2233 15.895
2455689.22691 15.878
2455689.23056 15.855
