2455737.8357 16.592
2455737.83926 16.598
2455737.84283 16.569
2455737.84639 16.637
2455737.84995 16.627
2455737.85351 16.613
2455737.85708 16.668
2455737.86065 16.688
2455737.86421 16.676
2455737.86777 16.745
2455737.87132 16.742
2455737.87489 16.762
2455737.87845 16.79
2455737.88203 16.798
2455737.88559 16.773
2455737.88915 16.75
2455737.89273 16.723
2455737.89629 16.707
2455737.89985 16.636
2455737.90341 16.597
2455737.907 16.59
2455737.91056 16.53
2455737.91413 16.536
2455737.91769 16.545
2455737.92125 16.535
2455737.92493 16.522
2455737.9322 16.606
2455737.93576 16.631
2455737.93931 16.653
2455738.01193 16.727
2455738.01554 16.742
2455738.01913 16.746
2455738.02281 16.75
2455738.02652 16.761
2455738.03012 16.808
2455738.03739 16.805
2455738.041 16.794
2455738.0446 16.739
2455738.0482 16.764
2455738.05182 16.69
2455738.05541 16.628
2455738.05903 16.56
2455738.06263 16.555
2455738.0663 16.536
2455738.0699 16.507
2455738.07362 16.495
2455738.07722 16.52
2455738.08083 16.517
2455738.09888 16.769
2455738.10248 16.836
2455738.10608 16.837
2455738.10969 16.842
2455738.11329 16.814
2455738.1169 16.827
2455738.1205 16.824
2455738.12412 16.808
2455738.12792 16.713
2455738.13513 16.654
2455738.13871 16.642
2455738.14232 16.648
2455738.14592 16.646
2455738.14953 16.609
2455738.15673 16.658
