2455736.83498 16.51
2455736.83858 16.477
2455736.84216 16.441
2455736.84575 16.476
2455736.84935 16.533
2455736.85423 16.559
2455736.85784 16.558
2455736.8615 16.644
2455736.86509 16.673
2455736.86869 16.775
2455736.87229 16.747
2455736.87589 16.79
2455736.87947 16.794
2455736.88312 16.79
2455736.88672 16.736
2455736.89031 16.705
2455736.89389 16.679
2455736.89748 16.611
2455736.90108 16.566
2455736.90472 16.527
2455736.90831 16.528
2455736.91195 16.539
2455736.91554 16.551
2455736.91917 16.544
2455736.92365 16.549
2455736.92724 16.519
2455736.93083 16.553
2455736.93443 16.578
2455736.93801 16.697
2455736.94159 16.653
2455737.04902 16.647
2455737.05262 16.587
2455737.05622 16.602
2455737.05983 16.558
2455737.06379 16.529
2455737.06739 16.508
2455737.07114 16.537
2455737.0749 16.559
2455737.0785 16.558
2455737.08219 16.617
2455737.08595 16.666
2455737.08964 16.687
2455737.09324 16.659
2455737.09707 16.721
2455737.10068 16.684
2455737.10435 16.755
2455737.10803 16.762
2455737.11524 16.785
2455737.1226 16.739
2455737.1262 16.718
2455737.12988 16.695
2455737.13357 16.617
2455737.13732 16.592
2455737.14092 16.537
2455737.14461 16.523
2455737.14835 16.485
2455737.15196 16.533
