2456247.54524 15.858
2456247.54817 15.804
2456247.55111 15.76
2456247.55405 15.717
2456247.55699 15.683
2456247.55993 15.703
2456247.56287 15.685
2456247.57907 15.425
2456247.582 15.415
2456247.58494 15.411
2456247.58787 15.39
2456247.59081 15.38
2456247.59374 15.4
2456247.60255 15.394
2456247.60549 15.412
2456247.61303 15.508
2456247.61597 15.57
2456247.61891 15.649
2456247.62185 15.728
2456247.62479 15.904
2456247.62773 15.941
2456247.63068 16.011
2456247.63363 16.148
2456247.63658 16.213
2456247.63952 16.154
2456247.64719 15.957
2456247.65013 15.889
2456247.65307 15.84
2456247.656 15.822
2456247.65895 15.756
2456247.66188 15.67
2456247.66483 15.658
2456247.66777 15.636
2456247.6707 15.598
2456247.67365 15.565
2456247.69005 15.481
2456247.69299 15.435
2456247.69593 15.449
2456247.69888 15.465
2456247.7018 15.451
2456247.70474 15.486
2456247.70768 15.511
2456247.71561 15.545
2456247.71855 15.577
2456247.72149 15.613
2456247.73337 15.799
2456247.7363 15.916
2456247.73924 16.08
2456247.74217 16.115
2456247.74512 16.153
2456247.74806 16.15
2456247.76034 15.893
2456247.76329 15.826
2456247.76622 15.752
2456247.76914 15.703
2456247.77206 15.71
2456247.77501 15.716
2456247.77795 15.654
2456247.78089 15.605
2456247.78382 15.599
2456247.78675 15.53
2456247.79992 15.444
2456247.80284 15.365
2456247.81167 15.403
2456247.81756 15.414
2456247.82049 15.478
2456247.83097 15.636
2456247.83391 15.696
2456247.83685 15.747
2456247.83979 15.779
2456247.86224 16.002
2456247.86517 15.915
2456247.8681 15.828
2456247.87105 15.773
2456247.87399 15.753
2456247.87693 15.705
2456247.87988 15.677
2456247.88281 15.644
2456247.88574 15.617
2456247.88868 15.584
2456247.90173 15.455
2456247.90466 15.468
2456247.9076 15.462
2456247.91055 15.447
2456247.91348 15.462
2456247.91642 15.457
2456247.91935 15.479
2456247.92229 15.509
2456247.98741 15.744
2456247.99035 15.716
2456247.99741 15.574
2456248.00035 15.545
2456248.00329 15.485
2456248.00624 15.456
2456248.00918 15.421
2456248.01799 15.385
