2456249.55145 15.481
2456249.55438 15.527
2456249.55732 15.603
2456249.56026 15.63
2456249.5632 15.793
2456249.56614 15.812
2456249.57342 15.904
2456249.57635 16.02
2456249.57929 16.114
2456249.58224 16.123
2456249.58517 16.023
2456249.58812 15.948
2456249.59105 15.899
2456249.59398 15.835
2456249.59692 15.79
2456249.59986 15.736
2456249.60758 15.629
2456249.61052 15.606
2456249.61346 15.577
2456249.61639 15.55
2456249.61933 15.532
2456249.62227 15.536
2456249.62521 15.504
2456249.64323 15.437
2456249.64617 15.438
2456249.64911 15.456
2456249.65204 15.441
2456249.65499 15.478
2456249.65792 15.522
2456249.66086 15.533
2456249.6638 15.61
2456249.66673 15.714
2456249.66967 15.733
2456249.67771 15.906
2456249.68064 15.989
2456249.68358 16.088
2456249.68651 16.073
2456249.68946 16.079
2456249.69241 16.071
2456249.69534 16.021
2456249.69828 16.002
2456249.70121 15.947
2456249.70415 15.906
2456249.71199 15.744
2456249.71494 15.688
2456249.71787 15.628
2456249.72081 15.578
2456249.72375 15.556
2456249.72669 15.521
2456249.72963 15.507
2456249.73257 15.47
2456249.73551 15.433
2456249.73845 15.402
2456249.74598 15.328
2456249.75771 15.373
2456249.76064 15.401
2456249.76357 15.437
2456249.76651 15.49
2456249.76944 15.524
2456249.77239 15.548
2456249.77971 15.703
2456249.78265 15.787
2456249.78559 15.864
2456249.78852 15.936
2456249.79146 16.02
2456249.79439 16.101
2456249.79733 16.047
2456249.80027 16.003
2456249.80321 15.937
2456249.80614 15.864
2456249.81407 15.733
2456249.81701 15.65
2456249.81994 15.61
2456249.82287 15.565
2456249.82582 15.571
2456249.82875 15.561
2456249.83169 15.55
2456249.83462 15.519
2456249.83755 15.509
2456249.84049 15.473
2456249.84768 15.432
2456249.85061 15.422
2456249.85355 15.398
2456249.85648 15.413
2456249.85942 15.405
2456249.86235 15.408
2456249.8653 15.439
2456249.86823 15.491
2456249.87115 15.522
2456249.87409 15.535
2456249.88127 15.603
2456249.88421 15.686
2456249.88714 15.735
2456249.89008 15.803
2456249.89301 15.885
2456249.89596 15.97
2456249.89889 16.04
2456249.90183 16.066
2456249.90476 16.097
2456249.90769 16.089
2456249.91485 15.927
2456249.91778 15.869
2456249.92072 15.814
2456249.92366 15.781
2456249.92659 15.737
2456249.92953 15.682
2456249.93246 15.612
2456249.9354 15.537
2456249.93834 15.473
2456249.94127 15.455
2456249.94867 15.456
2456249.9516 15.434
2456249.95453 15.414
2456249.95747 15.387
2456249.9604 15.37
2456249.96333 15.361
2456249.96627 15.357
2456249.96921 15.366
2456249.97214 15.35
2456249.97508 15.354
2456249.98242 15.417
2456249.98535 15.446
2456249.98829 15.522
2456249.99123 15.575
2456249.99416 15.644
2456249.9971 15.726
2456250.00004 15.805
2456250.00298 15.884
