2456249.54028 17.572
2456249.54328 17.59
2456249.55529 17.7
2456249.55829 17.651
2456249.56131 17.626
2456249.5643 17.7
2456249.5673 17.632
2456249.57519 17.644
2456249.57819 17.579
2456249.58118 17.568
2456249.58418 17.599
2456249.58718 17.579
2456249.59017 17.581
2456249.59318 17.524
2456249.59916 17.582
2456249.60217 17.557
2456249.61009 17.581
2456249.6131 17.612
2456249.61611 17.605
2456249.6191 17.601
2456249.62211 17.631
2456249.6311 17.601
2456249.70773 17.558
2456249.71073 17.562
2456249.71374 17.576
2456249.71674 17.518
2456249.72744 17.621
2456249.73044 17.597
2456249.73344 17.666
2456249.73644 17.685
2456249.74243 17.643
2456249.75143 17.602
2456249.75958 17.602
2456249.76258 17.614
2456249.76558 17.572
2456249.76857 17.612
2456249.77157 17.611
2456249.77456 17.629
2456249.77755 17.609
2456249.78055 17.598
2456249.78356 17.655
2456249.78656 17.656
2456249.80382 17.654
2456249.80682 17.643
2456249.8098 17.672
2456249.81279 17.648
2456249.81579 17.673
2456249.81879 17.667
2456249.82178 17.647
2456249.8299 17.567
2456249.83289 17.571
2456249.84189 17.545
2456249.84489 17.543
2456249.84788 17.535
2456249.85089 17.554
2456249.85389 17.543
2456249.85689 17.565
2456249.88193 17.653
2456249.88494 17.648
2456249.88795 17.635
