2456248.57337 17.606
2456248.57944 17.644
2456248.58246 17.614
2456248.58549 17.639
2456248.59412 17.534
2456248.59717 17.534
2456248.60019 17.5
2456248.60324 17.477
2456248.60626 17.469
2456248.60929 17.454
2456248.61232 17.506
2456248.61534 17.455
2456248.61838 17.454
2456248.62141 17.45
2456248.63093 17.483
2456248.64002 17.513
2456248.64306 17.592
2456248.64611 17.589
2456248.64914 17.559
2456248.65218 17.605
2456248.65522 17.607
2456248.65826 17.584
2456248.6681 17.53
2456248.67114 17.536
2456248.67419 17.502
2456248.67726 17.507
2456248.6803 17.512
2456248.68335 17.54
2456248.68641 17.578
2456248.72061 17.464
2456248.72367 17.497
2456248.72671 17.439
2456248.72976 17.458
2456248.7328 17.483
2456248.74098 17.486
2456248.74402 17.494
2456248.75012 17.478
2456248.75316 17.562
2456248.75621 17.565
2456248.75928 17.521
2456248.76233 17.61
2456248.76539 17.536
2456248.76845 17.552
2456248.7799 17.556
2456248.78296 17.525
2456248.78599 17.587
2456248.78905 17.541
2456248.79211 17.49
2456248.79518 17.5
2456248.79822 17.489
2456248.80127 17.487
2456248.8043 17.56
2456248.81262 17.654
2456248.81567 17.67
2456248.81872 17.601
2456248.82179 17.615
2456248.82481 17.578
2456248.82786 17.586
2456248.83091 17.57
2456248.83395 17.569
2456248.837 17.571
2456248.84851 17.473
2456248.85462 17.493
2456248.85767 17.527
2456248.86376 17.529
2456248.86682 17.523
2456248.86985 17.52
2456248.87291 17.524
2456248.88487 17.528
2456248.88791 17.608
2456248.89404 17.615
2456248.89708 17.643
