2454594.95152 1.831
2454594.95497 1.818
2454594.95808 1.799
2454594.97784 1.761
2454594.98096 1.795
2454594.98429 1.841
2454595.00411 1.864
2454595.00723 1.907
2454595.01132 1.876
2454595.03044 1.855
2454595.03425 1.778
2454595.06557 1.693
2454595.08499 1.821
2454595.0881 1.828
2454595.09194 1.846
2454595.11105 1.807
2454595.11485 1.775
2454595.11807 1.778
2454595.13826 1.739
2454595.14146 1.719
2454595.14468 1.732
2454595.19042 1.81
2454595.19431 1.812
2454595.19757 1.826
2454595.21721 1.698
2454595.22044 1.708
2454595.22366 1.69
2454595.23896 1.704
2454595.24222 1.734
2454595.24542 1.741
2454595.25515 1.768
2454595.25839 1.792
2454595.26255 1.807
2454595.27201 1.819
2454595.27521 1.814
2454595.2785 1.774
2454595.28792 1.769
2454595.29122 1.767
2454595.29502 1.732
2454595.3036 1.741
2454595.30767 1.736
