2454589.96144 2.133
2454589.96454 2.127
2454589.96877 2.117
2454589.99249 1.999
2454589.99571 1.991
2454589.99883 1.996
2454590.02363 2.038
2454590.02675 2.008
2454590.02985 1.993
2454590.05323 1.972
2454590.08434 1.995
2454590.08744 1.993
2454590.09117 1.981
2454590.11487 2.071
2454590.1181 2.095
2454590.12127 2.114
2454590.14479 2.063
2454590.14858 2.047
2454590.17548 1.951
2454590.1786 1.949
2454590.18245 1.987
2454590.20597 2.043
2454590.20918 2.099
2454590.21228 2.087
2454590.22799 2.05
2454590.23125 2.019
2454590.23443 2.032
2454590.2437 2.012
2454590.24692 1.978
2454590.25096 1.967
2454590.26088 2.006
2454590.2641 1.989
2454590.2673 1.976
2454590.27103 2.006
2454590.27509 2.009
2454590.2783 2.041
2454590.28181 2.064
2454590.2859 2.098
2454590.28911 2.102
2454590.29288 2.099
2454590.29697 2.108
2454590.30014 2.091
2454590.30395 2.119
2454590.30792 2.068
2454590.31112 2.055
