2457401.862663 +17.664
2457401.877732 +17.706
2457401.880746 +17.729
2457401.883758 +17.703
2457401.898888 +17.730
2457401.904916 +17.787
2457401.910943 +17.801
2457401.913960 +17.837
2457401.916971 +17.802
2457401.919990 +17.850
2457401.926719 +17.850
2457401.941799 +17.745
2457401.947832 +17.731
2457401.950841 +17.693
2457401.981665 +17.698
2457401.984678 +17.675
2457401.987699 +17.690
2457401.990714 +17.689
2457401.997165 +17.690
2457402.003200 +17.761
2457402.006218 +17.746
2457402.009233 +17.761
2457402.012246 +17.783
2457402.015255 +17.802
2457402.018267 +17.794
2457402.024304 +17.763
2457402.032175 +17.733
2457402.035201 +17.669
2457402.038209 +17.710
2457402.041227 +17.655
2457402.044236 +17.652
2457402.047251 +17.668
2457402.053284 +17.693
2457402.059309 +17.710
2457402.065956 +17.753
