2457400.602219 +17.646
2457400.605218 +17.575
2457400.608222 +17.593
2457400.614233 +17.517
2457400.617241 +17.530
2457400.623241 +17.574
2457400.626248 +17.540
2457400.629249 +17.541
2457400.635666 +17.580
2457400.641670 +17.555
2457400.644669 +17.597
2457400.683109 +17.540
2457400.704738 +17.581
2457400.707734 +17.528
2457400.713743 +17.583
2457400.722759 +17.565
2457400.725766 +17.541
2457400.728769 +17.591
2457400.731773 +17.533
2457400.739887 +17.556
2457400.742896 +17.575
2457400.745899 +17.566
2457400.751902 +17.624
2457400.754902 +17.603
2457400.757907 +17.578
2457400.760911 +17.622
2457400.763913 +17.589
2457400.773332 +17.563
2457400.776331 +17.548
2457400.779332 +17.529
2457400.782330 +17.547
2457400.788340 +17.566
2457400.791340 +17.623
2457400.794350 +17.605
2457400.800369 +17.594
2457400.808205 +17.593
2457400.823218 +17.559
2457400.826226 +17.587
2457400.832233 +17.566
2457400.835235 +17.571
2457400.841647 +17.596
2457400.847658 +17.636
2457400.850656 +17.673
2457400.853656 +17.672
2457400.856659 +17.620
2457400.859666 +17.618
2457400.862666 +17.590
2457400.865678 +17.614
2457400.868684 +17.580
2457400.876819 +17.576
2457400.885822 +17.573
2457400.888822 +17.553
2457400.891827 +17.566
2457400.894828 +17.610
2457400.897830 +17.602
2457400.900833 +17.577
2457400.903830 +17.613
2457400.910235 +17.579
2457400.913235 +17.543
2457400.916241 +17.516
2457400.919241 +17.543
2457400.960107 +17.629
2457400.969108 +17.533
2457400.978617 +17.567
2457400.984617 +17.608
2457400.987622 +17.571
2457400.990620 +17.612
2457400.993626 +17.618
2457400.999634 +17.572
2457401.002633 +17.556
2457401.013465 +17.540
2457401.016465 +17.546
2457401.019469 +17.550
2457401.025473 +17.551
2457401.028475 +17.554
2457401.031482 +17.535
2457401.034479 +17.580
2457401.037477 +17.584
