2457421.762054 +17.420
2457421.765035 +17.398
2457421.768024 +17.439
2457421.773997 +17.415
2457421.776985 +17.351
2457421.779963 +17.369
2457421.786253 +17.368
2457421.795205 +17.364
2457421.801172 +17.388
2457421.804161 +17.380
2457421.807143 +17.361
2457421.810134 +17.408
2457421.813112 +17.399
2457421.820269 +17.401
2457421.823260 +17.373
2457421.826242 +17.384
2457421.829225 +17.357
2457421.832211 +17.308
2457421.835198 +17.359
2457421.838183 +17.356
2457421.844143 +17.347
2457421.856411 +17.411
2457421.859392 +17.414
2457421.862378 +17.402
2457421.865362 +17.407
2457421.868348 +17.419
2457421.871331 +17.385
2457421.877302 +17.327
2457421.880284 +17.348
2457421.887541 +17.274
2457421.890530 +17.280
2457421.893518 +17.278
2457421.896511 +17.274
2457421.899505 +17.333
2457421.902489 +17.277
2457421.905477 +17.313
2457421.908454 +17.302
2457421.911440 +17.299
2457421.914422 +17.367
2457421.920707 +17.421
2457421.926673 +17.398
2457421.929665 +17.369
2457421.932649 +17.331
2457421.935633 +17.341
2457421.938621 +17.320
2457421.941608 +17.373
2457421.944596 +17.389
2457421.961073 +17.458
2457421.964058 +17.488
2457421.967042 +17.418
2457421.975990 +17.317
2457421.978967 +17.325
2457421.988242 +17.274
2457421.991227 +17.243
2457421.994208 +17.248
2457422.003155 +17.338
2457422.006132 +17.313
2457422.022516 +17.326
