2457420.772810 +17.392
2457420.775787 +17.362
2457420.781760 +17.361
2457420.788271 +17.372
2457420.791258 +17.362
2457420.794254 +17.318
2457420.797238 +17.319
2457420.803209 +17.278
2457420.806187 +17.271
2457420.809170 +17.278
2457420.812156 +17.311
2457420.815139 +17.305
2457420.822306 +17.290
2457420.825303 +17.307
2457420.828281 +17.268
2457420.831271 +17.317
2457420.834257 +17.281
2457420.837245 +17.318
2457420.861652 +17.335
2457420.864638 +17.354
2457420.867620 +17.361
2457420.870610 +17.384
2457420.873596 +17.383
2457420.876582 +17.388
2457420.879562 +17.371
2457420.882547 +17.421
2457420.892688 +17.342
2457420.895666 +17.308
2457420.898656 +17.280
2457420.901640 +17.276
2457420.922966 +17.377
2457420.925951 +17.364
2457420.928932 +17.399
2457420.931918 +17.353
2457420.934900 +17.387
2457420.937880 +17.381
2457420.940861 +17.374
2457420.943849 +17.294
2457420.946831 +17.265
2457420.949820 +17.278
2457420.958095 +17.292
2457420.961083 +17.285
2457420.967051 +17.310
2457420.970029 +17.331
2457420.973018 +17.396
2457420.976006 +17.384
2457420.978992 +17.404
2457420.984972 +17.400
2457420.991566 +17.292
2457421.000519 +17.241
2457421.028876 +17.286
2457421.031856 +17.296
2457421.034840 +17.340
2457421.037813 +17.330
2457421.040793 +17.352
2457421.043774 +17.282
2457421.049745 +17.276
2457421.052730 +17.258
2457421.065290 +17.319
