2457418.762295 +17.374
2457418.768263 +17.410
2457418.771246 +17.424
2457418.774232 +17.422
2457418.777222 +17.405
2457418.780202 +17.422
2457418.786192 +17.325
2457418.789170 +17.352
2457418.798450 +17.347
2457418.801427 +17.386
2457418.804411 +17.420
2457418.807387 +17.434
2457418.816335 +17.439
2457418.819318 +17.406
2457418.822303 +17.438
2457418.854289 +17.337
2457418.857278 +17.283
2457418.977450 +17.317
2457418.980426 +17.291
2457418.983417 +17.334
2457418.986402 +17.282
2457418.992378 +17.278
2457419.004847 +17.345
2457419.033214 +17.308
2457419.036189 +17.282
2457419.039177 +17.327
2457419.042169 +17.256
2457419.045146 +17.329
2457419.051120 +17.358
2457419.054102 +17.293
2457419.060069 +17.385
2457419.066655 +17.327
2457419.069630 +17.340
2457419.072612 +17.384
