2457417.790287 +17.438
2457417.792575 +17.422
2457417.794862 +17.400
2457417.797149 +17.449
2457417.799438 +17.443
2457417.801728 +17.397
2457417.804018 +17.348
2457417.806305 +17.345
2457417.813492 +17.356
2457417.815778 +17.410
2457417.818057 +17.399
2457417.820352 +17.382
2457417.822629 +17.394
2457417.834079 +17.438
2457417.858193 +17.403
2457417.870188 +17.401
2457417.872481 +17.403
2457417.877059 +17.410
2457417.879354 +17.412
2457417.881638 +17.386
2457417.886208 +17.438
2457417.894482 +17.436
2457417.896773 +17.385
2457417.899064 +17.449
2457417.901349 +17.382
2457417.903644 +17.369
2457417.905927 +17.403
2457417.908218 +17.339
2457417.910500 +17.368
2457417.912789 +17.417
2457417.917681 +17.470
2457417.919979 +17.512
2457417.926841 +17.517
2457417.929130 +17.478
2457417.931412 +17.514
2457417.933703 +17.437
2457417.960307 +17.333
2457417.962598 +17.328
2457417.964892 +17.348
2457417.970010 +17.351
2457417.974583 +17.358
2457417.976868 +17.376
2457417.979159 +17.384
2457417.983747 +17.372
2457417.986042 +17.403
2457417.988327 +17.399
2457417.996712 +17.410
2457417.998998 +17.384
2457418.001291 +17.330
2457418.003579 +17.349
2457418.005868 +17.325
2457418.010447 +17.328
2457418.015022 +17.369
2457418.017311 +17.398
2457418.022440 +17.408
2457418.024728 +17.448
2457418.027016 +17.463
2457418.029308 +17.481
2457418.031595 +17.479
2457418.036164 +17.480
2457418.038463 +17.460
2457418.040755 +17.462
2457418.056029 +17.403
2457418.060601 +17.380
2457418.062883 +17.375
2457418.065172 +17.355
2457418.067457 +17.389
2457418.074650 +17.417
