2457399.606455 +17.461
2457399.615455 +17.458
2457399.618453 +17.487
2457399.621455 +17.476
2457399.624454 +17.494
2457399.630458 +17.555
2457399.633465 +17.550
2457399.639875 +17.559
2457399.645880 +17.608
2457399.648878 +17.590
2457399.651877 +17.552
2457399.654886 +17.505
2457399.660914 +17.500
2457399.663917 +17.474
2457399.690564 +17.544
2457399.693563 +17.563
2457399.696576 +17.528
2457399.699579 +17.527
2457399.702584 +17.492
2457399.709004 +17.450
2457399.724006 +17.506
2457399.727019 +17.513
2457399.730023 +17.477
2457399.759762 +17.531
2457399.762764 +17.515
2457399.765773 +17.517
2457399.781387 +17.500
2457399.784384 +17.525
2457399.787385 +17.515
2457399.790382 +17.540
2457399.802402 +17.477
2457399.805406 +17.485
2457399.817990 +17.512
2457399.820993 +17.521
2457399.823989 +17.505
2457399.826992 +17.482
2457399.829998 +17.475
2457399.833005 +17.486
2457399.839006 +17.531
2457399.849929 +17.583
2457399.852926 +17.566
2457399.855926 +17.509
2457399.858927 +17.530
2457399.861924 +17.486
2457399.864932 +17.523
2457399.867937 +17.456
2457399.883643 +17.555
2457399.904648 +17.492
2457399.907650 +17.461
2457399.915519 +17.434
2457399.918523 +17.479
2457399.921524 +17.467
2457399.924528 +17.523
2457399.927533 +17.536
2457399.930530 +17.526
2457399.933533 +17.521
2457399.936532 +17.500
2457399.939534 +17.556
2457399.942539 +17.565
2457399.948942 +17.605
2457399.954950 +17.562
2457399.957954 +17.557
2457399.963956 +17.512
2457399.966959 +17.467
2457399.969961 +17.448
2457399.972962 +17.474
2457399.983986 +17.538
2457399.992991 +17.582
2457399.996005 +17.589
2457399.999011 +17.569
2457400.011020 +17.499
2457400.017709 +17.457
2457400.020708 +17.448
2457400.023707 +17.448
2457400.026708 +17.440
2457400.029707 +17.467
2457400.032712 +17.501
2457400.035714 +17.457
2457400.038713 +17.508
2457400.052530 +17.585
2457400.067539 +17.502
