2453271.656950 +0.934
2453271.658420 +0.924
2453271.660990 +0.955
2453271.662470 +0.930
2453271.663950 +1.006
2453271.666520 +0.985
2453271.667990 +0.946
2453271.673510 +1.198
2453271.674980 +1.210
2453271.677540 +1.242
2453271.679020 +1.322
2453271.680490 +1.456
2453271.683060 +1.334
2453271.684550 +1.356
2453271.686020 +1.365
2453271.688590 +1.243
2453271.690060 +1.194
2453271.694100 +1.172
2453271.695570 +1.230
2453271.697040 +1.326
2453271.699620 +1.152
2453271.701100 +1.133
2453271.702570 +1.140
2453271.705130 +0.985
2453271.706610 +0.994
2453271.708080 +0.990
2453271.710650 +0.888
2453271.712140 +0.932
2453271.716180 +0.874
2453271.717650 +0.868
2453271.719120 +0.838
2453271.721690 +0.882
2453271.723160 +0.879
2453271.724640 +0.888
2453271.727220 +0.933
2453271.730170 +0.938
2453271.732890 +1.060
2453271.734360 +1.093
2453271.735850 +1.068
2453271.738420 +1.035
2453271.739900 +1.104
2453271.741380 +1.126
2453271.743950 +1.165
2453271.745420 +1.156
2453271.746880 +1.225
2453271.749450 +1.401
2453271.750930 +1.334
2453271.752400 +1.440
2453271.754980 +1.430
2453271.756450 +1.406
2453271.757930 +1.489
2453271.760490 +1.305
2453271.761960 +1.272
2453271.763440 +1.210
2453271.766010 +1.150
2453271.767500 +1.139
2453271.768970 +1.104
2453271.771540 +0.994
2453271.773010 +1.054
2453271.777050 +0.962
2453271.822690 +1.479
2453271.824170 +1.405
2453271.826740 +1.320
2453271.829690 +1.234
2453271.832260 +1.204
2453271.833730 +1.211
2453271.835210 +1.210
2453271.837770 +1.141
2453271.839240 +1.063
2453271.840720 +1.097
2453271.843290 +1.027
2453271.844770 +1.013
2453271.846250 +1.041
2453271.848820 +0.949
2453271.850290 +0.918
2453271.851770 +0.901
2453271.854340 +0.903
2453271.855810 +0.943
2453271.857280 +0.891
2453271.859840 +0.929
2453271.861320 +0.937
2453271.862790 +0.956
2453271.865370 +0.911
2453271.866850 +0.991
2453271.868320 +1.008
2453271.870890 +1.048
2453271.872360 +1.031
2453271.876400 +1.200
2453271.877880 +1.118
2453271.879370 +1.241
2453271.881930 +1.265
2453271.884890 +1.356
2453271.887460 +1.397
2453271.888930 +1.378
2453271.890410 +1.396
2453271.892960 +1.434
2453271.894430 +1.452
2453271.895920 +1.347
2453271.898490 +1.265
2453271.899960 +1.303
2453271.901440 +1.318
2453271.904010 +1.159
2453271.905480 +1.175
2453271.906950 +1.151
2453271.909520 +1.017
2453271.911000 +1.032
2453271.912470 +0.995
2453271.915050 +0.900
2453271.916530 +0.925
2453271.918000 +0.872
2453271.920560 +0.908
2453271.922040 +0.869
2453271.923510 +0.833
2453271.945590 +1.060
2453271.948170 +1.110
2453271.949660 +1.258
2453271.951120 +1.183
2453271.953690 +1.297
2453271.955160 +1.430
2453271.956630 +1.394
2453271.959200 +1.473
2453271.960690 +1.436
2453271.962150 +1.388
2453271.964720 +1.287
2453271.966210 +1.254
2453271.967690 +1.263
2453271.970270 +1.166
2453271.971740 +1.195
2453271.973220 +1.134
