2453266.708980 +1.077
2453266.714510 +1.062
2453266.715990 +1.190
2453266.717460 +1.150
2453266.720030 +1.221
2453266.722980 +1.354
2453266.725550 +1.278
2453266.727020 +1.354
2453266.728500 +1.506
2453266.731060 +1.623
2453266.732540 +1.632
2453266.734010 +1.553
2453266.736580 +1.529
2453266.738050 +1.501
2453266.742100 +1.372
2453266.743580 +1.300
2453266.745050 +1.316
2453266.760140 +0.967
2453266.761610 +0.940
2453266.764190 +0.930
2453266.765660 +0.943
2453266.767140 +0.954
2453266.771180 +0.996
2453266.772660 +1.027
2453266.780740 +1.210
2453266.782230 +1.231
2453266.783690 +1.286
2453266.786260 +1.298
2453266.787730 +1.352
2453266.789220 +1.350
2453266.791790 +1.328
2453266.793260 +1.369
2453266.794740 +1.429
2453266.797310 +1.325
2453266.798780 +1.420
2453266.800250 +1.369
2453266.802830 +1.389
2453266.804300 +1.430
2453266.805770 +1.467
2453266.808340 +1.568
2453266.809820 +1.489
2453266.811290 +1.362
2453266.813850 +1.379
2453266.815320 +1.324
2453266.816800 +1.311
2453266.819370 +1.222
2453266.820860 +1.218
2453266.822330 +1.140
2453266.824900 +1.133
2453266.846980 +1.123
2453266.848450 +1.130
2453266.849920 +1.122
2453266.852500 +1.218
2453266.853970 +1.219
2453266.855430 +1.268
2453266.858000 +1.280
2453266.859480 +1.351
2453266.860950 +1.418
2453266.863530 +1.455
2453266.865000 +1.458
2453266.866480 +1.531
2453266.869050 +1.597
2453266.870540 +1.622
2453266.872000 +1.671
2453266.874590 +1.546
2453266.876060 +1.529
2453266.877530 +1.524
2453266.880100 +1.482
2453266.881580 +1.494
2453266.883050 +1.401
2453266.885640 +1.308
2453266.887110 +1.341
2453266.888590 +1.236
2453266.891160 +1.300
2453266.892640 +1.147
2453266.894110 +1.088
2453266.896680 +1.066
2453266.898150 +1.075
2453266.899630 +1.036
2453266.902200 +0.992
2453266.903670 +1.044
2453266.905150 +1.002
2453266.907720 +1.096
2453266.909190 +1.157
2453266.910670 +1.146
2453266.913240 +1.132
2453266.914710 +1.098
2453266.916180 +1.106
2453266.918760 +1.189
2453266.920230 +1.177
2453266.921700 +1.190
2453266.924280 +1.318
2453266.925750 +1.355
2453266.927240 +1.269
2453266.929810 +1.384
2453266.931290 +1.474
2453266.935340 +1.521
2453266.936810 +1.436
2453266.938280 +1.404
2453266.942320 +1.639
2453266.943790 +1.592
2453266.946370 +1.435
2453266.947850 +1.396
2453266.949320 +1.495
2453266.951890 +1.341
2453266.954830 +1.281
2453266.958880 +1.194
2453266.960360 +1.233
2453266.962930 +1.149
2453266.964410 +1.127
2453266.965880 +1.134
2453266.968460 +1.042
2453266.969950 +0.971
2453266.971410 +0.978
2453266.973980 +0.955
2453266.975470 +0.966
2453266.976940 +0.962
2453266.979500 +1.013
2453266.982460 +1.047
2453266.985030 +1.090
2453266.986500 +1.164
2453266.987980 +1.180
