2454355.89142 2.471
2454355.89542 2.461
2454355.91108 2.554
2454355.91418 2.51
2454355.93316 2.482
2454355.93625 2.43
2454355.95541 2.538
2454355.95848 2.538
2454355.97749 2.437
2454355.98057 2.41
2454355.99966 2.333
2454356.00276 2.355
2454356.02046 2.483
2454356.02479 2.5
2454356.04321 2.488
2454356.04725 2.476
2454356.06548 2.44
2454356.06948 2.468
2454356.08772 2.58
2454356.09185 2.584
2454356.10985 2.474
2454356.11293 2.423
2454356.1324 2.421
2454356.13549 2.38
2454356.15448 2.49
2454356.15756 2.482
2454356.16502 2.425
2454356.16811 2.468
2454356.17537 2.429
