2454345.86798 2.173
2454345.87107 2.118
2454345.88419 2.094
2454345.88728 2.095
2454345.90034 2.182
2454345.90471 2.174
2454345.91777 2.196
2454345.92087 2.151
2454345.93421 2.02
2454345.93829 2.041
2454345.95174 2.1
2454345.95486 2.113
2454345.96822 2.202
2454345.97222 2.192
2454345.98857 2.215
2454345.99167 2.183
2454346.01394 2.176
2454346.01794 2.175
2454346.03433 2.289
2454346.03741 2.269
2454346.05465 2.184
2454346.05774 2.125
2454346.07519 2.042
2454346.07828 2.065
2454346.09431 2.218
2454346.11595 2.194
2454346.11904 2.16
2454346.13637 2.102
2454346.13946 2.111
2454346.15674 2.257
