2454364.917 1.402
2454364.92015 1.365
2454364.92323 1.391
2454364.92632 1.382
2454364.9294 1.422
2454364.93361 1.43
2454364.94173 1.387
2454364.94612 1.429
2454364.94921 1.378
2454364.95229 1.404
2454364.95623 1.43
2454364.95932 1.447
2454364.9687 1.445
2454364.97179 1.442
2454364.97488 1.429
2454364.97895 1.392
2454364.98204 1.363
2454364.99404 1.357
2454364.99715 1.397
2454365.00155 1.417
2454365.00469 1.44
2454365.00777 1.433
2454365.01199 1.421
2454365.02163 1.438
2454365.0258 1.407
2454365.02889 1.413
2454365.03198 1.389
2454365.03591 1.44
2454365.03899 1.426
2454365.04881 1.389
2454365.0519 1.352
2454365.05499 1.403
2454365.05897 1.341
2454365.06206 1.363
2454365.06514 1.378
2454365.07504 1.386
2454365.07811 1.373
2454365.08232 1.406
2454365.08539 1.41
2454365.08848 1.396
2454365.09242 1.364
2454365.10079 1.333
2454365.10519 1.341
2454365.10828 1.377
2454365.11135 1.338
2454365.1153 1.407
2454365.11838 1.375
2454365.13052 1.41
2454365.15096 1.399
2454365.15405 1.439
2454365.15715 1.44
2454365.16115 1.407
2454365.16424 1.425
2454365.16733 1.433
2454365.17461 1.46
2454365.17771 1.436
2454365.1808 1.447
2454365.18485 1.439
2454365.18794 1.444
2454365.19102 1.412
2454365.19832 1.458
2454365.20141 1.429
