2454374.8895 0.921
2454374.89345 0.92
2454374.89738 0.962
2454374.90345 0.942
2454374.90783 0.927
2454374.91331 0.887
2454374.91728 0.947
2454374.92133 0.928
2454374.92528 0.868
2454374.92914 0.877
2454374.933 0.838
2454374.93685 0.808
2454374.94099 0.783
2454374.94494 0.752
2454374.95325 0.69
2454374.97408 0.643
2454374.97776 0.633
2454374.98146 0.657
2454374.98522 0.667
2454374.98908 0.669
2454374.99276 0.662
2454374.99644 0.644
2454375.00017 0.691
2454375.0039 0.674
2454375.00763 0.694
2454375.01132 0.677
2454375.03785 0.699
2454375.04149 0.732
2454375.04513 0.707
2454375.04885 0.724
2454375.05255 0.705
2454375.05623 0.702
2454375.0599 0.708
2454375.06354 0.702
2454375.06718 0.729
2454375.07082 0.714
2454375.07449 0.714
2454375.07813 0.703
2454375.08176 0.7
2454375.0854 0.677
2454375.08911 0.72
2454375.09274 0.688
2454375.09639 0.715
2454375.10003 0.766
2454375.10367 0.747
2454375.10734 0.735
2454375.11106 0.766
2454375.1147 0.744
2454375.11834 0.748
2454375.12277 0.734
2454375.12648 0.758
2454375.13012 0.75
2454375.13385 0.766
2454375.1375 0.717
2454375.14115 0.782
2454375.14487 0.774
2454375.1486 0.742
2454375.15229 0.824
2454375.15961 0.815
2454375.17778 0.766
2454375.18145 0.755
