2454380.603240 +1.206
2454380.606270 +1.229
2454380.609300 +1.226
2454380.612350 +1.248
2454380.615380 +1.219
2454380.618420 +1.212
2454380.621470 +1.181
2454380.624500 +1.224
2454380.627540 +1.270
2454380.630590 +1.262
2454380.633630 +1.245
2454380.636660 +1.292
2454380.639710 +1.264
2454380.642750 +1.271
2454380.648830 +1.286
2454380.651870 +1.321
2454380.657950 +1.313
2454380.664020 +1.286
2454380.667070 +1.292
2454380.670110 +1.323
2454380.673140 +1.316
2454380.676190 +1.358
2454380.679230 +1.364
2454380.682270 +1.361
2454380.685310 +1.387
2454380.688350 +1.335
2454380.694430 +1.371
2454380.697470 +1.289
2454380.700500 +1.248
2454380.703550 +1.268
2454380.706590 +1.202
2454380.709620 +1.163
2454380.712670 +1.161
2454380.715700 +1.168
2454380.718740 +1.116
2454380.721780 +1.106
2454380.724810 +1.080
2454380.727850 +1.084
2454380.730890 +1.110
2454380.733920 +1.154
2454380.736950 +1.151
2454380.743990 +1.240
2454380.753100 +1.285
2454380.756140 +1.296
2454380.762220 +1.241
2454380.765260 +1.263
2454380.768300 +1.212
2454380.771340 +1.252
2454380.774370 +1.220
2454380.777420 +1.258
2454380.780450 +1.245
2454380.783480 +1.264
2454380.786530 +1.302
2454380.789560 +1.324
2454380.792600 +1.271
2454380.795640 +1.305
2454380.801710 +1.271
2454380.804750 +1.245
2454380.807790 +1.272
2454380.810830 +1.266
2454380.813870 +1.299
2454380.819940 +1.262
2454380.822990 +1.326
2454380.826020 +1.233
2454380.829050 +1.291
2454380.832100 +1.319
2454380.835140 +1.253
2454380.838170 +1.215
2454380.841220 +1.237
2454380.844260 +1.265
2454380.847290 +1.249
2454380.850340 +1.251
2454380.853380 +1.266
2454380.856410 +1.229
2454380.862490 +1.278
2454380.865530 +1.274
2454380.868580 +1.276
2454380.877700 +1.270
2454380.880730 +1.221
2454380.886810 +1.237
2454380.889850 +1.250
2454380.892880 +1.262
