2451484.65993 13.513
2451484.66369 13.576
2451484.66745 13.676
2451484.67122 13.714
2451484.67498 13.738
2451484.67873 13.687
2451484.68249 13.638
2451484.68627 13.607
2451484.69004 13.555
2451484.69384 13.494
2451484.69762 13.474
2451484.70517 13.413
2451484.70894 13.435
2451484.7127 13.44
2451484.71648 13.461
2451484.82251 13.416
2451484.84541 13.577
2451484.84918 13.674
2451484.85294 13.713
2451484.85673 13.705
2451484.8605 13.63
2451484.86427 13.608
2451484.86803 13.611
2451484.87182 13.508
2451484.87559 13.439
2451484.87936 13.399
2451484.88313 13.378
2451484.88689 13.355
2451484.89067 13.414
2451484.89444 13.407
2451484.89822 13.478
2451484.90199 13.557
2451484.90576 13.618
2451484.90954 13.697
2451484.91331 13.734
2451484.91708 13.739
2451484.92085 13.697
2451484.92463 13.611
2451484.92839 13.528
2451484.93218 13.487
2451484.93594 13.444
2451484.93971 13.432
2451484.94348 13.408
2451484.94727 13.405
2451484.95104 13.419
2451484.95482 13.443
2451484.96236 13.505
2451484.96612 13.588
