2451488.60565 13.422
2451488.60997 13.489
2451488.61409 13.555
2451488.61819 13.67
2451488.6223 13.704
2451488.62644 13.658
2451488.63056 13.581
2451488.63468 13.525
2451488.63879 13.452
2451488.64289 13.409
2451488.64703 13.376
2451488.65113 13.348
2451488.65526 13.361
2451488.65938 13.404
2451488.66348 13.387
2451488.6676 13.429
2451488.67171 13.5
2451488.67583 13.599
2451488.67995 13.642
2451488.68406 13.643
2451488.68817 13.614
2451488.69229 13.555
2451488.69641 13.495
2451488.70052 13.442
2451488.7251 13.395
2451488.72924 13.491
2451488.73333 13.566
2451488.73747 13.643
2451488.74159 13.684
2451488.74571 13.645
2451488.74983 13.596
2451488.75395 13.538
2451488.75807 13.447
2451488.76219 13.407
2451488.7663 13.395
2451488.77042 13.366
2451488.77454 13.343
2451488.77867 13.359
2451488.7828 13.384
2451488.78692 13.419
2451488.79105 13.48
2451488.79519 13.577
2451488.79931 13.651
2451488.80343 13.625
2451488.80755 13.573
2451488.81167 13.556
2451488.81581 13.519
2451488.81994 13.453
2451488.82406 13.408
2451488.82817 13.347
2451488.83229 13.317
2451488.83641 13.325
2451488.84053 13.34
2451488.84464 13.41
2451488.84877 13.471
2451488.85289 13.543
2451488.85701 13.631
2451488.86112 13.669
2451488.86524 13.647
2451488.86936 13.577
2451488.87347 13.531
2451488.8776 13.456
2451488.88171 13.41
2451488.88583 13.377
2451488.88995 13.369
2451488.89406 13.35
2451488.89819 13.374
2451488.90232 13.379
2451488.90642 13.412
2451488.91056 13.485
2451488.91468 13.583
