2455319.67274 15.577
2455319.67581 15.559
2455319.67888 15.551
2455319.68198 15.571
2455319.69738 15.669
2455319.70507 15.68
2455319.70811 15.665
2455319.71114 15.649
2455319.71418 15.647
2455319.71722 15.611
2455319.72029 15.584
2455319.72336 15.577
2455319.72643 15.58
2455319.73667 15.572
2455319.73974 15.592
2455319.74281 15.617
2455319.74584 15.627
2455319.74888 15.65
2455319.75194 15.689
2455319.75498 15.669
2455319.75801 15.64
2455319.76108 15.616
2455319.76419 15.578
2455319.77139 15.563
2455319.77446 15.562
2455319.7775 15.556
2455319.78054 15.565
2455319.78362 15.561
2455319.7867 15.594
2455319.79594 15.661
2455319.80005 15.636
2455319.80619 15.632
2455319.82152 15.591
2455319.82462 15.585
2455319.82769 15.573
2455319.83181 15.562
2455319.83487 15.572
2455319.83794 15.572
2455319.84409 15.623
2455319.84716 15.684
2455319.85024 15.701
2455319.85331 15.72
2455319.85636 15.662
2455319.85943 15.623
2455319.86349 15.591
2455319.86654 15.581
2455319.86961 15.565
2455319.87268 15.564
2455319.87576 15.563
2455319.87883 15.551
2455319.8819 15.603
2455319.88498 15.609
2455319.88803 15.661
2455319.8911 15.676
2455319.8952 15.659
2455319.89827 15.647
2455319.90134 15.678
2455319.90442 15.642
2455319.90747 15.656
2455319.91054 15.649
2455319.91361 15.623
2455319.91668 15.606
2455319.91974 15.578
2455319.92281 15.572
2455319.92693 15.568
2455319.93 15.58
2455319.93307 15.548
2455319.93614 15.564
2455319.93921 15.606
2455319.94229 15.606
2455319.94538 15.623
2455319.94846 15.654
2455319.95153 15.653
