2454172.5994 0.668
2454172.60241 0.685
2454172.60544 0.697
2454172.60846 0.719
2454172.61148 0.767
2454172.61741 0.764
2454172.62044 0.789
2454172.62347 0.734
2454172.63253 0.694
2454172.63858 0.664
2454172.6416 0.653
2454172.64641 0.656
2454172.66454 0.759
2454172.67058 0.775
2454172.67361 0.764
2454172.6819 0.769
2454172.68493 0.735
2454172.68796 0.707
2454172.69705 0.659
2454172.70008 0.655
2454172.72048 0.737
2454172.7235 0.758
2454172.72653 0.715
2454172.72956 0.729
2454172.73261 0.688
2454172.73565 0.685
2454172.73869 0.642
2454172.74171 0.675
2454172.77586 0.76
2454172.77888 0.757
2454172.78189 0.734
2454172.794 0.659
2454172.79703 0.659
2454172.80006 0.679
2454172.80309 0.697
2454172.807 0.745
2454172.81002 0.761
2454172.81304 0.782
2454172.81608 0.766
2454172.81911 0.765
2454172.82821 0.701
2454172.83123 0.701
2454172.83524 0.673
