2454177.59019 0.393
2454177.59933 0.424
2454177.60239 0.444
2454177.60543 0.465
2454177.60848 0.476
2454177.61152 0.508
2454177.61485 0.508
2454177.6179 0.489
2454177.624 0.443
2454177.64258 0.398
2454177.64563 0.428
2454177.64869 0.461
2454177.65478 0.521
2454177.65783 0.532
2454177.66089 0.509
2454177.66394 0.474
2454177.66699 0.461
2454177.67034 0.442
2454177.67643 0.414
2454177.67949 0.375
2454177.68253 0.398
2454177.68811 0.385
2454177.69116 0.391
2454177.69418 0.412
2454177.6972 0.411
2454177.70024 0.438
2454177.70327 0.464
2454177.70629 0.494
2454177.71235 0.481
2454177.71536 0.495
2454177.71838 0.499
2454177.72441 0.457
2454177.72743 0.424
2454177.73047 0.397
2454177.73653 0.37
2454177.73957 0.405
2454177.74261 0.428
2454177.74576 0.437
2454177.74879 0.488
2454177.75181 0.489
2454177.75486 0.502
2454177.7579 0.488
2454177.76094 0.504
2454177.77301 0.436
2454177.77604 0.421
2454177.77908 0.387
2454177.78214 0.396
2454177.78518 0.363
2454177.7882 0.375
2454177.79122 0.398
2454177.79425 0.405
2454177.79726 0.421
2454177.80031 0.436
2454177.80345 0.463
2454177.80648 0.494
2454177.8095 0.504
2454177.81252 0.498
2454177.81554 0.499
2454177.81858 0.489
2454177.8216 0.462
2454177.82465 0.435
2454177.82767 0.407
