2456524.75146 15.539
2456524.75374 15.535
2456524.75601 15.564
2456524.75829 15.614
2456524.76056 15.622
2456524.76283 15.649
2456524.76512 15.627
2456524.7674 15.598
2456524.77878 15.545
2456524.78106 15.549
2456524.78334 15.503
2456524.78848 15.514
2456524.79076 15.515
2456524.79304 15.539
2456524.79532 15.572
2456524.79759 15.61
2456524.79987 15.634
2456524.80215 15.63
2456524.80443 15.646
2456524.80671 15.63
2456524.80898 15.605
2456524.81354 15.591
2456524.81581 15.568
2456524.81808 15.554
2456524.82036 15.543
2456524.82727 15.53
2456524.82955 15.504
2456524.83411 15.504
2456524.83639 15.493
2456524.83867 15.464
2456524.84095 15.49
2456524.84323 15.492
2456524.8455 15.544
2456524.84778 15.528
2456524.85005 15.535
2456524.85233 15.543
2456524.85461 15.591
2456524.85689 15.573
2456524.85917 15.627
2456524.86431 15.628
2456524.86659 15.616
2456524.86887 15.623
2456524.87115 15.613
2456524.87342 15.598
2456524.8757 15.555
2456524.87797 15.537
2456524.88025 15.53
2456524.88252 15.537
2456524.90373 15.613
2456524.90601 15.585
2456524.90828 15.575
2456524.91056 15.58
2456524.91284 15.577
2456524.92653 15.527
2456524.9288 15.512
2456524.93108 15.505
2456524.93335 15.497
2456524.93563 15.479
2456524.94054 15.508
2456524.94282 15.544
2456524.9451 15.549
2456524.94738 15.528
2456524.94965 15.558
2456524.95193 15.562
2456524.95422 15.587
2456524.95649 15.636
2456524.95877 15.619
2456524.96105 15.616
2456524.96333 15.629
2456524.9656 15.624
2456524.96787 15.612
2456524.97015 15.588
2456524.97243 15.594
2456524.97871 15.503
2456524.98098 15.489
2456524.98325 15.484
2456524.98553 15.5
2456524.9878 15.493
2456524.99008 15.508
2456524.99236 15.534
2456524.99464 15.588
2456524.99691 15.593
2456524.99919 15.604
