2455311.6996 15.788
2455311.7027 15.759
2455311.70577 15.776
2455311.70887 15.782
2455311.71196 15.729
2455311.71504 15.687
2455311.73471 15.684
2455311.73782 15.74
2455311.74091 15.746
2455311.74401 15.79
2455311.74711 15.81
2455311.75127 15.794
2455311.75438 15.768
2455311.75747 15.71
2455311.76056 15.674
2455311.76366 15.662
2455311.76678 15.674
2455311.76988 15.649
2455311.77297 15.656
2455311.77607 15.682
2455311.77919 15.697
2455311.78331 15.766
2455311.78642 15.781
2455311.78951 15.767
2455311.79262 15.758
2455311.79574 15.773
2455311.79886 15.762
2455311.80195 15.772
2455311.80819 15.735
2455311.81129 15.679
2455311.82164 15.655
2455311.82474 15.658
2455311.82783 15.675
2455311.83405 15.736
2455311.83714 15.743
2455311.84023 15.757
2455311.84336 15.767
2455311.84754 15.769
2455311.85063 15.769
2455311.85685 15.706
2455311.87542 15.716
2455311.8827 15.785
2455311.89204 15.779
2455311.89512 15.769
2455311.89823 15.787
2455311.90131 15.755
2455311.90443 15.762
2455311.91481 15.654
2455311.91791 15.65
2455311.92102 15.657
2455311.92414 15.651
2455311.92721 15.673
2455311.93028 15.706
2455311.93337 15.727
2455311.93646 15.727
2455311.93956 15.751
2455311.94993 15.756
2455311.95304 15.72
2455311.95928 15.675
2455311.96237 15.669
