2455804.62562 17.182
2455804.62924 17.209
2455804.63287 17.293
2455804.63651 17.244
2455804.64013 17.319
2455804.64376 17.314
2455804.64739 17.324
2455804.65103 17.293
2455804.65466 17.243
2455804.65829 17.189
2455804.66799 17.135
2455804.67163 17.117
2455804.67526 17.122
2455804.68253 17.124
2455804.7007 17.196
2455804.71068 17.288
2455804.71432 17.23
2455804.71795 17.301
2455804.72157 17.29
2455804.72521 17.283
2455804.72885 17.251
2455804.73248 17.277
2455804.7361 17.227
2455804.73973 17.19
2455804.74337 17.203
2455804.75325 17.188
2455804.75688 17.184
2455804.76051 17.173
2455804.76414 17.157
2455804.76778 17.199
2455804.77141 17.178
2455804.77504 17.225
2455804.77866 17.219
2455804.78593 17.304
2455804.80276 17.382
2455804.81002 17.32
2455804.82091 17.255
2455804.82818 17.204
2455804.84892 17.234
2455804.85985 17.29
2455804.86349 17.306
2455804.89175 17.241
2455804.89538 17.197
2455804.9354 17.165
2455804.93903 17.219
2455804.94266 17.282
2455804.94629 17.253
2455804.94992 17.325
2455804.95355 17.286
2455804.95718 17.253
2455804.97406 17.119
