2455809.61718 17.147
2455809.62444 17.12
2455809.62807 17.093
2455809.63172 17.078
2455809.63535 17.159
2455809.63898 17.172
2455809.64261 17.156
2455809.64626 17.149
2455809.65462 17.163
2455809.65826 17.264
2455809.66189 17.257
2455809.69459 17.116
2455809.69823 17.069
2455809.70186 17.162
2455809.70549 17.094
2455809.70913 17.073
2455809.71276 17.067
2455809.71638 17.117
2455809.72003 17.134
2455809.72366 17.135
2455809.72729 17.168
2455809.73568 17.276
2455809.74294 17.278
2455809.74658 17.232
2455809.75021 17.204
2455809.75385 17.171
2455809.75747 17.184
2455809.76111 17.116
2455809.76838 17.095
2455809.79094 17.106
2455809.79458 17.088
2455809.7982 17.161
2455809.84266 17.144
2455809.85662 17.132
2455809.86025 17.13
2455809.86389 17.12
2455809.86753 17.129
2455809.87115 17.131
2455809.87479 17.136
2455809.87843 17.186
2455809.88207 17.146
2455809.88571 17.191
2455809.89786 17.27
2455809.94621 17.163
2455809.9571 17.207
2455809.96438 17.215
2455809.96801 17.251
