2455824.61861 16.981
2455824.62224 16.988
2455824.62586 16.996
2455824.63312 17.011
2455824.63674 17.009
2455824.64401 17.02
2455824.64764 17.028
2455824.65126 17.077
2455824.65992 17.128
2455824.66354 17.12
2455824.66716 17.093
2455824.67079 17.039
2455824.67441 17.02
2455824.67803 16.975
2455824.68166 16.974
2455824.68529 16.977
2455824.70111 16.98
2455824.70473 17.014
2455824.70836 17.032
2455824.71198 17.004
2455824.7156 17.028
2455824.71923 17.043
2455824.74581 17.032
2455824.74943 17.006
2455824.75306 16.983
2455824.76031 17.01
2455824.76394 17.019
2455824.76757 17.03
2455824.77121 17.047
2455824.77483 17.016
2455824.78444 17.042
2455824.78807 17.023
2455824.79169 17.034
2455824.79532 17.047
2455824.79895 17.081
2455824.80259 17.062
2455824.80621 17.108
2455824.80984 17.135
2455824.81347 17.098
2455824.8171 17.086
2455824.82564 17.076
2455824.82927 17.03
2455824.83289 17.035
2455824.83651 17.001
2455824.84376 17.017
2455824.851 16.97
2455824.85463 16.994
2455824.85825 17.014
2455824.86672 17.057
2455824.8776 17.104
2455824.88122 17.108
2455824.91526 16.988
2455824.91888 16.996
2455824.92251 16.976
2455824.92612 16.996
2455824.92972 17.012
2455824.93335 17.0
2455824.93697 16.989
2455824.9406 17.031
