2454055.59437 1.232
2454055.61599 1.259
2454055.62429 1.207
2454055.6267 1.17
2454055.62911 1.206
2454055.63393 1.184
2454055.63874 1.15
2454055.64355 1.176
2454055.64835 1.222
2454055.65076 1.214
2454055.65556 1.233
2454055.65799 1.254
2454055.66554 1.254
2454055.66797 1.274
2454055.67041 1.25
2454055.67282 1.247
2454055.68022 1.237
2454055.68267 1.213
2454055.68513 1.207
2454055.6876 1.161
2454055.69007 1.163
2454055.69251 1.16
2454055.69498 1.182
2454055.69744 1.177
2454055.69992 1.187
2454055.70801 1.225
2454055.71044 1.232
2454055.71531 1.253
2454055.72016 1.218
2454055.72259 1.263
2454055.72501 1.263
2454055.72743 1.272
2454055.72988 1.259
2454055.73228 1.262
2454055.73469 1.26
2454055.73715 1.288
2454055.74206 1.214
2454055.76615 1.194
2454055.76858 1.157
2454055.771 1.174
2454055.78796 1.272
2454055.7928 1.236
2454055.79522 1.278
2454055.80525 1.198
2454055.80767 1.192
2454055.81009 1.197
2454055.81252 1.161
2454055.81979 1.187
2454055.82223 1.234
2454055.86578 1.193
2454055.86821 1.173
2454055.87308 1.155
2454055.87551 1.204
2454055.87794 1.171
2454055.89034 1.206
2454055.89519 1.241
2454055.90006 1.267
2454055.90493 1.265
2454055.90737 1.241
2454055.90979 1.279
2454055.91222 1.252
2454055.91465 1.255
2454055.9195 1.269
2454055.92974 1.148
2454055.93217 1.178
2454055.93703 1.168
2454055.94435 1.204
2454055.94677 1.217
2454055.94921 1.278
2454055.95163 1.22
2454055.9565 1.279
2454055.97203 1.272
