2457305.578040 +0.310
2457305.585109 +0.283
2457305.588645 +0.278
2457305.592180 +0.271
2457305.595715 +0.283
2457305.599250 +0.274
2457305.602785 +0.269
2457305.606319 +0.237
2457305.609853 +0.183
2457305.613389 +0.156
2457305.616924 +0.146
2457305.620458 +0.139
2457305.628570 +0.130
2457305.635640 +0.110
2457305.639175 +0.102
2457305.642709 +0.165
2457305.646244 +0.126
2457305.652478 +0.189
2457305.656013 +0.237
2457305.659551 +0.272
2457305.663085 +0.326
2457305.666620 +0.310
2457305.670154 +0.321
2457305.673689 +0.322
2457305.677225 +0.322
2457305.680759 +0.316
2457305.684294 +0.300
2457305.687829 +0.248
2457305.691364 +0.237
2457305.694898 +0.212
2457305.698433 +0.190
2457305.701969 +0.197
2457305.705503 +0.221
2457305.709038 +0.274
2457305.712574 +0.301
2457305.716108 +0.322
2457305.719643 +0.309
2457305.723178 +0.333
2457305.726712 +0.357
2457305.730361 +0.348
2457305.733896 +0.365
2457305.737431 +0.373
2457305.744471 +0.361
2457305.748006 +0.338
2457305.751542 +0.297
2457305.755077 +0.280
2457305.758612 +0.281
2457305.762148 +0.290
2457305.765684 +0.301
2457305.769219 +0.267
2457305.772755 +0.222
2457305.776291 +0.170
2457305.779826 +0.170
2457305.783360 +0.165
2457305.799999 +0.112
2457305.807068 +0.160
2457305.810604 +0.202
2457305.814138 +0.247
2457305.817674 +0.271
2457305.821208 +0.252
2457305.824743 +0.326
2457305.828278 +0.351
2457305.831812 +0.346
2457305.835348 +0.378
2457305.838881 +0.385
2457305.845951 +0.334
2457305.849486 +0.289
2457305.853022 +0.261
2457305.856557 +0.207
2457305.860092 +0.188
2457305.863627 +0.185
2457305.867162 +0.181
2457305.870697 +0.201
2457305.874233 +0.230
2457305.877768 +0.258
2457305.881303 +0.275
2457305.884838 +0.294
2457305.888373 +0.316
2457305.891909 +0.330
2457305.895444 +0.318
2457305.898979 +0.325
2457305.902514 +0.321
2457305.906049 +0.321
2457305.912863 +0.285
2457305.916398 +0.263
2457305.919933 +0.254
2457305.923468 +0.225
2457305.927004 +0.231
2457305.930539 +0.227
2457305.934075 +0.207
2457305.937611 +0.167
