2456537.7678 16.923
2456537.77086 16.934
2456537.77392 16.856
2456537.77699 16.901
2456537.78005 16.785
2456537.78312 16.883
2456537.78618 16.815
2456537.78925 16.868
2456537.79231 16.892
2456537.79537 16.92
2456537.80184 16.977
2456537.80491 17.041
2456537.80796 16.933
2456537.81103 16.967
2456537.81409 16.88
2456537.81722 16.892
2456537.82029 16.871
2456537.82335 16.874
2456537.82641 16.884
2456537.82947 16.863
2456537.83823 16.925
2456537.8413 16.891
2456537.84435 16.979
2456537.85661 16.881
2456537.85968 16.926
2456537.86274 16.956
2456537.8658 17.006
2456537.87237 17.072
2456537.87543 17.006
2456537.87849 17.005
2456537.88154 16.984
2456537.88461 16.889
2456537.88768 16.864
2456537.89075 16.833
2456537.8938 16.863
2456537.89686 16.843
2456537.90801 16.908
2456537.91106 17.031
2456537.91413 16.962
2456537.9172 17.002
2456537.92025 16.925
2456537.9233 16.977
2456537.92636 16.923
2456537.92942 16.886
2456537.93248 16.879
2456537.93554 16.835
2456537.94189 16.835
2456537.94496 16.88
2456537.94801 16.843
2456537.95107 16.939
2456537.95412 16.95
2456537.95718 16.938
2456537.96024 16.922
2456537.9633 16.932
2456537.96942 16.986
2456537.97699 17.045
2456537.98005 17.057
2456537.98312 17.04
2456537.98618 16.959
2456537.98923 16.994
2456537.99229 16.889
2456537.99535 16.907
2456537.99841 16.842
2456538.00147 16.828
2456538.00453 16.859
2456538.01469 16.939
