2456532.7662 17.394
2456532.77215 17.472
2456532.77512 17.429
2456532.77809 17.512
2456532.78106 17.424
2456532.78403 17.479
2456532.79033 17.39
2456532.7933 17.434
2456532.79627 17.426
2456532.79925 17.435
2456532.80519 17.413
2456532.80816 17.404
2456532.81113 17.429
2456532.8247 17.37
2456532.82767 17.456
2456532.83064 17.404
2456532.83361 17.458
2456532.83658 17.488
2456532.83955 17.435
2456532.84252 17.566
2456532.84549 17.504
2456532.84846 17.532
2456532.85143 17.469
2456532.85788 17.434
2456532.86085 17.452
2456532.86382 17.347
2456532.86679 17.317
2456532.86977 17.326
2456532.87273 17.341
2456532.87571 17.365
2456532.87869 17.364
2456532.88165 17.435
2456532.88463 17.497
2456532.89306 17.489
2456532.89604 17.431
2456532.90198 17.453
2456532.90496 17.394
2456532.90793 17.34
2456532.9109 17.323
2456532.91387 17.297
2456532.91683 17.329
2456532.91981 17.373
2456532.92634 17.412
2456532.92931 17.42
2456532.93227 17.475
2456532.93524 17.423
2456532.93822 17.477
2456532.94119 17.419
2456532.94416 17.436
2456532.94714 17.459
2456532.95011 17.424
2456532.95308 17.469
2456532.96093 17.51
2456532.9639 17.429
2456532.96687 17.417
2456532.96984 17.38
2456532.9728 17.321
2456532.97577 17.32
2456532.97874 17.295
2456532.98171 17.339
2456532.98468 17.344
2456532.98766 17.446
2456532.99396 17.536
2456532.99693 17.484
2456532.9999 17.497
2456533.00287 17.44
2456533.00584 17.402
2456533.01178 17.375
2456533.01474 17.393
