2456529.76627 17.436
2456529.77815 17.409
2456529.78112 17.439
2456529.78409 17.51
2456529.79952 17.525
2456529.80844 17.324
2456529.81141 17.31
2456529.81438 17.414
2456529.83759 17.42
2456529.84056 17.484
2456529.86179 17.405
2456529.86476 17.439
2456529.87071 17.457
2456529.87368 17.392
2456529.87963 17.434
2456529.89968 17.568
2456529.90265 17.461
2456529.90562 17.41
2456529.9086 17.429
2456529.91157 17.428
2456529.91454 17.314
2456529.92049 17.362
2456529.92346 17.355
2456529.92998 17.488
2456529.93295 17.45
2456529.93592 17.577
2456529.94186 17.489
2456529.94781 17.532
2456529.95374 17.457
2456529.95671 17.373
2456529.96731 17.288
2456529.99742 17.492
