2456533.75665 17.433
2456533.75962 17.437
2456533.76259 17.515
2456533.78039 17.428
2456533.78997 17.331
2456533.79293 17.367
2456533.7959 17.365
2456533.79888 17.37
2456533.80184 17.406
2456533.80481 17.384
2456533.80778 17.385
2456533.81076 17.359
2456533.81373 17.453
2456533.81669 17.387
2456533.82806 17.458
2456533.834 17.469
2456533.83697 17.463
2456533.83994 17.412
2456533.84291 17.36
2456533.84589 17.328
2456533.84886 17.275
2456533.85183 17.266
2456533.8548 17.274
2456533.86124 17.374
2456533.86421 17.459
2456533.86718 17.436
2456533.87015 17.488
2456533.87312 17.447
2456533.87609 17.515
2456533.87907 17.456
2456533.88204 17.413
2456533.885 17.355
2456533.8959 17.342
2456533.89887 17.33
2456533.90184 17.374
2456533.90779 17.325
2456533.91374 17.4
2456533.91672 17.41
2456533.92266 17.426
2456533.93123 17.519
2456533.9342 17.474
2456533.93717 17.506
2456533.94311 17.488
2456533.94608 17.439
2456533.94905 17.458
2456533.95202 17.415
2456533.95499 17.357
2456533.96923 17.42
2456533.97221 17.425
2456533.97816 17.484
2456533.9841 17.514
2456533.98707 17.479
2456533.99004 17.456
2456533.99301 17.396
2456533.99598 17.398
2456534.00242 17.333
2456534.0054 17.347
2456534.00837 17.394
2456534.01135 17.377
2456534.01432 17.353
