2456550.77251 15.521
2456550.77479 15.505
2456550.77706 15.479
2456550.77933 15.48
2456550.78162 15.518
2456550.78389 15.523
2456550.78616 15.559
2456550.78843 15.575
2456550.79071 15.644
2456550.79299 15.692
2456550.79803 15.669
2456550.8003 15.625
2456550.80257 15.608
2456550.80485 15.62
2456550.80713 15.601
2456550.80941 15.591
2456550.81169 15.569
2456550.81397 15.551
2456550.81625 15.585
2456550.81853 15.574
2456550.8276 15.547
2456550.82987 15.569
2456550.83214 15.551
2456550.83442 15.564
2456550.8367 15.565
2456550.83898 15.576
2456550.84125 15.585
2456550.8458 15.58
2456550.84807 15.581
2456550.85298 15.571
2456550.85525 15.625
2456550.85753 15.623
2456550.8598 15.664
2456550.86207 15.687
2456550.86435 15.663
2456550.86663 15.687
2456550.86891 15.638
2456550.87119 15.653
2456550.87346 15.654
2456550.87993 15.549
2456550.88221 15.536
2456550.88448 15.499
2456550.88675 15.494
2456550.88903 15.49
2456550.89131 15.503
2456550.89358 15.531
2456550.89587 15.546
2456550.89814 15.543
2456550.90042 15.625
2456550.90546 15.657
2456550.90773 15.66
2456550.91 15.64
2456550.91228 15.643
2456550.91456 15.626
2456550.91683 15.59
2456550.92139 15.607
2456550.92366 15.574
2456550.92594 15.549
2456550.93227 15.536
2456550.93454 15.548
2456550.93682 15.538
2456550.93909 15.531
2456550.94137 15.531
2456550.94364 15.526
2456550.94591 15.556
2456550.94818 15.564
2456550.95046 15.59
2456550.95274 15.563
2456550.95773 15.563
2456550.96001 15.576
2456550.96457 15.597
2456550.96684 15.646
2456550.96911 15.675
2456550.97139 15.67
2456550.97367 15.692
2456550.97593 15.678
2456550.97821 15.692
2456550.98554 15.572
2456550.99465 15.484
2456550.99693 15.457
2456550.99921 15.481
2456551.00148 15.48
2456551.00375 15.51
2456551.00603 15.572
2456551.01103 15.667
2456551.01559 15.632
2456551.01787 15.62
2456551.02014 15.598
2456551.02242 15.589
