2456528.77076 17.501
2456528.78265 17.679
2456528.78561 17.613
2456528.78858 17.702
2456528.80083 17.718
2456528.80677 17.706
2456528.80975 17.703
2456528.81569 17.771
2456528.81866 17.62
2456528.8352 17.515
2456528.83817 17.562
2456528.84114 17.614
2456528.84411 17.764
2456528.84708 17.716
2456528.85005 17.641
2456528.85303 17.712
2456528.856 17.687
2456528.86537 17.58
2456528.86834 17.491
2456528.8713 17.555
2456528.88023 17.504
2456528.88319 17.593
2456528.88915 17.542
2456528.89677 17.621
2456528.9057 17.733
2456528.94877 17.607
2456528.95173 17.723
2456528.96902 17.558
2456528.98091 17.498
2456528.98388 17.594
2456529.00222 17.656
2456529.00817 17.562
2456529.01114 17.618
