2456203.57664 15.508
2456203.58472 15.537
2456203.6126 15.513
2456203.61493 15.564
2456203.61728 15.57
2456203.6196 15.6
2456203.62193 15.596
2456203.62427 15.595
2456203.62659 15.618
2456203.6289 15.609
2456203.63123 15.614
2456203.63357 15.626
2456203.6415 15.687
2456203.64384 15.68
2456203.64616 15.677
2456203.64851 15.67
2456203.65084 15.667
2456203.65316 15.631
2456203.65548 15.598
2456203.65781 15.58
2456203.66014 15.544
2456203.66705 15.488
2456203.66938 15.503
2456203.67403 15.444
2456203.67636 15.458
2456203.67869 15.445
2456203.68102 15.431
2456203.68335 15.446
2456203.68567 15.444
2456203.688 15.462
2456203.69599 15.442
2456203.69833 15.476
2456203.70066 15.462
2456203.70299 15.503
2456203.70532 15.509
2456203.70764 15.542
2456203.70997 15.563
2456203.71231 15.583
2456203.71464 15.604
2456203.72107 15.555
2456203.72342 15.554
2456203.72575 15.531
2456203.72807 15.532
2456203.7304 15.536
2456203.73274 15.532
2456203.73507 15.535
2456203.73742 15.556
2456203.73975 15.525
2456203.74208 15.572
2456203.74771 15.537
2456203.75004 15.534
2456203.75237 15.53
2456203.7547 15.506
2456203.75702 15.524
2456203.75935 15.496
2456203.7617 15.521
2456203.76404 15.499
2456203.76637 15.53
2456203.76869 15.509
2456203.7752 15.547
2456203.77753 15.575
2456203.78685 15.548
2456203.78918 15.541
2456203.79152 15.52
2456203.79385 15.496
2456203.80412 15.559
2456203.80644 15.554
2456203.81108 15.561
2456203.81341 15.595
2456203.81575 15.645
2456203.81807 15.63
2456203.8204 15.661
2456203.82274 15.668
2456203.82979 15.653
2456203.83212 15.673
2456203.83445 15.646
2456203.83912 15.581
2456203.84146 15.544
2456203.84379 15.515
2456203.84846 15.486
2456203.86111 15.453
2456203.86344 15.463
2456203.8681 15.447
2456203.87277 15.44
2456203.8751 15.441
2456203.87743 15.454
2456203.88426 15.481
2456203.8866 15.546
2456203.88893 15.527
2456203.89125 15.54
2456203.89358 15.572
2456203.89591 15.6
2456203.90057 15.608
2456203.90522 15.612
2456203.91087 15.56
2456203.9132 15.548
2456203.91553 15.542
2456203.91786 15.565
2456203.92486 15.572
2456203.92719 15.546
2456203.92952 15.536
2456203.93186 15.528
2456203.93983 15.496
2456203.94217 15.512
2456203.9445 15.541
2456203.94683 15.538
2456203.94917 15.532
2456203.95151 15.54
2456203.95385 15.549
2456203.95619 15.572
2456203.9665 15.554
2456203.97115 15.533
2456203.97352 15.524
2456203.98752 15.545
2456203.99708 15.615
2456203.9994 15.597
