2456208.5872 15.568
2456208.59023 15.561
2456208.59326 15.548
2456208.59628 15.583
2456208.60234 15.619
2456208.61531 15.527
2456208.61833 15.505
2456208.62135 15.484
2456208.62439 15.488
2456208.62742 15.466
2456208.63044 15.467
2456208.63649 15.474
2456208.6597 15.429
2456208.66272 15.504
2456208.66575 15.546
2456208.66878 15.611
2456208.67181 15.587
2456208.67484 15.593
2456208.6837 15.621
2456208.68672 15.58
2456208.68974 15.562
2456208.69276 15.557
2456208.69578 15.558
2456208.69881 15.564
2456208.70183 15.566
2456208.70486 15.549
2456208.7079 15.578
2456208.71091 15.558
2456208.71926 15.523
2456208.72228 15.496
2456208.72531 15.515
2456208.72833 15.567
2456208.73135 15.585
2456208.73438 15.618
2456208.7374 15.58
2456208.74042 15.566
2456208.74343 15.584
2456208.74645 15.538
2456208.75499 15.498
2456208.75802 15.551
2456208.76104 15.594
2456208.76407 15.587
2456208.76708 15.582
2456208.77011 15.595
2456208.77313 15.65
2456208.77616 15.637
2456208.7792 15.668
2456208.78223 15.635
2456208.79075 15.724
2456208.79378 15.719
2456208.7968 15.688
2456208.79983 15.638
2456208.80285 15.653
2456208.80589 15.579
2456208.8089 15.554
2456208.81193 15.563
2456208.81495 15.548
2456208.86032 15.589
2456208.86637 15.597
2456208.86939 15.601
2456208.87242 15.596
2456208.87544 15.568
2456208.87846 15.59
2456208.88151 15.568
2456208.88454 15.59
2456208.88756 15.605
2456208.9143 15.613
2456208.92036 15.615
2456208.96677 15.667
2456208.9698 15.637
2456208.97282 15.695
2456208.97585 15.626
2456208.98492 15.547
2456208.98795 15.505
2456208.99097 15.491
2456208.99401 15.48
