2454862.64568 0.506
2454862.65179 0.517
2454862.65484 0.524
2454862.65791 0.522
2454862.68628 0.5
2454862.69237 0.484
2454862.69697 0.476
2454862.70002 0.508
2454862.70613 0.489
2454862.70918 0.481
2454862.71528 0.466
2454862.72138 0.447
2454862.72442 0.438
2454862.7284 0.455
2454862.75987 0.591
2454862.76292 0.566
2454862.76595 0.577
2454862.77207 0.556
2454862.77513 0.571
2454862.77818 0.553
2454862.78123 0.547
2454862.78734 0.545
2454862.79136 0.544
2454862.79439 0.533
2454862.79744 0.523
2454862.8005 0.526
2454862.8066 0.527
2454862.80965 0.502
2454862.81272 0.496
2454862.81577 0.482
2454862.81883 0.503
2454862.82279 0.478
2454862.82888 0.444
2454862.83499 0.441
2454862.8411 0.469
2454862.84415 0.472
2454862.84719 0.458
2454862.85024 0.499
2454862.85424 0.499
2454862.85729 0.528
2454862.86035 0.538
2454862.86341 0.548
2454862.86646 0.501
2454862.87563 0.493
2454862.8787 0.489
2454862.88174 0.485
2454862.88578 0.476
2454862.88883 0.457
2454862.89189 0.454
2454862.89494 0.468
2454862.898 0.462
2454862.90104 0.48
2454862.90408 0.496
2454862.90712 0.481
2454862.91017 0.517
2454862.91322 0.496
2454862.92387 0.475
2454862.9269 0.461
2454862.95274 0.446
2454862.9558 0.47
2454862.95884 0.478
2454862.9619 0.501
2454862.96495 0.5
2454862.96799 0.501
2454862.97105 0.5
2454862.9741 0.473
2454862.97716 0.492
2454862.98719 0.457
2454862.99331 0.472
2454862.99636 0.477
2454862.99941 0.463
2454863.00246 0.479
2454863.00552 0.518
2454863.00857 0.514
2454863.01312 0.551
2454863.01618 0.54
2454863.01922 0.514
2454863.02227 0.481
2454863.02533 0.476
2454863.03447 0.431
2454863.03752 0.443
2454863.04057 0.448
