2456671.8551 17.018
2456671.85805 16.992
2456671.861 16.99
2456671.86396 16.967
2456671.86691 16.984
2456671.87621 16.928
2456671.88212 16.912
2456671.88804 16.958
2456671.891 16.939
2456671.89395 16.988
2456671.89691 16.976
2456671.90686 17.046
2456671.90982 17.024
2456671.91277 16.937
2456671.91573 16.901
2456671.91869 16.95
2456671.92164 16.902
2456671.93051 16.918
2456671.9399 16.933
2456671.94286 16.909
2456671.94582 16.935
2456671.94877 16.961
2456671.95173 16.938
2456671.95469 16.956
2456671.95765 16.978
2456671.96061 16.938
2456671.96356 16.964
2456671.96651 16.937
2456671.97508 16.864
2456671.97804 16.886
2456671.98099 16.836
2456671.98394 16.841
2456671.98689 16.812
2456671.98984 16.834
2456671.99279 16.864
2456671.99575 16.919
2456671.9987 16.922
2456672.00788 16.971
2456672.01083 16.973
2456672.01379 16.943
2456672.01676 16.947
2456672.01971 16.901
2456672.02267 16.896
2456672.02562 16.91
2456672.02858 16.912
2456672.0345 16.941
2456672.04151 16.981
2456672.04447 16.987
2456672.04742 16.958
2456672.05038 16.956
2456672.05334 16.95
2456672.0563 16.963
2456672.05926 16.962
2456672.06222 16.951
2456672.06517 16.975
2456672.06813 16.977
2456672.07457 16.949
2456672.07751 16.919
