2453673.25275 1.777
2453673.25499 1.776
2453673.25722 1.782
2453673.25946 1.771
2453673.26169 1.781
2453673.2642 1.768
2453673.26645 1.774
2453673.26867 1.747
2453673.2709 1.768
2453673.27314 1.771
2453673.27537 1.786
2453673.2776 1.792
2453673.27984 1.772
2453673.28432 1.784
2453673.28654 1.784
2453673.28877 1.819
2453673.29102 1.792
2453673.29325 1.795
2453673.29547 1.815
2453673.29771 1.78
2453673.29994 1.771
2453673.30218 1.773
2453673.30442 1.737
2453673.30664 1.753
2453673.32427 1.72
2453673.3265 1.74
2453673.32875 1.761
2453673.33322 1.769
2453673.33544 1.771
2453673.33769 1.783
2453673.33992 1.789
2453673.34215 1.806
2453673.34439 1.817
2453673.34663 1.822
2453673.34885 1.814
2453673.35333 1.789
2453673.37119 1.762
2453673.37565 1.758
2453673.37788 1.758
2453673.38012 1.762
2453673.38235 1.786
2453673.38458 1.772
2453673.38683 1.797
2453673.38905 1.769
2453673.3913 1.786
2453673.39352 1.799
2453673.39575 1.812
2453673.398 1.817
2453673.40023 1.806
2453673.40245 1.768
2453673.4047 1.766
2453673.40692 1.756
2453673.40917 1.74
2453673.41139 1.752
2453673.41363 1.757
2453673.41586 1.746
2453673.4181 1.75
2453673.42744 1.725
2453673.42969 1.726
2453673.43191 1.729
2453673.43416 1.741
2453673.43638 1.751
2453673.43862 1.753
2453673.44084 1.766
2453673.44308 1.77
2453673.4453 1.791
2453673.44753 1.81
2453673.44977 1.828
2453673.45201 1.82
2453673.45425 1.815
2453673.45648 1.817
2453673.45872 1.774
2453673.46096 1.777
2453673.46971 1.782
2453673.47194 1.761
2453673.47419 1.774
2453673.47641 1.784
2453673.47865 1.773
2453673.48088 1.769
2453673.48311 1.771
2453673.51141 1.751
2453673.51365 1.763
2453673.51588 1.763
2453673.51811 1.762
2453673.52035 1.773
2453673.52481 1.755
2453673.52705 1.767
2453673.52928 1.752
2453673.53152 1.766
2453673.53375 1.767
2453673.53598 1.764
2453673.53822 1.79
2453673.54045 1.782
2453673.5427 1.792
2453673.54492 1.809
2453673.54715 1.826
2453673.54939 1.852
2453673.55387 1.863
2453673.55609 1.87
2453673.56056 1.882
2453673.56279 1.864
2453673.56502 1.869
2453673.56726 1.86
2453673.56949 1.865
2453673.57172 1.873
2453673.57396 1.864
