2453672.29 1.686
2453672.29223 1.716
2453672.29448 1.715
2453672.2967 1.733
2453672.29892 1.718
2453672.30116 1.757
2453672.30339 1.749
2453672.30563 1.769
2453672.30786 1.761
2453672.31009 1.734
2453672.31234 1.715
2453672.31456 1.726
2453672.31681 1.734
2453672.31903 1.731
2453672.33985 1.716
2453672.34265 1.73
2453672.34488 1.744
2453672.34713 1.752
2453672.34936 1.763
2453672.35159 1.744
2453672.35382 1.776
2453672.35605 1.766
2453672.3583 1.746
2453672.36052 1.728
2453672.36275 1.724
2453672.36499 1.708
2453672.36722 1.704
2453672.36946 1.7
2453672.37391 1.699
2453672.37615 1.699
2453672.38286 1.694
2453672.38509 1.696
2453672.38733 1.698
2453672.38957 1.713
2453672.39405 1.725
2453672.39628 1.746
2453672.39852 1.759
2453672.40076 1.8
2453672.403 1.819
2453672.40524 1.788
2453672.40748 1.827
2453672.4097 1.829
2453672.41193 1.814
2453672.41417 1.808
2453672.41641 1.797
2453672.41865 1.795
2453672.42088 1.79
2453672.42311 1.787
2453672.42758 1.786
2453672.42981 1.775
2453672.43205 1.78
2453672.43427 1.779
2453672.4365 1.763
2453672.43874 1.772
2453672.44098 1.785
2453672.44322 1.774
2453672.44544 1.793
2453672.44767 1.796
2453672.44991 1.794
2453672.45215 1.808
2453672.45439 1.816
2453672.45661 1.806
2453672.45884 1.796
2453672.46108 1.795
2453672.46331 1.754
2453672.46554 1.73
2453672.46779 1.71
2453672.47001 1.701
2453672.47225 1.686
2453672.47448 1.689
2453672.47671 1.673
2453672.47895 1.676
2453672.48341 1.671
2453672.48788 1.669
2453672.49012 1.675
2453672.49235 1.672
2453672.49457 1.683
2453672.49681 1.717
2453672.49904 1.707
2453672.50359 1.726
2453672.50807 1.746
2453672.51029 1.753
2453672.5131 1.748
2453672.51535 1.746
2453672.51758 1.729
2453672.51981 1.726
2453672.53098 1.701
2453672.53322 1.693
2453672.53545 1.689
2453672.53769 1.7
2453672.53992 1.683
2453672.54215 1.689
2453672.5444 1.685
2453672.54662 1.692
2453672.54885 1.707
2453672.55109 1.707
2453672.55556 1.727
2453672.56002 1.738
