2454864.6297 0.695
2454864.63581 0.685
2454864.63887 0.669
2454864.64194 0.653
2454864.64804 0.634
2454864.7072 0.636
2454864.71025 0.651
2454864.7874 0.68
2454864.7935 0.675
2454864.79655 0.628
2454864.80571 0.62
2454864.80876 0.596
2454864.81178 0.582
2454864.81484 0.568
2454864.8194 0.571
2454864.82247 0.591
2454864.82553 0.581
2454864.82858 0.595
2454864.83163 0.603
2454864.83463 0.604
2454864.83766 0.651
2454864.84071 0.665
2454864.84376 0.661
2454864.84682 0.666
2454864.85075 0.638
2454864.85381 0.641
2454864.85686 0.641
2454864.8599 0.629
2454864.86598 0.628
2454864.87512 0.623
2454864.87817 0.626
2454864.90097 0.606
2454864.90401 0.602
2454864.90706 0.585
2454864.91463 0.587
2454864.91768 0.597
2454864.92682 0.611
2454864.92987 0.605
2454864.93291 0.605
2454864.93595 0.612
2454864.93901 0.607
2454864.94206 0.625
2454864.94603 0.669
2454864.9491 0.659
2454864.9552 0.631
2454864.9613 0.615
2454864.96433 0.592
2454864.96739 0.581
2454864.98356 0.61
2454864.98661 0.642
2454864.98968 0.654
2454864.99274 0.653
2454864.99578 0.702
2454864.99884 0.685
2454865.0019 0.677
2454865.00952 0.637
2454865.01563 0.592
2454865.01868 0.597
2454865.02174 0.584
2454865.02478 0.577
2454865.02783 0.581
2454865.03088 0.592
2454865.03394 0.613
2454865.03701 0.629
2454865.041 0.658
2454865.04404 0.707
