2453674.25069 1.426
2453674.25293 1.43
2453674.25516 1.431
2453674.2574 1.428
2453674.25969 1.406
2453674.26416 1.416
2453674.26861 1.441
2453674.27309 1.46
2453674.27978 1.497
2453674.28201 1.499
2453674.28425 1.5
2453674.28648 1.515
2453674.28872 1.508
2453674.29095 1.508
2453674.29318 1.506
2453674.29541 1.485
2453674.29765 1.499
2453674.29988 1.493
2453674.30212 1.483
2453674.30434 1.476
2453674.30657 1.49
2453674.31104 1.492
2453674.31328 1.475
2453674.31551 1.47
2453674.31774 1.486
2453674.31998 1.513
2453674.32221 1.524
2453674.32444 1.533
2453674.32669 1.54
2453674.32891 1.573
2453674.33338 1.58
2453674.33561 1.579
2453674.33785 1.585
2453674.34008 1.575
2453674.34231 1.577
2453674.34456 1.567
2453674.34679 1.571
2453674.34903 1.584
2453674.35628 1.591
2453674.35852 1.592
2453674.36075 1.588
2453674.36299 1.586
2453674.36522 1.599
2453674.36745 1.596
2453674.37192 1.603
2453674.37416 1.623
2453674.37639 1.624
2453674.37862 1.573
2453674.38086 1.562
2453674.38309 1.587
2453674.38532 1.562
2453674.38756 1.599
2453674.38979 1.586
2453674.39203 1.58
2453674.39426 1.576
2453674.39649 1.554
2453674.39873 1.526
2453674.40096 1.509
2453674.40319 1.496
2453674.40543 1.514
2453674.40766 1.507
2453674.41213 1.512
2453674.41435 1.503
2453674.41875 1.487
2453674.42088 1.496
2453674.42311 1.514
2453674.42535 1.508
2453674.42758 1.513
2453674.42981 1.521
2453674.43204 1.533
2453674.43427 1.532
2453674.4365 1.533
2453674.43874 1.553
2453674.44098 1.537
2453674.44322 1.533
2453674.44545 1.517
2453674.44767 1.49
2453674.45919 1.491
2453674.46142 1.491
2453674.46366 1.486
2453674.46591 1.485
2453674.46812 1.465
2453674.47037 1.474
2453674.4726 1.465
2453674.47707 1.477
2453674.47931 1.495
2453674.48154 1.489
2453674.48376 1.491
2453674.486 1.494
2453674.49499 1.557
2453674.49722 1.542
2453674.49946 1.526
2453674.50169 1.508
2453674.50394 1.499
2453674.50616 1.486
2453674.5084 1.496
2453674.51062 1.501
2453674.51308 1.496
2453674.51531 1.496
2453674.51756 1.493
2453674.52201 1.486
2453674.52425 1.473
2453674.52648 1.489
2453674.53095 1.505
2453674.53541 1.51
2453674.53764 1.495
2453674.53987 1.506
2453674.54211 1.516
2453674.54434 1.512
