2453670.59889 1.748
2453670.60157 1.742
2453670.60424 1.705
2453670.60691 1.706
2453670.60959 1.744
2453670.61226 1.749
2453670.62399 1.799
2453670.62666 1.806
2453670.62933 1.811
2453670.63202 1.799
2453670.63469 1.781
2453670.63736 1.786
2453670.64005 1.733
2453670.64272 1.753
2453670.6454 1.724
2453670.66759 1.764
2453670.67026 1.764
2453670.67559 1.795
2453670.67827 1.779
2453670.68094 1.762
2453670.68361 1.783
2453670.68629 1.757
2453670.69163 1.727
2453670.6943 1.716
2453670.69697 1.696
2453670.69964 1.706
2453670.70232 1.697
2453670.70499 1.684
2453670.71131 1.681
2453670.71398 1.687
2453670.71665 1.688
2453670.71932 1.709
2453670.72198 1.713
2453670.72466 1.704
2453670.72733 1.749
2453670.72999 1.788
2453670.73268 1.779
2453670.73535 1.785
2453670.73802 1.782
2453670.74069 1.795
2453670.74336 1.769
2453670.74603 1.786
2453670.75486 1.766
2453670.75753 1.776
2453670.76286 1.779
2453670.76554 1.767
2453670.77087 1.767
2453670.77354 1.765
2453670.77622 1.789
2453670.77889 1.775
2453670.78156 1.782
2453670.78423 1.812
2453670.78691 1.821
2453670.78959 1.815
2453670.79225 1.791
2453670.80107 1.765
2453670.80373 1.743
2453670.80639 1.738
2453670.80907 1.748
2453670.81174 1.715
2453670.82243 1.731
2453670.82511 1.759
2453670.82777 1.751
2453670.83044 1.762
2453670.83312 1.786
2453670.83579 1.796
2453670.84192 1.816
2453670.8446 1.807
2453670.84727 1.825
2453670.84995 1.777
2453670.85262 1.766
2453670.85797 1.775
2453670.86063 1.786
2453670.86331 1.794
2453670.86599 1.814
2453670.86866 1.828
2453670.88566 1.88
2453670.88833 1.851
2453670.891 1.835
