2456674.83461 16.791
2456674.83756 16.832
2456674.84051 16.8
2456674.84937 16.799
2456674.85232 16.792
2456674.85528 16.82
2456674.86119 16.86
2456674.86742 16.872
2456674.87038 16.869
2456674.87333 16.836
2456674.87629 16.858
2456674.87924 16.865
2456674.8822 16.892
2456674.88515 16.838
2456674.88811 16.848
2456674.89107 16.847
2456674.89402 16.842
2456674.91117 16.828
2456674.92004 16.861
2456674.923 16.881
2456674.92596 16.946
2456674.92892 16.981
2456674.95579 16.947
2456674.9617 16.921
2456674.96868 16.957
2456674.97164 16.917
2456674.9746 16.959
2456674.98347 16.983
2456674.99234 16.968
2456675.00165 16.869
2456675.0046 16.809
2456675.00755 16.851
2456675.0105 16.805
2456675.01345 16.852
2456675.01641 16.811
2456675.01935 16.84
2456675.02231 16.864
2456675.02526 16.847
2456675.02821 16.884
2456675.03574 16.891
2456675.04164 16.834
2456675.04459 16.847
2456675.04754 16.797
2456675.0505 16.783
2456675.05345 16.806
2456675.05641 16.83
2456675.05936 16.832
2456675.06232 16.817
2456675.06854 16.893
2456675.0715 16.882
2456675.07445 16.843
2456675.07742 16.88
