2454860.7363 0.866
2454860.73938 0.844
2454860.74244 0.825
2454860.74551 0.829
2454860.74858 0.834
2454860.75164 0.84
2454860.75471 0.855
2454860.75777 0.862
2454860.76083 0.867
2454860.76488 0.895
2454860.76793 0.905
2454860.77099 0.936
2454860.77404 0.933
2454860.77707 0.929
2454860.78014 0.922
2454860.78624 0.887
2454860.7893 0.885
2454860.79234 0.866
2454860.80038 0.88
2454860.80342 0.887
2454860.80647 0.91
2454860.80952 0.91
2454860.81561 0.98
2454860.81865 0.981
2454860.82169 1.013
2454860.82474 1.017
2454860.82871 0.987
2454860.83175 0.962
2454860.83785 0.935
2454860.84088 0.919
2454860.84392 0.913
2454860.84697 0.914
2454860.85307 0.909
2454860.85611 0.928
2454860.8632 0.935
2454860.86625 0.939
2454860.86928 0.941
2454860.87233 0.938
2454860.87537 0.949
2454860.87843 0.941
2454860.88149 0.92
2454860.88454 0.91
2454860.88761 0.894
2454860.89777 0.89
2454860.90082 0.89
2454860.90386 0.897
2454860.9069 0.884
2454860.90996 0.884
2454860.91301 0.89
2454860.91607 0.909
2454860.91913 0.905
2454860.92319 0.919
2454860.92625 0.915
2454860.9293 0.939
2454860.93236 0.933
2454860.9354 0.888
2454860.93845 0.887
2454860.9415 0.86
2454860.9476 0.872
2454860.96989 0.908
2454860.97598 0.917
2454860.97903 0.943
2454860.98209 0.944
2454860.9861 0.928
