2456677.82596 16.628
2456677.82891 16.621
2456677.83186 16.589
2456677.83481 16.642
2456677.83776 16.652
2456677.84071 16.666
2456677.85253 16.709
2456677.85994 16.644
2456677.86879 16.621
2456677.87174 16.638
2456677.87469 16.613
2456677.87765 16.657
2456677.88061 16.661
2456677.88356 16.65
2456677.88652 16.624
2456677.89303 16.666
2456677.89598 16.699
2456677.89893 16.638
2456677.90188 16.652
2456677.90483 16.628
2456677.91073 16.631
2456677.91369 16.607
2456677.91665 16.621
2456677.9196 16.585
2456677.92688 16.602
2456677.93279 16.608
2456677.93575 16.603
2456677.9387 16.607
2456677.94166 16.645
2456677.94462 16.65
2456677.94757 16.677
2456677.95053 16.672
2456677.95349 16.675
2456677.95974 16.676
2456677.96269 16.64
2456677.96565 16.611
2456677.97155 16.588
2456677.97451 16.626
2456677.98042 16.643
2456677.98337 16.657
2456677.98633 16.66
2456678.00298 16.669
2456678.00594 16.73
2456678.00889 16.749
2456678.01184 16.752
2456678.01479 16.712
2456678.01775 16.733
2456678.02071 16.704
2456678.02705 16.681
2456678.03 16.673
2456678.03295 16.639
2456678.0359 16.624
2456678.03885 16.655
2456678.0418 16.664
2456678.04475 16.663
2456678.04771 16.742
2456678.05067 16.733
2456678.05362 16.771
2456678.06138 16.786
2456678.06434 16.75
2456678.06729 16.669
2456678.07025 16.635
