2454859.62635 1.042
2454859.63238 1.003
2454859.63841 0.959
2454859.64141 0.95
2454859.65442 0.971
2454859.65742 1.001
2454859.66344 1.036
2454859.66645 1.063
2454859.66947 1.073
2454859.67246 1.082
2454859.67848 1.087
2454859.68303 1.088
2454859.69207 1.023
2454859.80247 0.927
2454859.80547 0.937
2454859.81472 0.994
2454859.82375 1.015
2454859.82676 1.025
2454859.82978 1.045
2454859.83279 1.034
2454859.83582 1.033
2454859.83884 1.024
2454859.84186 1.019
2454859.84884 0.987
2454859.85187 0.984
2454859.8579 0.984
2454859.86092 0.994
2454859.86392 0.99
2454859.86692 0.995
2454859.87295 1.021
2454859.91102 0.93
2454859.91403 0.917
2454859.91702 0.914
2454859.92606 0.953
2454859.93206 0.979
