2453669.59511 1.848
2453669.59777 1.805
2453669.60044 1.813
2453669.60579 1.816
2453669.60846 1.801
2453669.61113 1.776
2453669.61646 1.776
2453669.6218 1.777
2453669.6279 1.792
2453669.63057 1.797
2453669.63323 1.802
2453669.63593 1.845
2453669.6386 1.833
2453669.64128 1.842
2453669.64395 1.833
2453669.64661 1.829
2453669.66264 1.81
2453669.67409 1.794
2453669.6821 1.812
2453669.69545 1.81
2453669.7008 1.815
2453669.70348 1.822
2453669.70882 1.846
2453669.71495 1.872
2453669.71763 1.856
2453669.72029 1.878
2453669.72298 1.89
2453669.72564 1.926
2453669.72831 1.925
2453669.73099 1.968
2453669.73366 1.964
2453669.73632 1.992
2453669.739 1.969
2453669.74167 2.005
2453669.74434 2.021
2453669.74702 2.005
2453669.74969 1.958
2453669.76916 1.855
2453669.77451 1.836
2453669.77717 1.841
2453669.77984 1.83
2453669.79586 1.87
2453669.80199 1.849
2453669.80734 1.86
2453669.81002 1.856
2453669.81268 1.856
2453669.81535 1.858
2453669.8207 1.858
2453669.82336 1.846
2453669.82603 1.856
2453669.82871 1.841
2453669.83138 1.85
2453669.83405 1.852
2453669.83673 1.842
2453669.84512 1.877
2453669.84779 1.896
2453669.85052 1.878
2453669.8532 1.877
2453669.85587 1.871
2453669.85854 1.835
2453669.86122 1.836
2453669.86389 1.817
2453669.86656 1.811
2453669.87189 1.795
2453669.87724 1.779
