2454865.60207 1.313
2454865.60817 1.329
2454865.61428 1.336
2454865.61733 1.386
2454865.62039 1.405
2454865.62343 1.404
2454865.62648 1.405
2454865.62953 1.318
2454865.63409 1.291
2454865.64019 1.291
2454865.64325 1.262
2454865.64687 1.279
2454865.64988 1.257
2454865.65596 1.281
2454865.659 1.288
2454865.66205 1.302
2454865.66509 1.289
2454865.67119 1.307
2454865.69106 1.322
2454865.69411 1.327
2454865.69716 1.314
2454865.7002 1.32
2454865.70324 1.34
2454865.70628 1.323
2454865.71025 1.329
2454865.71636 1.345
2454865.7194 1.367
2454865.72244 1.348
2454865.72548 1.387
2454865.73158 1.383
2454865.73463 1.347
2454865.73767 1.35
2454865.74472 1.336
2454865.7508 1.303
2454865.75385 1.284
2454865.7569 1.287
2454865.75997 1.283
2454865.76303 1.313
2454865.76909 1.325
2454865.77618 1.325
2454865.78837 1.364
2454865.79142 1.346
2454865.79447 1.352
2454865.79753 1.362
2454865.80058 1.35
2454865.81903 1.443
2454865.82208 1.422
2454865.82514 1.455
2454865.8282 1.454
2454865.83737 1.456
2454865.84041 1.427
2454865.84346 1.4
2454865.85051 1.383
2454865.85355 1.38
2454865.8566 1.375
2454865.85965 1.368
2454865.8627 1.36
2454865.86574 1.383
2454865.86879 1.377
2454865.87184 1.373
2454865.91278 1.366
2454865.91583 1.36
2454865.91888 1.361
2454865.92498 1.36
2454865.92803 1.362
2454865.94784 1.32
2454865.95089 1.325
2454865.95393 1.317
2454865.95699 1.302
2454865.96004 1.286
2454865.96615 1.287
2454865.9692 1.317
2454865.97226 1.312
2454865.97624 1.356
2454865.9793 1.359
2454865.99151 1.411
2454865.99761 1.379
2454866.00371 1.324
2454866.00773 1.319
2454866.01384 1.317
2454866.01691 1.302
2454866.02303 1.308
2454866.02602 1.32
2454866.02907 1.326
2454866.03213 1.321
2454866.03519 1.353
2454866.03921 1.366
2454866.04226 1.379
