2456675.83379 16.657
2456675.85155 16.646
2456675.85451 16.635
2456675.85746 16.678
2456675.8651 16.709
2456675.86806 16.721
2456675.87398 16.718
2456675.87694 16.677
2456675.87989 16.693
2456675.88285 16.64
2456675.88876 16.655
2456675.89172 16.672
2456675.89856 16.722
2456675.90151 16.711
2456675.90447 16.718
2456675.90742 16.722
2456675.91037 16.7
2456675.93283 16.678
2456675.93578 16.716
2456675.93874 16.64
2456675.94466 16.625
2456675.95353 16.644
2456675.95648 16.629
2456675.95944 16.628
2456675.96564 16.732
2456675.96859 16.695
2456675.97155 16.755
2456675.9745 16.702
2456675.97745 16.693
2456675.9804 16.673
2456675.98335 16.662
2456675.98631 16.69
2456675.98926 16.612
2456675.99222 16.636
2456675.99852 16.718
2456676.00443 16.693
2456676.00738 16.724
2456676.01329 16.701
2456676.01625 16.674
2456676.02511 16.709
2456676.03296 16.756
2456676.03592 16.71
2456676.03887 16.723
2456676.04182 16.699
2456676.04477 16.677
2456676.04772 16.672
2456676.05068 16.671
2456676.05364 16.67
2456676.05659 16.716
2456676.05955 16.673
2456676.06589 16.744
2456676.06884 16.737
2456676.07179 16.79
2456676.07474 16.766
2456676.07769 16.785
