2453668.58873 1.077
2453668.59142 1.084
2453668.59408 1.076
2453668.59676 1.09
2453668.59942 1.046
2453668.60211 1.021
2453668.60477 1.003
2453668.60745 0.994
2453668.61013 0.972
2453668.61281 0.986
2453668.61548 0.952
2453668.63497 0.933
2453668.63764 0.947
2453668.6403 0.962
2453668.64299 0.961
2453668.64565 0.953
2453668.64833 0.969
2453668.651 1.013
2453668.65367 1.008
2453668.65635 1.009
2453668.66704 0.956
2453668.67317 0.954
2453668.67585 0.946
2453668.67851 0.945
2453668.68118 0.943
2453668.68386 0.956
2453668.68653 0.959
2453668.6892 0.973
2453668.69188 0.969
2453668.69455 0.981
2453668.69989 0.985
2453668.70256 0.991
2453668.70522 0.988
2453668.7079 0.953
2453668.71058 0.945
2453668.7167 0.93
2453668.71937 0.927
2453668.72205 0.935
2453668.72741 0.932
2453668.73007 0.932
2453668.73543 0.933
2453668.73809 0.938
2453668.74077 0.958
2453668.74345 0.938
2453668.74611 0.968
2453668.7488 0.973
2453668.75147 0.984
2453668.75415 1.01
2453668.76029 0.996
2453668.76297 0.982
2453668.76564 0.975
2453668.77099 0.975
2453668.77366 0.975
2453668.77633 0.973
2453668.77901 0.952
2453668.78168 0.958
2453668.78436 0.939
2453668.78702 0.949
2453668.78969 0.948
2453668.79236 0.958
2453668.79504 0.982
2453668.79771 0.972
2453668.80384 0.996
2453668.80651 1.003
2453668.80918 0.983
2453668.81184 0.954
2453668.81452 0.929
2453668.81719 0.918
2453668.81986 0.935
2453668.82253 0.922
2453668.82787 0.906
2453668.83588 0.918
2453668.83856 0.938
2453668.84124 0.918
2453668.84735 0.978
2453668.85003 0.959
2453668.85537 0.968
2453668.85805 0.996
2453668.86071 1.011
2453668.86334 0.995
2453668.86596 0.982
2453668.87123 0.948
2453668.87387 0.952
2453668.8765 0.958
2453668.87912 0.956
2453668.88442 0.973
2453668.89054 0.943
2453668.89321 0.941
2453668.89588 0.956
2453668.89855 0.973
2453668.90121 0.991
