2453674.59442 0.951
2453674.59838 0.964
2453674.60692 0.935
2453674.61088 0.907
2453674.61559 0.915
2453674.61965 0.916
2453674.6236 0.912
2453674.62751 0.92
2453674.63146 0.926
2453674.66688 0.904
2453674.67129 0.905
2453674.67918 0.884
2453674.68315 0.897
2453674.68711 0.926
2453674.69254 0.926
2453674.72057 1.017
2453674.72451 1.012
2453674.7285 0.995
2453674.73526 0.991
2453674.73928 1.012
2453674.74328 1.005
2453674.75495 1.055
2453674.75962 1.002
2453674.7638 0.99
2453674.76808 0.98
2453674.77204 0.964
2453674.77612 0.947
2453674.78168 0.906
2453674.78572 0.907
2453674.78984 0.939
2453674.79385 0.938
2453674.79839 0.949
2453674.80288 0.977
2453674.80697 1.014
2453674.811 1.045
2453674.81502 0.949
2453674.81904 0.946
2453674.82458 0.956
2453674.82861 0.939
2453674.83264 0.929
2453674.83668 0.926
2453674.84067 0.925
2453674.84513 0.95
2453674.84911 0.945
2453674.85307 0.953
2453674.85712 0.958
2453674.86113 0.979
2453674.86662 0.943
2453674.87066 0.916
2453674.87464 0.908
2453674.87861 0.921
2453674.88265 0.907
2453674.88714 0.906
2453674.89126 0.924
2453674.89527 0.914
2453674.89928 0.932
2453674.90324 0.958
2453674.90875 0.965
2453674.91274 1.0
2453674.91675 0.976
2453674.92075 0.939
2453674.92478 0.96
