2453677.60954 1.887
2453677.61288 1.884
2453677.61625 1.853
2453677.6196 1.859
2453677.62692 1.913
2453677.63026 1.895
2453677.64365 1.896
2453677.6537 1.933
2453677.6604 1.95
2453677.66709 1.932
2453677.67378 1.954
2453677.69108 1.961
2453677.6978 1.928
2453677.7045 1.896
2453677.71453 1.867
2453677.7179 1.845
2453677.72123 1.851
2453677.75521 1.842
2453677.75855 1.862
2453677.76189 1.87
2453677.76522 1.886
2453677.76856 1.915
2453677.7719 1.905
2453677.77524 1.924
2453677.77852 1.935
2453677.79886 1.936
2453677.80214 1.915
2453677.80543 1.903
2453677.80872 1.918
2453677.812 1.89
2453677.81529 1.916
2453677.81858 1.917
2453677.82187 1.928
2453677.82515 1.954
2453677.82843 1.976
2453677.83501 1.989
2453677.84224 1.931
2453677.84559 1.891
2453677.84894 1.909
2453677.8523 1.884
2453677.85565 1.84
2453677.859 1.84
2453677.86238 1.837
2453677.86571 1.866
2453677.86905 1.876
2453677.87239 1.883
2453677.87575 1.923
