2456003.65465 15.781
2456003.66191 15.792
2456003.66553 15.808
2456003.66915 15.845
2456003.67277 15.87
2456003.68193 16.144
2456003.68556 16.277
2456003.68918 16.438
2456003.69281 16.454
2456003.69643 16.495
2456003.70006 16.414
2456003.70367 16.305
2456003.70731 16.18
2456003.71094 16.05
2456003.71457 16.01
2456003.72382 15.885
2456003.72745 15.864
2456003.73108 15.819
2456003.73471 15.783
2456003.73833 15.766
2456003.74196 15.783
2456003.74559 15.774
2456003.74921 15.75
2456003.75284 15.76
2456003.75646 15.763
2456003.76554 15.801
2456003.76916 15.826
2456003.77279 15.801
2456003.77642 15.816
2456003.78004 15.849
2456003.78367 15.856
2456003.7873 15.9
2456003.79092 15.961
2456003.79455 16.021
2456003.79818 16.169
2456003.80684 16.467
2456003.81046 16.487
2456003.81409 16.467
2456003.81773 16.347
2456003.82136 16.241
2456003.82498 16.144
2456003.82862 16.021
2456003.83225 15.988
2456003.83587 15.948
2456003.83949 15.867
2456003.84886 15.84
2456003.85248 15.798
2456003.85611 15.778
2456003.87123 15.793
2456003.87486 15.78
2456003.87848 15.784
2456003.88211 15.764
2456003.88938 15.766
2456003.89301 15.777
2456003.89664 15.812
2456003.90027 15.833
