2456000.68676 15.351
2456000.69038 15.368
2456000.71215 15.314
2456000.7158 15.321
2456000.71943 15.322
2456000.72854 15.324
2456000.73216 15.361
2456000.7358 15.351
2456000.73943 15.373
2456000.74305 15.346
2456000.74669 15.355
2456000.75032 15.338
2456000.75397 15.345
2456000.7576 15.321
2456000.76123 15.355
2456000.77014 15.4
2456000.77376 15.384
2456000.7774 15.418
2456000.78465 15.415
2456000.79191 15.393
2456000.79554 15.41
2456000.79916 15.381
2456000.81233 15.39
2456000.8305 15.433
2456000.83775 15.4
2456000.84136 15.384
2456000.845 15.341
2456000.85412 15.348
2456000.85774 15.414
2456000.86136 15.346
2456000.86498 15.388
2456000.86861 15.372
2456000.87223 15.364
2456000.87586 15.378
