2456002.66682 16.328
2456002.67045 16.181
2456002.67772 16.067
2456002.68136 15.919
2456002.68966 15.823
2456002.6933 15.784
2456002.69693 15.821
2456002.70056 15.788
2456002.70418 15.765
2456002.70781 15.762
2456002.71143 15.755
2456002.71508 15.748
2456002.7187 15.765
2456002.72234 15.756
2456002.73086 15.753
2456002.73448 15.733
2456002.73811 15.741
2456002.74174 15.774
2456002.74536 15.822
2456002.74899 15.854
2456002.75263 15.903
2456002.75627 15.923
2456002.80089 15.886
2456002.80453 15.821
2456002.81262 15.789
2456002.81625 15.731
2456002.81987 15.71
2456002.8235 15.73
2456002.82712 15.738
2456002.83075 15.734
2456002.8344 15.725
2456002.83802 15.728
2456002.84164 15.733
2456002.84527 15.766
2456002.85365 15.748
2456002.85727 15.794
2456002.86815 15.894
2456002.87178 16.012
2456002.87541 16.086
2456002.87902 16.177
2456002.88265 16.256
2456002.88627 16.337
