2456008.63835 15.965
2456008.64198 16.063
2456008.64561 16.081
2456008.64924 16.182
2456008.65287 16.281
2456008.6565 16.242
2456008.66014 16.215
2456008.66378 16.062
2456008.67427 15.894
2456008.67789 15.826
2456008.68152 15.746
2456008.69604 15.651
2456008.69967 15.64
2456008.7033 15.628
2456008.70694 15.576
2456008.71659 15.589
2456008.72022 15.607
2456008.72748 15.588
2456008.73111 15.641
2456008.73474 15.615
2456008.73836 15.638
2456008.74199 15.634
2456008.74563 15.698
2456008.74926 15.755
2456008.75931 16.011
2456008.76294 16.07
2456008.76657 16.213
2456008.77021 16.314
2456008.77384 16.269
2456008.77748 16.195
2456008.78111 16.066
2456008.78475 15.858
2456008.78839 15.824
2456008.79202 15.782
2456008.80161 15.66
2456008.80524 15.615
2456008.80887 15.626
2456008.8125 15.588
2456008.81614 15.587
2456008.81976 15.588
2456008.82339 15.559
2456008.82703 15.559
2456008.83066 15.561
2456008.83428 15.58
2456008.84352 15.621
2456008.84715 15.629
2456008.85077 15.649
2456008.8544 15.671
2456008.85803 15.684
2456008.86165 15.707
2456008.86529 15.814
2456008.86891 15.913
2456008.87254 15.964
2456008.87616 16.068
