2455434.61878 14.904
2455434.62176 14.915
2455434.62475 14.871
2455434.62773 14.838
2455434.63073 14.798
2455434.63371 14.778
2455434.63971 14.781
2455434.64271 14.744
2455434.67685 14.773
2455434.67984 14.77
2455434.68702 14.86
2455434.69001 14.859
2455434.69602 14.778
2455434.69901 14.757
2455434.702 14.719
2455434.70499 14.741
2455434.70798 14.73
2455434.71097 14.749
2455434.71396 14.743
2455434.72077 14.712
2455434.72377 14.74
2455434.75458 14.731
2455434.75757 14.757
2455434.76056 14.76
2455434.76355 14.762
2455434.76654 14.73
2455434.76953 14.692
2455434.77253 14.683
2455434.77552 14.689
2455434.77852 14.689
2455434.78154 14.699
2455434.79166 14.795
2455434.79767 14.891
2455434.80066 14.9
2455434.80366 14.829
2455434.80667 14.778
2455434.80966 14.786
2455434.81266 14.742
2455434.81565 14.729
2455434.82878 14.671
2455434.83179 14.692
2455434.85969 14.784
2455434.86569 14.766
2455434.8687 14.767
2455434.87169 14.745
2455434.87768 14.759
2455434.88067 14.717
2455434.88366 14.703
2455434.88665 14.681
2455434.89384 14.736
2455434.89685 14.771
2455434.89986 14.778
2455434.90287 14.781
2455434.90585 14.84
2455434.90886 14.845
2455434.91185 14.88
2455434.91484 14.824
2455434.91784 14.77
2455434.92083 14.79
2455434.92796 14.732
2455434.93095 14.74
2455434.93394 14.739
