2455435.61032 14.649
2455435.61332 14.657
2455435.61633 14.634
2455435.61931 14.655
2455435.62231 14.699
2455435.6253 14.677
2455435.62829 14.715
2455435.63128 14.704
2455435.63429 14.696
2455435.63728 14.711
2455435.64414 14.713
2455435.64713 14.734
2455435.65012 14.72
2455435.65311 14.681
2455435.65611 14.699
2455435.65909 14.703
2455435.6621 14.689
2455435.66511 14.705
2455435.6681 14.67
2455435.67109 14.643
2455435.67817 14.648
2455435.68115 14.666
2455435.68414 14.672
2455435.68713 14.698
2455435.69013 14.733
2455435.69313 14.759
2455435.69611 14.823
2455435.6991 14.798
2455435.70209 14.772
2455435.70509 14.767
2455435.71185 14.688
2455435.71484 14.705
2455435.71783 14.724
2455435.72082 14.693
2455435.72383 14.66
2455435.72682 14.655
2455435.72981 14.642
2455435.73281 14.65
2455435.73579 14.699
2455435.7388 14.748
2455435.74558 14.745
2455435.74857 14.74
2455435.75158 14.728
2455435.75457 14.737
2455435.75757 14.729
2455435.76056 14.734
2455435.76356 14.694
2455435.76655 14.694
2455435.76955 14.689
2455435.77255 14.699
2455435.7796 14.662
2455435.78259 14.682
2455435.78558 14.666
2455435.78857 14.697
2455435.79156 14.686
2455435.79456 14.685
2455435.79755 14.728
2455435.80054 14.75
2455435.80356 14.787
2455435.80655 14.819
2455435.81364 14.78
2455435.81667 14.745
2455435.82268 14.701
2455435.82567 14.691
2455435.82866 14.706
2455435.83166 14.723
2455435.83465 14.681
2455435.83764 14.656
2455435.84063 14.65
2455435.84767 14.711
2455435.85066 14.762
2455435.85367 14.777
2455435.85666 14.781
2455435.86864 14.767
2455435.87164 14.767
2455435.87463 14.716
2455435.88178 14.687
2455435.88478 14.676
2455435.88777 14.684
2455435.89076 14.638
2455435.89375 14.639
2455435.89675 14.634
2455435.90273 14.638
2455435.90874 14.679
2455435.91579 14.8
2455435.91879 14.86
2455435.92179 14.843
2455435.92477 14.822
2455435.93078 14.758
