2455429.64369 14.755
2455429.66178 14.73
2455429.67772 14.772
2455429.68075 14.772
2455429.68378 14.782
2455429.69585 14.769
2455429.69886 14.741
2455429.70187 14.733
2455429.70491 14.717
2455429.71809 14.71
2455429.72411 14.691
2455429.72713 14.704
2455429.73015 14.704
2455429.73317 14.715
2455429.73619 14.732
2455429.7392 14.746
2455429.75537 14.771
2455429.7584 14.762
2455429.76143 14.742
2455429.77353 14.725
2455429.78069 14.71
2455429.78373 14.719
2455429.79278 14.765
2455429.87134 14.752
2455429.87436 14.75
2455429.87741 14.749
2455429.90303 14.775
2455429.91208 14.773
2455429.9151 14.761
2455429.91814 14.771
2455429.92116 14.758
2455429.94075 14.716
2455429.94377 14.7
2455429.94681 14.697
