2455437.63072 14.66
2455437.6337 14.675
2455437.63669 14.673
2455437.64391 14.687
2455437.6469 14.728
2455437.64988 14.739
2455437.65287 14.726
2455437.65586 14.721
2455437.65884 14.714
2455437.66182 14.701
2455437.66482 14.718
2455437.66782 14.711
2455437.67081 14.698
2455437.67775 14.678
2455437.68075 14.688
2455437.68374 14.678
2455437.68672 14.654
2455437.68971 14.636
2455437.6927 14.63
2455437.6957 14.635
2455437.69869 14.66
2455437.70168 14.658
2455437.70467 14.669
2455437.71157 14.728
2455437.71456 14.815
2455437.71755 14.804
2455437.72054 14.781
2455437.72353 14.748
2455437.72652 14.735
2455437.72949 14.708
2455437.73248 14.723
2455437.73547 14.675
2455437.73846 14.676
2455437.75433 14.656
2455437.75732 14.697
2455437.76031 14.732
2455437.7633 14.72
2455437.76629 14.723
2455437.76928 14.712
2455437.77226 14.722
2455437.77948 14.738
2455437.78247 14.739
2455437.78547 14.716
2455437.78846 14.713
2455437.79144 14.719
2455437.79443 14.703
2455437.79743 14.69
2455437.80044 14.652
2455437.80344 14.672
2455437.80645 14.645
2455437.81367 14.671
2455437.81665 14.693
2455437.81965 14.701
2455437.82264 14.724
2455437.82563 14.781
2455437.82863 14.799
2455437.83162 14.795
2455437.83461 14.749
2455437.83761 14.742
2455437.8406 14.704
2455437.84794 14.722
2455437.85093 14.723
2455437.85392 14.715
2455437.85693 14.701
2455437.85995 14.694
2455437.86593 14.699
2455437.86894 14.706
2455437.87194 14.733
2455437.87493 14.733
2455437.88214 14.723
2455437.88513 14.73
2455437.89411 14.717
2455437.8971 14.703
2455437.90009 14.684
2455437.90309 14.673
2455437.90608 14.677
2455437.90909 14.673
2455437.91634 14.657
2455437.91933 14.656
2455437.92233 14.668
