2454800.92245 1.537
2454800.92599 1.537
2454800.93284 1.546
2454800.93638 1.569
2454800.93993 1.58
2454800.94347 1.58
2454800.94701 1.636
2454800.95055 1.618
2454800.95409 1.577
2454800.95763 1.631
2454800.96117 1.639
2454800.96471 1.645
2454800.96826 1.621
2454800.9718 1.628
2454800.97534 1.572
2454800.97889 1.554
2454800.98244 1.557
2454800.98598 1.531
2454800.98952 1.561
2454800.99306 1.54
2454800.9966 1.586
2454801.00015 1.588
2454801.00369 1.561
2454801.00723 1.57
2454801.01077 1.582
2454801.01432 1.583
2454801.01786 1.608
2454801.02141 1.594
2454801.02495 1.603
2454801.04257 1.539
2454801.04611 1.543
2454801.04965 1.557
2454801.05319 1.567
2454801.05673 1.565
2454801.06027 1.602
2454801.06382 1.617
2454801.06737 1.631
2454801.07091 1.635
2454801.07445 1.632
2454801.078 1.601
2454801.08154 1.663
2454801.08509 1.669
2454801.08864 1.688
2454801.09219 1.634
2454801.09573 1.638
2454801.09928 1.593
2454801.10282 1.607
2454801.10638 1.566
2454801.10993 1.57
2454801.11347 1.56
2454801.11701 1.585
2454801.12056 1.582
2454801.12411 1.633
2454801.12765 1.622
2454801.13119 1.588
2454801.13473 1.614
2454801.13828 1.631
2454801.14182 1.65
2454801.14536 1.619
2454801.1489 1.62
2454801.15244 1.615
2454801.15599 1.629
2454801.15953 1.65
2454801.16308 1.663
2454801.16663 1.577
2454801.17017 1.593
2454801.17371 1.549
2454801.17726 1.534
2454801.1808 1.557
2454801.19853 1.612
2454801.20208 1.655
