2457089.617332 +16.939
2457089.619607 +16.921
2457089.621901 +16.923
2457089.624182 +16.975
2457089.631049 +17.043
2457089.633339 +17.071
2457089.635628 +17.118
2457089.637917 +17.152
2457089.642831 +17.186
2457089.645123 +17.162
2457089.651978 +17.107
2457089.654265 +17.042
2457089.658836 +17.049
2457089.661120 +17.003
2457089.663409 +16.930
2457089.669492 +16.874
2457089.678644 +16.900
2457089.680935 +16.931
2457089.683215 +16.923
2457089.685507 +16.971
2457089.687788 +17.026
2457089.690078 +17.012
2457089.694988 +17.083
2457089.697285 +17.102
2457089.699569 +17.104
2457089.701856 +17.097
2457089.704138 +17.104
2457089.706428 +17.044
2457089.708707 +17.028
2457089.711001 +17.013
2457089.713282 +16.971
2457089.715570 +16.969
2457089.722007 +16.962
2457089.724297 +16.924
2457089.731150 +16.916
2457089.733437 +16.968
2457089.735718 +16.943
2457089.738009 +16.999
2457089.749756 +17.101
2457089.752044 +17.108
2457089.754331 +17.145
2457089.756614 +17.103
2457089.763476 +17.023
2457089.765761 +16.948
2457089.768047 +16.960
2457089.774202 +16.896
2457089.776488 +16.950
2457089.781058 +16.942
2457089.783348 +16.931
2457089.811120 +17.058
2457089.813400 +17.045
2457089.815693 +17.053
2457089.817971 +17.013
2457089.820263 +16.986
2457089.840020 +16.931
2457089.842295 +16.936
2457089.844579 +16.976
2457089.854365 +17.100
2457089.856657 +17.117
2457089.863520 +17.093
2457089.865808 +17.059
2457089.868095 +17.024
2457089.870381 +17.052
2457089.872667 +16.966
2457089.879062 +16.951
2457089.906800 +17.098
2457089.909089 +17.091
2457089.911369 +17.071
2457089.918229 +17.046
2457089.920517 +17.020
2457089.922800 +17.047
2457089.958977 +17.152
2457089.963545 +17.184
2457089.970395 +17.129
2457089.972679 +17.057
