2455280.62161 16.007
2455280.62544 16.065
2455280.62928 16.038
2455280.63311 15.963
2455280.63697 15.962
2455280.642 15.914
2455280.64579 15.861
2455280.65346 15.885
2455280.65724 15.858
2455280.66108 15.809
2455280.66492 15.838
2455280.66879 15.885
2455280.67261 15.906
2455280.67644 15.909
2455280.68136 16.012
2455280.6852 16.011
2455280.68902 15.968
2455280.69286 15.86
2455280.69668 15.806
2455280.70053 15.802
2455280.70437 15.796
2455280.7082 15.782
2455280.71205 15.797
2455280.71589 15.804
2455280.72082 15.854
2455280.72465 15.906
2455280.72851 15.952
2455280.73233 15.972
2455280.73619 15.971
2455280.74002 15.975
2455280.74384 15.945
2455280.7477 15.884
2455280.75154 15.895
2455280.75536 15.847
2455280.76032 15.811
2455280.76416 15.816
2455280.76799 15.825
2455280.77185 15.827
2455280.77569 15.857
2455280.77953 15.876
2455280.78336 15.943
2455280.78722 15.967
2455280.79105 15.976
2455280.79488 15.964
2455280.79978 15.931
2455280.8036 15.858
2455280.80746 15.846
2455280.81129 15.813
2455280.81512 15.797
2455280.81898 15.786
2455280.82281 15.799
2455280.82665 15.8
2455280.83049 15.841
2455280.83432 15.933
2455280.83919 16.015
2455280.84303 15.99
2455280.84686 15.992
2455280.85073 15.942
2455280.85455 15.879
2455280.85838 15.839
2455280.86222 15.851
2455280.86608 15.855
2455280.86991 15.814
2455280.87375 15.822
2455280.9187 15.819
2455280.92254 15.802
2455280.92642 15.812
2455280.93026 15.809
2455280.93413 15.846
2455280.93796 15.888
2455280.94183 15.94
2455280.94567 15.981
2455280.94951 16.01
