2457090.618653 +17.035
2457090.620932 +17.044
2457090.623213 +16.944
2457090.625494 +16.944
2457090.627781 +16.957
2457090.632347 +16.938
2457090.634637 +16.920
2457090.636928 +16.916
2457090.639206 +16.913
2457090.644105 +16.973
2457090.648670 +16.991
2457090.650959 +17.014
2457090.653246 +17.087
2457090.655534 +17.048
2457090.657814 +17.077
2457090.660104 +17.112
2457090.662394 +17.080
2457090.664687 +17.074
2457090.670731 +17.059
2457090.673020 +16.995
2457090.675300 +17.042
2457090.677593 +16.971
2457090.682157 +16.988
2457090.684442 +16.986
2457090.686728 +16.990
2457090.689020 +16.961
2457090.691314 +16.953
2457090.696221 +16.951
2457090.698505 +16.974
2457090.700786 +16.992
2457090.703076 +17.033
2457090.705359 +17.018
2457090.707647 +17.085
2457090.709933 +17.131
2457090.712219 +17.120
2457090.714502 +17.112
2457090.722830 +17.102
2457090.725118 +17.087
2457090.727400 +17.021
2457090.729692 +16.985
2457090.731969 +16.938
2457090.734264 +16.949
2457090.736543 +16.929
2457090.738835 +16.932
2457090.741115 +16.870
2457090.743405 +16.871
2457090.748354 +16.904
2457090.750631 +16.901
2457090.752923 +16.971
2457090.755201 +16.927
2457090.757497 +16.978
2457090.764344 +17.082
2457090.766641 +17.071
2457090.768919 +17.049
2457090.776015 +17.053
2457090.778312 +17.100
2457090.780591 +17.054
2457090.782886 +17.011
2457090.785165 +17.037
2457090.787455 +17.029
2457090.789739 +17.011
2457090.792027 +16.966
2457090.794309 +16.948
2457090.796600 +16.950
2457090.801711 +16.922
2457090.803993 +16.991
2457090.806284 +16.983
2457090.808571 +16.941
2457090.810867 +16.983
2457090.813157 +17.010
2457090.817725 +17.097
2457090.820014 +17.136
2457090.822309 +17.124
2457090.828402 +17.090
2457090.830685 +17.132
2457090.832978 +17.040
2457090.835266 +17.016
2457090.837556 +17.000
2457090.839849 +17.033
2457090.844433 +16.947
2457090.846713 +16.939
2457090.853922 +16.890
2457090.856213 +16.888
2457090.858496 +16.926
2457090.860788 +16.946
2457090.863081 +16.969
2457090.865374 +17.010
2457090.867661 +17.047
2457090.872243 +17.121
2457090.874528 +17.078
2457090.880947 +17.046
2457090.885523 +17.094
2457090.887813 +17.005
2457090.894687 +17.015
2457090.899256 +17.002
2457090.922454 +17.080
2457090.924735 +17.076
2457090.937993 +17.056
2457090.940277 +17.070
2457090.942564 +17.067
2457090.944851 +17.069
2457090.949435 +16.967
2457090.959241 +16.901
2457090.963815 +16.953
