2453724.43902 1.093
2453724.44544 1.106
2453724.48221 1.132
2453724.48507 1.145
2453724.48853 1.148
2453724.49145 1.151
2453724.49431 1.154
2453724.49723 1.163
2453724.50015 1.159
2453724.50301 1.131
2453724.50587 1.086
2453724.50874 1.058
2453724.5116 1.07
2453724.51447 1.064
2453724.51798 0.984
2453724.52083 0.956
2453724.52376 0.964
2453724.52662 0.967
2453724.52949 0.963
2453724.53235 0.969
2453724.5412 1.016
2453724.54442 1.027
2453724.54759 1.031
2453724.55071 1.032
2453724.56934 0.964
2453724.57339 0.965
2453724.57651 0.947
2453724.57962 0.958
2453724.58273 1.006
2453724.58583 1.009
2453724.58899 1.019
2453724.59209 1.082
2453724.5952 1.081
2453724.59831 1.104
2453724.60142 1.082
2453724.60531 1.066
2453724.60843 1.069
2453724.61154 1.056
2453724.61464 1.014
2453724.61776 1.016
2453724.62997 0.957
2453724.63308 0.935
2453724.64245 0.958
2453724.64562 0.978
2453724.64878 0.985
2453724.65194 0.971
2453724.65504 1.014
2453724.65815 1.047
2453724.66125 1.01
2453724.66436 0.976
2453724.66745 0.998
2453724.67057 0.968
2453724.67457 0.965
2453724.68809 0.929
2453724.70656 1.025
2453724.7171 1.068
2453724.72141 1.028
2453724.72653 1.005
2453724.73179 0.951
2453724.73576 0.94
2453724.73974 0.945
2453724.74373 0.93
2453724.74775 0.945
2453724.76792 1.013
2453724.77368 0.974
2453724.77765 0.958
2453724.78165 0.963
2453724.78574 0.947
2453724.78985 0.935
2453724.79398 0.945
2453724.79677 0.961
2453724.80203 1.003
2453724.80609 1.035
2453724.81013 1.041
2453724.81418 1.056
2453724.82222 1.065
2453724.8262 1.062
