2453718.47663 0.255
2453718.47964 0.181
2453718.48262 0.195
2453718.4856 0.269
2453718.4886 0.25
2453718.49866 0.168
2453718.50219 0.185
2453718.50572 0.164
2453718.50923 0.139
2453718.51273 0.124
2453718.51624 0.177
2453718.51983 0.141
2453718.52338 0.135
2453718.52693 0.152
2453718.53358 0.212
2453718.54409 0.205
2453718.54754 0.256
2453718.551 0.298
2453718.55444 0.265
2453718.55793 0.247
2453718.56144 0.215
2453718.56489 0.226
2453718.56836 0.183
2453718.57179 0.146
2453718.58311 0.134
2453718.58672 0.166
2453718.59014 0.159
2453718.59363 0.164
2453718.59718 0.185
2453718.60087 0.224
2453718.60431 0.235
2453718.60774 0.222
2453718.6116 0.199
2453718.61501 0.196
2453718.61844 0.201
2453718.62194 0.179
2453718.62549 0.204
2453718.62942 0.157
2453718.63285 0.138
2453718.63651 0.173
2453718.64017 0.235
2453718.64368 0.217
2453718.65452 0.271
2453718.65819 0.256
2453718.6619 0.248
2453718.66568 0.196
2453718.6694 0.212
2453718.67339 0.219
2453718.67755 0.194
2453718.68887 0.196
2453718.69229 0.143
2453718.69577 0.172
2453718.71896 0.166
2453718.72311 0.173
2453718.7271 0.181
2453718.73103 0.188
2453718.86494 0.361
2453718.87985 0.36
