2453723.71527 0.28
2453723.72073 0.309
2453723.72617 0.34
2453723.7317 0.354
2453723.73726 0.373
2453723.74278 0.357
2453723.74833 0.32
2453723.75373 0.318
2453723.7592 0.282
2453723.76471 0.255
2453723.77028 0.26
2453723.77908 0.282
2453723.78429 0.305
2453723.79484 0.346
2453723.80046 0.302
2453723.80287 0.292
2453723.80528 0.289
2453723.80769 0.293
2453723.81011 0.284
2453723.82935 0.319
2453723.83176 0.348
2453723.83416 0.36
2453723.84207 0.367
2453723.84447 0.391
2453723.84689 0.389
2453723.87892 0.296
2453723.88133 0.287
2453723.90539 0.306
2453723.9078 0.32
2453723.9102 0.319
2453723.91255 0.306
2453723.91783 0.27
2453723.92018 0.261
2453723.92253 0.268
2453723.92488 0.245
2453723.92722 0.258
2453723.93525 0.355
2453723.93765 0.368
2453723.94006 0.355
2453723.94715 0.382
