2456392.01126 16.372
2456392.01523 16.345
2456392.01921 16.369
2456392.02318 16.356
2456392.02715 16.354
2456392.03112 16.374
2456392.03923 16.37
2456392.04689 16.33
2456392.05074 16.35
2456392.05457 16.312
2456392.05841 16.299
2456392.06225 16.282
2456392.06613 16.259
2456392.06996 16.358
2456392.0738 16.354
2456392.07768 16.327
2456392.08151 16.38
2456392.08535 16.383
2456392.08918 16.429
2456392.09302 16.391
2456392.09685 16.369
2456392.10068 16.503
2456392.10451 16.432
2456392.13718 16.424
2456392.14125 16.434
2456392.14532 16.461
2456392.14938 16.401
2456392.15345 16.382
2456392.15751 16.304
2456392.16157 16.367
2456392.16565 16.344
2456392.16972 16.321
2456392.17379 16.347
2456392.17786 16.361
2456392.18234 16.416
2456392.1862 16.412
2456392.19005 16.443
2456392.19391 16.488
2456392.19778 16.559
2456392.20168 16.445
2456392.20554 16.451
2456392.20944 16.425
2456392.2133 16.442
2456392.21716 16.355
2456392.22101 16.37
2456392.22487 16.34
2456392.22872 16.395
2456392.23257 16.391
2456392.23643 16.466
