2453728.56195 0.02
2453728.56438 0.014
2453728.56684 0.022
2453728.56927 0.013
2453728.5717 0.003
2453728.57413 0.004
2453728.57657 -0.003
2453728.579 0.002
2453728.58144 0.027
2453728.5839 0.053
2453728.58631 0.073
2453728.58876 0.072
2453728.61228 0.058
2453728.61471 0.052
2453728.61713 0.054
2453728.61954 0.037
2453728.62195 0.047
2453728.62438 0.021
2453728.62923 -0.003
2453728.63546 -0.005
2453728.63789 -0.008
2453728.64031 0.004
2453728.64274 0.025
2453728.64517 0.033
2453728.64759 0.045
2453728.65006 0.041
2453728.65251 0.054
2453728.65494 0.08
2453728.65738 0.079
2453728.65983 0.083
2453728.66228 0.056
2453728.66714 0.037
2453728.66957 0.026
2453728.67604 0.034
2453728.67848 0.019
2453728.6809 0.006
2453728.68333 0.016
2453728.68577 -0.003
2453728.6882 0.015
2453728.69065 0.036
2453728.69306 0.058
2453728.6955 0.083
2453728.69795 0.076
2453728.70039 0.106
2453728.70282 0.114
2453728.70525 0.126
2453728.70767 0.14
2453728.71009 0.135
2453728.73089 0.033
2453728.73331 0.019
2453728.73573 0.018
2453728.73816 0.019
2453728.74059 0.021
2453728.74545 0.032
2453728.74789 0.063
2453728.75032 0.075
2453728.75899 0.1
2453728.7614 0.113
2453728.76384 0.116
2453728.76626 0.129
2453728.77598 0.138
2453728.77842 0.126
2453728.78085 0.133
2453728.78329 0.102
2453728.7857 0.101
2453728.79055 0.082
2453728.82857 0.172
2453728.831 0.157
2453728.83724 0.093
2453728.83967 0.051
2453728.8421 0.015
2453728.84459 0.015
2453728.84956 0.022
2453728.85206 0.004
2453728.85455 0.015
2453728.85706 0.04
2453728.85955 0.079
2453728.86203 0.051
2453728.86454 0.066
2453728.86704 0.08
2453728.86951 0.09
2453728.87201 0.094
2453728.87858 0.09
2453728.881 0.042
2453728.88341 0.033
2453728.88584 0.039
2453728.88826 0.042
2453728.89068 0.035
2453728.89309 0.027
2453728.89552 0.015
2453728.89797 -0.003
2453728.90039 -0.001
2453728.90282 0.012
2453728.90526 0.015
2453728.91014 0.09
2453728.91256 0.065
2453728.91881 0.114
2453728.92124 0.097
2453728.92366 0.121
2453728.92606 0.136
2453728.92849 0.123
