2453731.61501 0.321
2453731.61887 0.334
2453731.62278 0.337
2453731.62667 0.334
2453731.63056 0.342
2453731.63495 0.326
2453731.6389 0.282
2453731.64282 0.281
2453731.64675 0.283
2453731.65065 0.271
2453731.6599 0.224
2453731.66385 0.221
2453731.66782 0.247
2453731.67181 0.269
2453731.67751 0.296
2453731.68221 0.333
2453731.68657 0.307
2453731.69103 0.279
2453731.69566 0.277
2453731.70192 0.253
2453731.78201 0.347
2453731.78597 0.367
2453731.78992 0.391
2453731.79519 0.363
2453731.79909 0.347
2453731.80306 0.322
2453731.80699 0.338
2453731.81161 0.343
2453731.8173 0.329
2453731.82126 0.358
2453731.82519 0.401
2453731.82911 0.462
2453731.83323 0.479
2453731.84095 0.482
2453731.84581 0.48
2453731.84977 0.448
2453731.8537 0.41
2453731.85763 0.342
2453731.86273 0.308
2453731.86704 0.274
2453731.87094 0.232
2453731.87485 0.233
2453731.87879 0.23
2453731.88472 0.263
2453731.88868 0.276
2453731.89264 0.286
2453731.89661 0.3
2453731.90053 0.339
2453731.93197 0.274
2453731.93588 0.309
2453731.93983 0.361
2453731.94375 0.36
2453731.9477 0.362
