2453730.58404 -0.952
2453730.59222 -0.927
2453730.60085 -0.872
2453730.60603 -0.877
2453730.61001 -0.898
2453730.61394 -0.916
2453730.61788 -0.927
2453730.62184 -0.916
2453730.62719 -0.949
2453730.6311 -0.948
2453730.63504 -0.893
2453730.63903 -0.889
2453730.64295 -0.876
2453730.64876 -0.828
2453730.6527 -0.831
2453730.65671 -0.816
2453730.66065 -0.818
2453730.66458 -0.789
2453730.6699 -0.864
2453730.67385 -0.888
2453730.69501 -0.938
2453730.69892 -0.913
2453730.70284 -0.926
2453730.70677 -0.896
2453730.71205 -0.879
2453730.71598 -0.907
2453730.71991 -0.913
2453730.72384 -0.926
2453730.7278 -0.918
2453730.75506 -0.848
2453730.75904 -0.842
2453730.76454 -0.823
2453730.78358 -0.84
2453730.79248 -0.914
2453730.82598 -0.879
2453730.82993 -0.92
2453730.83596 -0.889
2453730.84076 -0.951
2453730.84464 -0.941
2453730.84865 -0.957
2453730.85256 -0.93
2453730.85782 -0.865
2453730.8617 -0.825
2453730.86563 -0.842
2453730.86957 -0.743
2453730.87355 -0.778
2453730.87879 -0.796
2453730.88273 -0.855
2453730.88663 -0.866
2453730.89061 -0.89
2453730.89454 -0.934
