2453725.5053 0.602
2453725.50822 0.633
2453725.51124 0.662
2453725.51587 0.654
2453725.51819 0.657
2453725.52239 0.683
2453725.52569 0.665
2453725.52898 0.637
2453725.53222 0.633
2453725.53545 0.629
2453725.54193 0.637
2453725.54523 0.625
2453725.54898 0.601
2453725.55219 0.606
2453725.5554 0.63
2453725.55763 0.66
2453725.56182 0.675
2453725.56503 0.696
2453725.56826 0.721
2453725.57152 0.707
2453725.57474 0.719
2453725.57796 0.726
2453725.58174 0.723
2453725.58492 0.706
2453725.58809 0.669
2453725.62089 0.634
2453725.62412 0.652
2453725.62733 0.669
2453725.63054 0.695
2453725.63375 0.679
2453725.63696 0.655
2453725.64044 0.643
2453725.64392 0.64
2453725.64797 0.627
2453725.65146 0.62
2453725.66893 0.688
2453725.67242 0.718
2453725.71497 0.603
2453725.71852 0.65
2453725.722 0.637
2453725.72634 0.683
2453725.72983 0.697
2453725.73333 0.722
2453725.73558 0.761
2453725.74027 0.798
2453725.74376 0.76
2453725.74724 0.747
2453725.76591 0.79
2453725.76943 0.788
2453725.77302 0.834
2453725.77657 0.863
2453725.78017 0.875
2453725.78376 0.932
2453725.78729 0.924
2453725.7899 0.908
2453725.79444 0.868
2453725.79891 0.794
2453725.80254 0.759
2453725.80611 0.729
2453725.80969 0.694
2453725.81329 0.656
2453725.81682 0.634
2453725.82035 0.622
2453725.82386 0.618
2453725.82737 0.632
2453725.83095 0.655
2453725.83406 0.663
2453725.8389 0.659
2453725.8424 0.679
2453725.84591 0.729
2453725.84943 0.711
2453725.853 0.703
2453725.85651 0.718
2453725.86001 0.701
2453725.86354 0.72
