2453717.57897 0.516
2453717.58057 0.506
2453717.58215 0.506
2453717.58381 0.494
2453717.58545 0.447
2453717.58704 0.435
2453717.58862 0.433
2453717.5973 0.34
2453717.59889 0.344
2453717.60075 0.339
2453717.6026 0.3
2453717.60451 0.316
2453717.60637 0.33
2453717.60822 0.313
2453717.61014 0.316
2453717.61203 0.34
2453717.61457 0.362
2453717.63576 0.414
2453717.63773 0.375
2453717.63965 0.348
2453717.64151 0.37
2453717.64343 0.349
2453717.64528 0.348
2453717.64714 0.351
2453717.64899 0.368
2453717.65085 0.363
2453717.65341 0.358
2453717.65527 0.338
2453717.65712 0.317
2453717.67821 0.44
2453717.68006 0.454
2453717.68191 0.451
2453717.68376 0.456
2453717.68563 0.437
2453717.68749 0.422
2453717.68934 0.391
2453717.69264 0.441
2453717.69456 0.395
2453717.69641 0.418
2453717.69828 0.402
2453717.70446 0.378
2453717.70632 0.334
2453717.71005 0.318
2453717.71266 0.289
2453717.71645 0.297
2453717.71831 0.286
2453717.72023 0.291
2453717.72208 0.29
2453717.72394 0.329
2453717.72585 0.395
2453717.72961 0.373
2453717.73218 0.379
2453717.7359 0.375
2453717.73776 0.392
2453717.73962 0.342
2453717.74148 0.353
2453717.74333 0.342
2453717.74519 0.346
2453717.74704 0.311
2453717.74889 0.354
2453717.75147 0.322
2453717.75519 0.343
2453717.75704 0.327
2453717.7589 0.342
2453717.76076 0.288
2453717.76267 0.292
2453717.76453 0.291
2453717.76639 0.292
2453717.76825 0.289
2453717.77094 0.34
2453717.77279 0.382
2453717.77466 0.36
2453717.77655 0.39
2453717.77845 0.421
2453717.78034 0.397
2453717.78229 0.427
2453717.78419 0.401
2453717.78616 0.42
2453717.78804 0.444
2453717.79069 0.426
2453717.79271 0.452
2453717.79461 0.373
2453717.79649 0.435
2453717.79852 0.395
2453717.80237 0.366
2453717.80433 0.387
2453717.80629 0.372
2453717.80818 0.345
2453717.81101 0.377
2453717.81292 0.352
2453717.81487 0.304
2453717.81879 0.279
2453717.82067 0.282
2453717.82641 0.291
2453717.83112 0.33
2453717.83302 0.351
2453717.83497 0.313
2453717.83685 0.343
2453717.84064 0.379
2453717.84259 0.387
2453717.84645 0.381
2453717.84839 0.368
2453717.85102 0.399
2453717.85291 0.333
2453717.85668 0.407
2453717.85857 0.307
2453717.86045 0.278
2453717.86234 0.362
2453717.86421 0.354
2453717.86616 0.37
2453717.8681 0.357
2453717.8694 0.342
2453717.87316 0.309
