2453726.53411 -0.404
2453726.53656 -0.367
2453726.53899 -0.377
2453726.54136 -0.367
2453726.54378 -0.361
2453726.54614 -0.356
2453726.54852 -0.354
2453726.55089 -0.356
2453726.55563 -0.373
2453726.55799 -0.39
2453726.56046 -0.412
2453726.56291 -0.417
2453726.56536 -0.437
2453726.56781 -0.435
2453726.57026 -0.46
2453726.57271 -0.472
2453726.57516 -0.474
2453726.5776 -0.486
2453726.58007 -0.474
2453726.58611 -0.463
2453726.58856 -0.443
2453726.59099 -0.419
2453726.6201 -0.302
2453726.62258 -0.293
2453726.62503 -0.294
2453726.65547 -0.22
2453726.65791 -0.224
2453726.66037 -0.235
2453726.66282 -0.277
2453726.66529 -0.324
2453726.66771 -0.36
2453726.67015 -0.395
2453726.6726 -0.393
2453726.67504 -0.409
2453726.69556 -0.455
2453726.698 -0.445
2453726.70045 -0.436
2453726.70288 -0.43
2453726.70532 -0.422
2453726.70774 -0.396
2453726.71019 -0.394
2453726.71256 -0.398
2453726.71493 -0.389
2453726.7173 -0.412
2453726.71967 -0.424
2453726.72204 -0.434
2453726.72441 -0.445
2453726.74707 -0.434
2453726.74953 -0.407
2453726.75197 -0.399
2453726.75442 -0.398
2453726.75688 -0.369
2453726.75934 -0.401
2453726.76178 -0.375
2453726.76421 -0.372
2453726.76665 -0.352
2453726.79696 -0.488
2453726.79938 -0.492
2453726.80182 -0.476
2453726.80427 -0.449
2453726.8067 -0.46
2453726.80914 -0.445
2453726.81157 -0.436
2453726.81404 -0.423
2453726.81647 -0.404
2453726.81892 -0.423
2453726.82137 -0.432
2453726.82384 -0.428
2453726.82629 -0.426
2453726.82872 -0.443
2453726.83116 -0.458
2453726.83359 -0.446
2453726.83603 -0.448
2453726.83845 -0.457
2453726.84089 -0.485
2453726.84331 -0.486
2453726.85166 -0.466
2453726.85408 -0.45
2453726.8565 -0.422
2453726.85895 -0.403
2453726.86137 -0.406
2453726.86385 -0.378
2453726.8663 -0.371
2453726.86875 -0.349
2453726.87118 -0.352
2453726.8736 -0.366
2453726.87604 -0.357
2453726.87848 -0.376
2453726.88092 -0.381
2453726.89072 -0.414
2453726.90177 -0.45
