2453716.54993 1.223
2453716.55381 1.221
2453716.55768 1.215
2453716.56156 1.206
2453716.57594 1.156
2453716.57793 1.144
2453716.57988 1.149
2453716.58183 1.167
2453716.58378 1.164
2453716.58574 1.202
2453716.58769 1.226
2453716.58966 1.223
2453716.59162 1.233
2453716.59357 1.257
2453716.59553 1.265
2453716.59748 1.274
2453716.59944 1.278
2453716.60139 1.289
2453716.60334 1.289
2453716.6053 1.294
2453716.6092 1.275
2453716.61115 1.275
2453716.61605 1.262
2453716.618 1.251
2453716.61995 1.245
2453716.62191 1.24
2453716.62386 1.234
2453716.62582 1.211
2453716.62779 1.187
2453716.62976 1.19
2453716.63172 1.162
2453716.63361 1.178
2453716.6355 1.161
2453716.6374 1.149
2453716.6393 1.168
2453716.64125 1.175
2453716.6432 1.199
2453716.64891 1.226
2453716.65086 1.223
2453716.65281 1.266
2453716.65476 1.275
2453716.65671 1.296
2453716.65866 1.31
2453716.66061 1.319
2453716.66256 1.304
2453716.66451 1.297
2453716.66647 1.277
2453716.66842 1.283
2453716.67037 1.259
2453716.69324 1.283
2453716.69519 1.314
2453716.69714 1.313
2453716.69909 1.325
2453716.70105 1.336
2453716.70302 1.352
2453716.70693 1.361
2453716.70888 1.375
2453716.71389 1.367
2453716.71584 1.341
2453716.71779 1.343
2453716.71974 1.292
2453716.72365 1.286
2453716.7256 1.242
2453716.72755 1.258
2453716.7295 1.22
2453716.73145 1.206
2453716.73339 1.162
2453716.73534 1.157
2453716.73729 1.141
2453716.73924 1.163
2453716.74119 1.151
2453716.74589 1.179
2453716.74785 1.169
2453716.75371 1.175
2453716.75565 1.212
2453716.7576 1.215
2453716.75955 1.193
2453716.7615 1.22
2453716.7654 1.235
2453716.76735 1.225
2453716.7693 1.197
2453716.77124 1.195
2453716.77319 1.189
2453716.78113 1.178
2453716.78698 1.172
2453716.78893 1.168
2453716.79087 1.155
2453716.79282 1.151
2453716.79477 1.179
2453716.79866 1.188
2453716.80061 1.209
2453716.80256 1.209
2453716.80451 1.21
2453716.80646 1.217
2453716.81115 1.21
2453716.8131 1.229
2453716.81505 1.223
2453716.81701 1.234
2453716.82091 1.242
2453716.82286 1.238
2453716.82481 1.245
2453716.82871 1.21
2453716.83066 1.207
2453716.83261 1.191
2453716.83456 1.161
2453716.8365 1.166
2453716.83846 1.175
2453716.84308 1.132
2453716.84504 1.132
2453716.84699 1.136
2453716.84894 1.137
2453716.85482 1.137
2453716.85677 1.152
2453716.85873 1.156
2453716.86068 1.158
2453716.86458 1.161
2453716.86653 1.173
2453716.86848 1.178
2453716.87044 1.177
2453716.87701 1.203
2453716.8809 1.196
2453716.88873 1.206
2453716.89068 1.194
2453716.89263 1.19
2453716.89458 1.159
2453716.89653 1.14
2453716.89848 1.146
2453716.92253 1.258
2453716.92449 1.275
2453716.93234 1.31
2453716.93428 1.296
2453716.93906 1.294
2453716.941 1.237
2453716.94295 1.204
2453716.9449 1.218
2453716.94685 1.208
2453716.9488 1.21
2453716.95076 1.22
2453716.95271 1.169
2453716.95466 1.157
2453716.95662 1.197
2453716.95857 1.193
2453716.96051 1.215
2453716.96246 1.239
2453716.96441 1.198
2453716.96636 1.236
