2453729.5529 -0.192
2453729.55536 -0.172
2453729.5578 -0.14
2453729.56024 -0.116
2453729.56269 -0.095
2453729.56515 -0.093
2453729.56758 -0.072
2453729.57003 -0.046
2453729.5725 -0.027
2453729.57495 -0.021
2453729.57738 -0.057
2453729.58532 -0.087
2453729.58776 -0.108
2453729.5902 -0.117
2453729.59265 -0.11
2453729.5951 -0.135
2453729.59753 -0.152
2453729.59999 -0.165
2453729.60243 -0.165
2453729.60486 -0.178
2453729.60731 -0.169
2453729.62679 -0.034
2453729.62922 -0.031
2453729.63164 -0.039
2453729.63403 -0.053
2453729.63646 -0.06
2453729.6389 -0.077
2453729.64134 -0.083
2453729.66805 -0.037
2453729.67044 -0.02
2453729.67281 -0.006
2453729.67769 0.023
2453729.68013 0.026
2453729.68258 0.038
2453729.68504 0.042
2453729.68751 0.021
2453729.68994 0.012
2453729.69238 -0.022
2453729.69482 -0.055
2453729.69725 -0.079
2453729.6997 -0.09
2453729.71893 -0.181
2453729.7213 -0.155
2453729.72367 -0.157
2453729.72604 -0.141
2453729.72841 -0.15
2453729.73077 -0.132
2453729.73322 -0.125
2453729.73566 -0.097
2453729.73809 -0.091
2453729.74053 -0.108
2453729.77007 -0.163
2453729.77251 -0.139
2453729.77496 -0.114
2453729.77739 -0.1
2453729.7798 -0.091
2453729.78225 -0.082
2453729.78469 -0.068
2453729.79236 -0.054
2453729.79481 -0.052
2453729.79725 -0.064
2453729.7997 -0.085
2453729.80213 -0.112
2453729.80456 -0.117
2453729.80699 -0.104
2453729.83435 -0.161
2453729.84165 -0.135
2453729.84408 -0.116
2453729.8465 -0.11
2453729.84894 -0.125
2453729.85138 -0.121
2453729.85382 -0.156
2453729.85626 -0.173
2453729.85868 -0.163
2453729.8611 -0.169
2453729.86353 -0.164
2453729.86596 -0.167
2453729.86839 -0.188
2453729.87609 -0.179
2453729.87852 -0.163
2453729.88094 -0.157
2453729.88335 -0.11
2453729.88582 -0.096
2453729.89068 -0.084
2453729.92008 -0.13
2453729.92252 -0.141
2453729.92497 -0.193
2453729.92741 -0.164
2453729.92985 -0.186
