2456218.68122 14.738
2456218.68382 14.686
2456218.68641 14.629
2456218.68902 14.584
2456218.69161 14.519
2456218.6942 14.476
2456218.69681 14.429
2456218.69941 14.397
2456218.70201 14.371
2456218.70462 14.333
2456218.70721 14.317
2456218.7098 14.31
2456218.71241 14.302
2456218.715 14.305
2456218.71759 14.306
2456218.7202 14.322
2456218.72279 14.334
2456218.72539 14.363
2456218.728 14.396
2456218.73059 14.443
2456218.73318 14.504
2456218.73579 14.572
2456218.73838 14.633
2456218.74097 14.69
2456218.74358 14.731
2456218.74617 14.769
2456218.74877 14.762
2456218.75137 14.713
2456218.75396 14.651
2456218.75655 14.592
2456218.75916 14.525
2456218.76175 14.469
2456218.76434 14.424
2456218.76693 14.377
2456218.76954 14.34
2456218.77213 14.314
2456218.77472 14.292
2456218.77733 14.284
2456218.77992 14.275
2456218.78252 14.268
2456218.78513 14.275
2456218.78772 14.288
2456218.79068 14.309
2456218.79329 14.325
2456218.79588 14.354
2456218.79848 14.394
2456218.80038 14.452
2456218.80296 14.521
2456218.80557 14.594
2456218.81043 14.739
2456218.81302 14.764
2456218.81563 14.737
2456218.81823 14.692
2456218.82082 14.648
2456218.82341 14.595
2456218.82601 14.535
2456218.82861 14.486
2456218.83122 14.439
2456218.83381 14.398
2456218.8364 14.361
2456218.84041 14.31
2456218.84301 14.293
2456218.84561 14.279
2456218.84822 14.287
2456218.85082 14.273
2456218.85343 14.279
2456218.85603 14.295
2456218.85862 14.315
2456218.86124 14.341
2456218.86383 14.385
2456218.86644 14.433
2456218.86904 14.509
2456218.87163 14.559
2456218.87424 14.634
2456218.87683 14.698
2456218.87943 14.745
2456218.88204 14.769
2456218.88463 14.751
2456218.88723 14.698
2456218.88984 14.625
2456218.89243 14.561
2456218.89504 14.508
2456218.89763 14.454
2456218.90022 14.405
2456218.90282 14.359
2456218.90543 14.33
2456218.90802 14.3
2456218.91061 14.287
2456218.91322 14.272
2456218.91581 14.268
2456218.91841 14.274
2456218.92102 14.276
2456218.92361 14.286
2456218.92622 14.303
2456218.92881 14.335
2456218.93141 14.368
2456218.93403 14.402
2456218.93968 14.54
2456218.94227 14.637
2456218.94487 14.699
2456218.94748 14.744
2456218.95007 14.749
2456218.95266 14.698
2456218.95527 14.676
2456218.95787 14.623
2456218.96048 14.556
2456218.96307 14.501
2456218.96566 14.446
2456218.96828 14.41
2456218.97087 14.371
2456218.97347 14.33
2456218.97608 14.318
2456218.97867 14.292
2456218.98127 14.295
