2456226.66069 14.82
2456226.66335 14.783
2456226.66597 14.704
2456226.66858 14.654
2456226.67118 14.605
2456226.67377 14.547
2456226.67637 14.502
2456226.67895 14.469
2456226.68155 14.45
2456226.68416 14.419
2456226.68675 14.394
2456226.68934 14.407
2456226.69194 14.397
2456226.69454 14.399
2456226.69714 14.433
2456226.69973 14.432
2456226.70234 14.462
2456226.70493 14.504
2456226.70752 14.548
2456226.71013 14.612
2456226.71272 14.668
2456226.71532 14.738
2456226.71792 14.806
2456226.72052 14.864
2456226.72311 14.9
2456226.72572 14.915
2456226.72831 14.908
2456226.73091 14.825
2456226.73351 14.745
2456226.73611 14.675
2456226.73872 14.625
2456226.74131 14.555
2456226.74391 14.53
2456226.74651 14.479
2456226.7491 14.469
2456226.7517 14.428
2456226.75429 14.418
2456226.7569 14.421
2456226.75949 14.419
2456226.7621 14.434
2456226.76469 14.44
2456226.76728 14.451
2456226.76988 14.478
2456226.77248 14.489
2456226.77508 14.543
2456226.77767 14.593
2456226.78027 14.659
2456226.78287 14.738
2456226.78777 14.884
2456226.79036 14.925
2456226.79295 14.893
2456226.79556 14.863
2456226.79814 14.811
2456226.80074 14.762
2456226.80256 14.685
2456226.80516 14.653
2456226.80776 14.592
2456226.81035 14.561
2456226.81433 14.486
2456226.81693 14.457
2456226.81953 14.445
2456226.82213 14.423
2456226.82475 14.414
2456226.82735 14.415
2456226.82995 14.414
2456226.83255 14.441
2456226.83515 14.445
2456226.83776 14.488
2456226.84036 14.521
2456226.84295 14.585
2456226.84554 14.636
2456226.84815 14.713
2456226.85075 14.787
2456226.85336 14.846
2456226.85595 14.918
2456226.85855 14.946
2456226.86116 14.961
2456226.86376 14.898
2456226.86635 14.847
2456226.86896 14.773
2456226.87155 14.683
2456226.87416 14.617
2456226.87676 14.569
2456226.87935 14.526
2456226.88196 14.488
2456226.88455 14.456
2456226.88714 14.443
2456226.88975 14.424
2456226.89235 14.409
2456226.89494 14.42
2456226.89755 14.402
2456226.90014 14.424
2456226.90273 14.44
2456226.90534 14.461
2456226.90793 14.503
2456226.91053 14.533
2456226.91583 14.674
2456226.91844 14.745
2456226.92104 14.809
2456226.92363 14.905
2456226.92624 14.904
2456226.92884 14.883
2456226.93144 14.819
2456226.93403 14.791
2456226.93663 14.735
2456226.93923 14.659
2456226.94182 14.616
2456226.94442 14.57
2456226.94704 14.523
2456226.94963 14.474
