2456219.68338 14.595
2456219.68601 14.674
2456219.68865 14.731
2456219.69123 14.764
2456219.69383 14.798
2456219.69642 14.769
2456219.69903 14.704
2456219.70163 14.636
2456219.70423 14.592
2456219.70682 14.53
2456219.70941 14.49
2456219.71201 14.442
2456219.71462 14.392
2456219.71721 14.375
2456219.71982 14.343
2456219.72241 14.328
2456219.725 14.333
2456219.7276 14.316
2456219.7302 14.319
2456219.73281 14.326
2456219.73541 14.342
2456219.738 14.36
2456219.74059 14.386
2456219.74318 14.418
2456219.74579 14.461
2456219.74838 14.522
2456219.75098 14.589
2456219.75358 14.658
2456219.75617 14.738
2456219.75877 14.79
2456219.76137 14.78
2456219.76396 14.738
2456219.76656 14.7
2456219.76916 14.648
2456219.77176 14.586
2456219.77435 14.531
2456219.77694 14.482
2456219.77955 14.44
2456219.78214 14.396
2456219.78475 14.364
2456219.78734 14.337
2456219.7909 14.31
2456219.79351 14.314
2456219.7961 14.302
2456219.7987 14.311
2456219.8013 14.32
2456219.80389 14.335
2456219.80874 14.382
2456219.81134 14.418
2456219.81396 14.479
2456219.81655 14.545
2456219.81916 14.607
2456219.82175 14.677
2456219.82434 14.739
2456219.82693 14.784
2456219.82954 14.795
2456219.83214 14.773
2456219.83473 14.689
2456219.83858 14.593
2456219.84137 14.514
2456219.84417 14.467
2456219.84694 14.403
2456219.84973 14.359
2456219.85259 14.33
2456219.85532 14.304
2456219.8581 14.305
2456219.86083 14.276
2456219.86358 14.288
2456219.87451 14.345
2456219.88005 14.43
2456219.88335 14.465
2456219.88594 14.556
2456219.88854 14.623
2456219.89113 14.709
2456219.89374 14.765
2456219.89633 14.756
2456219.89894 14.723
2456219.90153 14.675
2456219.90411 14.621
2456219.90669 14.577
2456219.90927 14.515
2456219.91185 14.472
2456219.91442 14.432
2456219.91701 14.386
2456219.9196 14.356
2456219.92218 14.327
2456219.92476 14.314
2456219.92734 14.299
2456219.92992 14.292
2456219.93249 14.292
2456219.93762 14.322
2456219.94044 14.334
2456219.94315 14.356
2456219.94587 14.406
2456219.95151 14.532
2456219.95977 14.74
2456219.9652 14.797
2456219.97326 14.619
