2455244.59165 16.093
2455244.59536 16.101
2455244.59908 16.161
2455244.6028 16.22
2455244.60651 16.292
2455244.61024 16.378
2455244.61505 16.394
2455244.61875 16.389
2455244.62247 16.401
2455244.6262 16.401
2455244.62991 16.323
2455244.63364 16.319
2455244.63737 16.254
2455244.64108 16.232
2455244.64481 16.211
2455244.64853 16.159
2455244.65704 16.109
2455244.66075 16.092
2455244.66447 16.093
2455244.66819 16.079
2455244.67191 16.152
2455244.67562 16.219
2455244.67934 16.189
2455244.68305 16.268
2455244.68678 16.339
2455244.69156 16.372
2455244.69527 16.436
2455244.69899 16.462
2455244.70271 16.432
2455244.70642 16.403
2455244.71014 16.327
2455244.71386 16.262
2455244.71757 16.199
2455244.72502 16.138
2455244.7298 16.105
2455244.73353 16.109
2455244.73723 16.083
2455244.74095 16.097
2455244.74468 16.111
2455244.74838 16.163
2455244.7521 16.191
2455244.75582 16.27
2455244.75954 16.328
2455244.76327 16.349
2455244.76802 16.411
2455244.77172 16.434
2455244.77544 16.406
2455244.77915 16.39
2455244.78286 16.367
2455244.7866 16.312
2455244.79032 16.23
2455244.79403 16.243
2455244.79775 16.201
2455244.80146 16.136
2455244.80622 16.127
2455244.80992 16.112
2455244.81362 16.057
2455244.81735 16.078
2455244.83964 16.312
2455244.84437 16.422
2455244.84809 16.405
2455244.8518 16.409
2455244.85552 16.395
2455244.85924 16.395
2455244.86295 16.327
2455244.86667 16.29
2455244.87039 16.215
2455244.87411 16.14
2455244.87784 16.117
2455244.88257 16.11
2455244.8863 16.082
2455244.90491 16.222
2455244.90864 16.247
2455244.91236 16.277
