2456700.838328 +17.229
2456700.844238 +17.258
2456700.847195 +17.203
2456700.861976 +17.211
2456700.864930 +17.231
2456700.871290 +17.204
2456700.877207 +17.221
2456700.883124 +17.226
2456700.905230 +17.343
2456700.911141 +17.295
2456700.914098 +17.258
2456700.920010 +17.281
2456700.925921 +17.263
2456700.931830 +17.253
2456700.950021 +17.380
2456700.952976 +17.359
2456700.955935 +17.315
2456700.958890 +17.266
2456700.961843 +17.283
2456700.974362 +17.260
2456700.980278 +17.270
2456701.005030 +17.323
2456701.007989 +17.320
2456701.016862 +17.318
2456701.019817 +17.276
2456701.022780 +17.264
2456701.025735 +17.257
2456701.028689 +17.339
2456701.031655 +17.259
2456701.038100 +17.248
2456701.041047 +17.286
2456701.043996 +17.310
2456701.046944 +17.327
2456701.049896 +17.354
2456701.052849 +17.373
2456701.055803 +17.357
2456701.058753 +17.364
2456701.061707 +17.421
2456701.064662 +17.387
