2455124.90678 1.395
2455124.90888 1.396
2455124.91104 1.377
2455124.93116 1.354
2455124.93328 1.365
2455124.93539 1.359
2455124.95546 1.503
2455124.95756 1.48
2455124.95969 1.479
2455124.9798 1.37
2455124.98192 1.341
2455124.98405 1.364
2455125.00401 1.375
2455125.00611 1.442
2455125.00823 1.462
2455125.02806 1.42
2455125.03016 1.383
2455125.03226 1.388
2455125.05263 1.347
2455125.05478 1.338
2455125.05688 1.347
2455125.07664 1.481
2455125.0788 1.48
2455125.08089 1.466
2455125.10064 1.369
2455125.10278 1.354
2455125.10487 1.326
2455125.11443 1.332
2455125.11661 1.329
2455125.11873 1.327
2455125.12809 1.376
2455125.13029 1.416
2455125.13243 1.434
2455125.14232 1.509
2455125.14441 1.481
2455125.14652 1.463
2455125.17043 1.411
2455125.17251 1.362
2455125.1747 1.336
