2455123.91194 0.908
2455123.91451 0.866
2455123.91708 0.875
2455123.93039 0.843
2455123.93311 0.824
2455123.93585 0.83
2455123.94985 0.878
2455123.95257 0.895
2455123.95529 0.952
2455123.96907 0.923
2455123.97181 0.881
2455123.97453 0.875
2455123.98824 0.749
2455123.99096 0.755
2455123.99374 0.772
2455124.0077 0.842
2455124.01043 0.868
2455124.01316 0.908
2455124.02728 0.98
2455124.03001 0.946
2455124.0328 0.927
2455124.04649 0.854
2455124.04923 0.845
2455124.05196 0.841
2455124.07139 0.869
2455124.07413 0.89
2455124.07686 0.883
2455124.09112 0.934
2455124.09385 0.92
2455124.09657 0.857
2455124.11023 0.811
2455124.11295 0.812
2455124.11568 0.831
2455124.11903 0.818
2455124.12176 0.836
2455124.12447 0.798
2455124.12765 0.849
2455124.13038 0.831
2455124.13311 0.873
2455124.13625 0.884
2455124.13897 0.918
2455124.14171 0.946
2455124.14485 0.96
2455124.14758 0.988
2455124.15031 0.993
2455124.15346 0.957
2455124.15622 0.951
2455124.15901 0.875
2455124.16225 0.869
2455124.16502 0.875
2455124.16776 0.838
2455124.17096 0.885
2455124.17369 0.835
2455124.17642 0.838
2455124.17978 0.871
2455124.18256 0.885
