2453786.56919 -0.053
2453786.57115 -0.063
2453786.57312 -0.065
2453786.57508 -0.058
2453786.57705 -0.034
2453786.57906 -0.011
2453786.58109 0.026
2453786.5831 0.039
2453786.58515 0.11
2453786.58716 0.161
2453786.58919 0.215
2453786.5912 0.221
2453786.59322 0.242
2453786.59522 0.242
2453786.59721 0.219
2453786.61011 0.12
2453786.61213 0.055
2453786.61413 0.033
2453786.61613 -0.035
2453786.61814 -0.013
2453786.62015 -0.054
2453786.62216 -0.062
2453786.66878 0.08
2453786.67074 0.06
2453786.73104 -0.064
2453786.73298 -0.092
2453786.73489 -0.111
2453786.7368 -0.115
2453786.73871 -0.11
2453786.74062 -0.106
2453786.7445 -0.05
2453786.74642 -0.035
2453786.74832 -0.004
2453786.75024 0.041
2453786.75217 0.091
2453786.75408 0.129
2453786.756 0.155
2453786.76187 0.233
2453786.76378 0.248
2453786.76569 0.251
2453786.7676 0.23
2453786.76951 0.235
2453786.77142 0.221
2453786.77332 0.208
2453786.77523 0.174
2453786.77714 0.153
2453786.77905 0.137
2453786.78095 0.123
2453786.78286 0.091
2453786.78477 0.08
2453786.78668 0.074
2453786.78859 0.028
2453786.79445 -0.038
2453786.79635 -0.042
2453786.79826 -0.056
2453786.80017 -0.053
2453786.80208 -0.055
2453786.80404 -0.039
2453786.80599 -0.012
2453786.80796 0.013
2453786.80993 0.045
2453786.81189 0.08
2453786.81385 0.127
2453786.81582 0.164
2453786.81778 0.194
2453786.81975 0.224
2453786.82171 0.218
2453786.82765 0.247
2453786.82962 0.229
2453786.83158 0.194
2453786.83354 0.163
2453786.83551 0.183
2453786.83746 0.087
2453786.83943 0.041
2453786.84139 0.014
2453786.84334 -0.019
2453786.84531 -0.052
2453786.84727 -0.071
2453786.84922 -0.079
2453786.85118 -0.091
2453786.85315 -0.085
2453786.85512 -0.066
2453786.86151 0.029
2453786.86346 0.067
2453786.86543 0.109
2453786.86737 0.124
2453786.86933 0.186
2453786.87129 0.203
2453786.87325 0.227
2453786.87521 0.243
2453786.87716 0.254
2453786.87914 0.252
2453786.88118 0.261
2453786.88315 0.25
2453786.8851 0.228
2453786.88707 0.211
2453786.88904 0.184
2453786.89543 0.116
2453786.89739 0.087
