2453780.57791 -0.226
2453780.57987 -0.221
2453780.58183 -0.192
2453780.5838 -0.162
2453780.58576 -0.127
2453780.58772 -0.09
2453780.58968 -0.037
2453780.59159 -0.005
2453780.5935 0.024
2453780.59548 0.038
2453780.6016 0.116
2453780.60356 0.106
2453780.60552 0.108
2453780.6075 0.099
2453780.60946 0.072
2453780.61143 0.058
2453780.61338 0.03
2453780.61535 -0.001
2453780.6173 -0.01
2453780.61926 -0.041
2453780.62122 -0.066
2453780.62318 -0.075
2453780.62514 -0.107
2453780.6271 -0.149
2453780.62906 -0.165
2453780.63692 -0.196
2453780.63888 -0.185
2453780.64083 -0.177
2453780.6428 -0.156
2453780.64477 -0.136
2453780.64671 -0.094
2453780.64869 -0.058
2453780.65066 -0.017
2453780.65263 0.025
2453780.65458 0.073
2453780.65655 0.093
2453780.6585 0.109
2453780.66047 0.105
2453780.66243 0.118
2453780.66876 0.065
2453780.67071 0.051
2453780.67268 -0.004
2453780.67465 -0.041
2453780.67662 -0.088
2453780.67857 -0.105
2453780.68054 -0.131
2453780.68251 -0.151
2453780.68447 -0.175
2453780.68643 -0.189
2453780.68839 -0.19
2453780.69036 -0.204
2453780.69231 -0.193
2453780.69428 -0.171
2453780.69625 -0.148
2453780.70232 -0.023
2453780.70427 0.018
2453780.70624 0.057
2453780.7082 0.072
2453780.71017 0.075
2453780.71214 0.106
2453780.71607 0.1
2453780.71804 0.101
2453780.72 0.103
2453780.72197 0.087
2453780.72392 0.071
2453780.72589 0.043
2453780.72785 0.023
2453780.72981 -0.012
2453780.73606 -0.063
2453780.73802 -0.085
2453780.73997 -0.125
2453780.74389 -0.165
2453780.74584 -0.18
2453780.74975 -0.203
2453780.75172 -0.207
2453780.75368 -0.179
2453780.75563 -0.167
2453780.75759 -0.138
2453780.75956 -0.121
2453780.76153 -0.083
2453780.76347 -0.073
2453780.76979 0.073
2453780.7717 0.078
2453780.77361 0.096
2453780.77552 0.106
2453780.77743 0.087
2453780.77934 0.084
2453780.78126 0.068
2453780.78316 0.036
2453780.78507 0.002
2453780.78698 -0.021
2453780.78889 -0.055
2453780.79079 -0.095
2453780.79271 -0.126
2453780.7946 -0.162
2453780.7965 -0.182
2453780.80278 -0.194
2453780.80468 -0.204
2453780.80659 -0.185
2453780.8085 -0.171
2453780.81042 -0.14
2453780.81232 -0.122
2453780.81423 -0.066
2453780.81614 -0.037
2453780.81805 0.011
2453780.81995 0.043
2453780.82186 0.067
2453780.82377 0.076
2453780.82568 0.1
2453780.82759 0.092
2453780.8295 0.11
2453780.83558 0.092
2453780.83753 0.07
2453780.83949 0.045
2453780.84145 0.017
2453780.8434 0.002
2453780.84536 -0.017
2453780.84732 -0.03
2453780.84927 -0.048
2453780.85124 -0.086
2453780.85319 -0.097
2453780.85515 -0.122
2453780.85712 -0.164
2453780.85908 -0.16
2453780.86105 -0.186
2453780.86301 -0.209
2453780.86913 -0.18
2453780.87109 -0.167
2453780.87303 -0.142
2453780.87499 -0.089
2453780.8769 -0.075
2453780.8788 -0.021
2453780.88077 -0.002
2453780.88272 0.047
2453780.88468 0.065
2453780.88663 0.088
2453780.88857 0.09
2453780.89054 0.1
2453780.8925 0.093
2453780.89445 0.068
2453780.89642 0.061
2453780.90288 -0.042
2453780.90483 -0.105
2453780.9068 -0.145
2453780.90877 -0.187
2453780.91074 -0.199
2453780.91661 -0.225
