2455606.81866 15.637
2455606.82093 15.59
2455606.82207 15.609
2455606.82321 15.633
2455606.82549 15.636
2455606.82664 15.642
2455606.82778 15.625
2455606.82893 15.643
2455606.83007 15.635
2455606.83121 15.677
2455606.83234 15.694
2455606.83348 15.727
2455606.83463 15.721
2455606.83577 15.758
2455606.83691 15.741
2455606.83805 15.744
2455606.83918 15.762
2455606.84032 15.753
2455606.84146 15.779
2455606.8426 15.752
2455606.84374 15.777
2455606.84488 15.758
2455606.84894 15.738
2455606.85008 15.731
2455606.85122 15.679
2455606.85236 15.712
2455606.8535 15.704
2455606.85464 15.707
2455606.85578 15.697
2455606.85692 15.72
2455606.85806 15.698
2455606.8592 15.68
2455606.86034 15.663
2455606.86148 15.646
2455606.86262 15.653
2455606.86376 15.667
2455606.8649 15.634
2455606.86604 15.647
2455606.86718 15.64
2455606.86832 15.641
2455606.86946 15.667
2455606.8706 15.635
2455606.87174 15.65
2455606.87288 15.657
2455606.87402 15.637
2455606.87516 15.658
2455606.8763 15.63
2455606.87744 15.646
2455606.87858 15.662
2455606.87972 15.667
2455606.88199 15.679
2455606.88313 15.713
2455606.88428 15.7
2455606.88656 15.717
2455606.8877 15.745
2455606.88884 15.736
2455606.88998 15.76
2455606.89112 15.733
2455606.8934 15.753
2455606.89567 15.746
2455606.8968 15.749
2455606.89795 15.732
2455606.89908 15.725
2455606.90219 15.727
2455606.90333 15.757
2455606.90447 15.763
2455606.90561 15.771
2455606.90676 15.769
2455606.9079 15.767
2455606.90904 15.769
2455606.91018 15.748
2455606.91132 15.753
2455606.91247 15.689
2455606.9136 15.712
2455606.91475 15.679
2455606.91588 15.665
2455606.91703 15.642
2455606.91818 15.63
2455606.91932 15.645
2455606.92047 15.609
2455606.92161 15.629
2455606.92274 15.607
2455606.92388 15.599
2455606.92502 15.621
2455606.92616 15.589
2455606.9273 15.609
2455606.92844 15.613
2455606.92958 15.629
2455606.93071 15.58
2455606.93185 15.612
2455606.93299 15.643
2455606.93413 15.633
2455606.93527 15.656
2455606.93641 15.653
2455606.93755 15.66
2455606.93869 15.698
2455606.93983 15.7
2455606.94097 15.736
2455606.94212 15.723
2455606.94326 15.756
2455606.9444 15.78
2455606.94554 15.752
2455606.94669 15.755
2455606.94782 15.772
2455606.94896 15.759
2455606.9501 15.757
2455606.95124 15.743
2455606.95238 15.755
2455606.95352 15.713
2455606.95628 15.705
2455606.95742 15.696
2455606.95856 15.713
2455606.9597 15.707
2455606.96084 15.713
2455606.96198 15.689
2455606.96312 15.677
2455606.9654 15.7
2455606.96882 15.654
2455606.96997 15.638
2455606.98136 15.619
2455606.98251 15.63
2455606.98365 15.608
2455606.98479 15.618
2455606.98593 15.629
2455606.98707 15.623
2455606.98821 15.663
2455606.98935 15.675
2455606.99049 15.679
2455606.99163 15.732
2455606.99733 15.753
2455606.99847 15.738
2455607.01007 15.758
2455607.01121 15.77
2455607.01349 15.77
2455607.01463 15.737
2455607.01578 15.721
2455607.01692 15.699
2455607.01806 15.68
2455607.0192 15.675
2455607.02034 15.645
2455607.02148 15.64
2455607.02262 15.626
2455607.02376 15.607
2455607.0249 15.615
2455607.02604 15.616
2455607.02718 15.619
2455607.02832 15.582
2455607.02946 15.574
2455607.0306 15.595
2455607.03174 15.579
2455607.03288 15.583
2455607.03516 15.584
2455607.0363 15.616
2455607.03744 15.619
2455607.03858 15.613
2455607.03972 15.634
2455607.04085 15.677
2455607.04199 15.67
2455607.04313 15.679
2455607.04427 15.688
2455607.04541 15.722
2455607.04655 15.727
2455607.04769 15.729
2455607.04883 15.756
2455607.04997 15.743
2455607.05111 15.754
2455607.05225 15.739
2455607.05339 15.758
2455607.05453 15.755
