2455594.67733 16.506
2455594.67828 16.582
2455594.67896 16.596
2455594.67964 16.603
2455594.68032 16.547
2455594.68179 16.541
2455594.68248 16.588
2455594.68316 16.62
2455594.68384 16.5
2455594.68453 16.566
2455594.68521 16.565
2455594.68589 16.511
2455594.68657 16.606
2455594.68726 16.563
2455594.68794 16.6
2455594.68862 16.531
2455594.68929 16.567
2455594.68998 16.568
2455594.69066 16.576
2455594.69134 16.55
2455594.69203 16.634
2455594.69339 16.633
2455594.69407 16.525
2455594.69476 16.621
2455594.69543 16.624
2455594.6961 16.59
2455594.69677 16.589
2455594.69744 16.64
2455594.69811 16.617
2455594.6988 16.664
2455594.69948 16.599
2455594.70016 16.66
2455594.70085 16.66
2455594.70153 16.636
2455594.70221 16.627
2455594.70289 16.652
2455594.70358 16.613
2455594.70426 16.687
2455594.70494 16.617
2455594.70563 16.615
2455594.70631 16.601
2455594.70699 16.576
2455594.70836 16.558
2455594.70904 16.514
2455594.70971 16.591
2455594.71041 16.551
2455594.71109 16.518
2455594.71177 16.504
2455594.71244 16.51
2455594.71313 16.509
2455594.7138 16.488
2455594.71448 16.509
2455594.71515 16.564
2455594.71583 16.512
2455594.71651 16.541
2455594.71719 16.477
2455594.71787 16.451
2455594.71855 16.558
2455594.71924 16.513
2455594.71992 16.49
2455594.7206 16.489
2455594.72129 16.446
2455594.72197 16.496
2455594.72265 16.486
2455594.72333 16.488
2455594.72401 16.517
2455594.72469 16.417
2455594.72537 16.488
2455594.72605 16.488
2455594.72673 16.45
2455594.72741 16.468
2455594.72808 16.476
2455594.72876 16.477
2455594.72943 16.464
2455594.73012 16.439
2455594.73079 16.455
2455594.73146 16.463
2455594.73213 16.445
2455594.73281 16.485
2455594.7335 16.47
2455594.73418 16.447
2455594.73554 16.421
2455594.73691 16.43
2455594.73896 16.433
2455594.73964 16.462
2455594.74101 16.444
2455594.74237 16.404
2455594.74304 16.41
2455594.7444 16.438
2455594.74507 16.427
2455594.74575 16.451
2455594.74642 16.482
2455594.74711 16.439
2455594.74779 16.458
2455594.74847 16.458
2455594.74914 16.384
2455594.74983 16.478
2455594.75051 16.463
2455594.75119 16.462
2455594.75188 16.421
2455594.75256 16.414
2455594.75324 16.45
2455594.75529 16.504
2455594.75597 16.482
2455594.75666 16.559
2455594.75734 16.508
2455594.75802 16.567
2455594.7587 16.546
2455594.75939 16.532
2455594.76007 16.604
2455594.76075 16.559
2455594.76144 16.562
2455594.76212 16.548
2455594.76279 16.588
2455594.76346 16.535
2455594.76413 16.522
2455594.7648 16.533
2455594.76549 16.593
2455594.76616 16.581
2455594.76684 16.597
2455594.76752 16.617
2455594.76821 16.633
2455594.76889 16.614
2455594.76957 16.662
2455594.77026 16.647
2455594.77094 16.597
2455594.77162 16.618
2455594.7723 16.617
2455594.77299 16.63
2455594.77367 16.653
2455594.77435 16.63
2455594.77504 16.586
2455594.77572 16.662
2455594.7764 16.698
2455594.77707 16.652
2455594.77776 16.661
2455594.77843 16.697
2455594.7791 16.641
2455594.78046 16.662
2455594.78113 16.622
2455594.78248 16.598
2455594.78316 16.627
2455594.78453 16.632
2455594.78521 16.672
2455594.78589 16.634
2455594.78657 16.653
2455594.78726 16.62
2455594.78794 16.616
2455594.81646 16.481
2455594.81714 16.436
2455594.81851 16.421
2455594.81919 16.415
2455594.81987 16.422
2455594.82056 16.429
2455594.82124 16.434
2455594.82329 16.451
2455594.82742 16.387
2455594.82811 16.415
2455594.83223 16.422
2455594.83906 16.475
2455594.83975 16.54
2455594.84043 16.533
2455594.84111 16.544
2455594.84179 16.493
2455594.84248 16.552
2455594.84316 16.539
2455594.84384 16.499
2455594.84453 16.545
2455594.84521 16.552
2455594.84589 16.468
2455594.84657 16.525
2455594.84726 16.503
2455594.84794 16.555
2455594.84862 16.525
2455594.84931 16.521
2455594.84999 16.593
2455594.85068 16.576
2455594.85138 16.578
2455594.85207 16.652
2455594.85276 16.619
2455594.85344 16.637
2455594.85412 16.583
2455594.8548 16.6
2455594.85549 16.598
2455594.85617 16.595
2455594.85685 16.566
2455594.85752 16.646
2455594.85819 16.622
2455594.85887 16.625
2455594.86023 16.686
2455594.86091 16.646
2455594.8616 16.615
2455594.86296 16.688
2455594.86365 16.672
2455594.86433 16.674
2455594.86501 16.661
2455594.86638 16.671
2455594.86706 16.694
2455594.86774 16.651
2455594.86911 16.514
2455594.86979 16.525
2455594.87046 16.634
2455594.87115 16.541
2455594.87249 16.604
2455594.87316 16.498
2455594.87383 16.609
2455594.8745 16.577
2455594.87519 16.538
2455594.87587 16.525
2455594.87655 16.52
2455594.87723 16.522
2455594.87792 16.483
2455594.8786 16.498
2455594.87928 16.537
2455594.87997 16.49
2455594.88065 16.488
2455594.88133 16.487
2455594.88201 16.5
2455594.8827 16.494
2455594.88338 16.475
2455594.88406 16.512
2455594.88475 16.465
2455594.88543 16.445
2455594.8861 16.449
2455594.88678 16.48
2455594.88745 16.448
2455594.88813 16.452
2455594.8888 16.411
2455594.88947 16.412
2455594.89015 16.43
2455594.89082 16.414
2455594.89151 16.372
2455594.89219 16.397
2455594.89287 16.456
2455594.89355 16.437
2455594.89424 16.404
2455594.89492 16.36
2455594.8956 16.359
2455594.91531 16.435
2455594.916 16.46
2455594.91735 16.439
2455594.91803 16.451
2455594.91872 16.482
2455594.91939 16.582
2455594.92007 16.499
2455594.92074 16.548
2455594.92142 16.604
2455594.9221 16.565
2455594.92277 16.573
2455594.92345 16.547
2455594.92413 16.558
2455594.92482 16.596
2455594.9255 16.539
2455594.92618 16.473
2455594.92686 16.518
2455594.92755 16.57
2455594.92823 16.529
2455594.92891 16.595
2455594.9296 16.568
2455594.93028 16.515
2455594.93096 16.549
2455594.93164 16.54
2455594.93233 16.596
2455594.93301 16.619
2455594.93369 16.581
2455594.93436 16.626
2455594.93504 16.579
2455594.93571 16.595
2455594.93638 16.57
2455594.93706 16.649
2455594.93773 16.595
2455594.9384 16.63
2455594.93907 16.657
2455594.93976 16.682
2455594.94044 16.625
2455594.94112 16.579
2455594.94181 16.621
2455594.94249 16.596
2455594.94317 16.651
2455594.94454 16.583
2455594.94522 16.607
2455594.9459 16.61
2455594.94659 16.567
2455594.94727 16.562
2455594.94795 16.551
2455594.94929 16.536
2455594.94998 16.549
2455594.95065 16.595
2455594.95132 16.553
2455594.95199 16.522
2455594.95267 16.572
2455594.95335 16.523
2455594.95402 16.504
2455594.9547 16.532
2455594.95538 16.471
2455594.95607 16.484
2455594.95675 16.502
2455594.9581 16.468
2455594.95879 16.455
2455594.95947 16.426
2455594.96015 16.435
2455594.96083 16.438
2455594.96152 16.505
2455594.9622 16.438
2455594.96288 16.431
2455594.96357 16.482
2455594.96425 16.426
2455594.96492 16.503
2455594.9656 16.412
2455594.96627 16.389
2455594.96694 16.43
2455594.96762 16.452
2455594.96829 16.414
2455594.96896 16.431
2455594.96963 16.381
2455594.97031 16.474
2455594.971 16.445
2455594.97168 16.472
2455594.97236 16.465
2455594.97304 16.511
2455594.97373 16.496
2455594.97441 16.51
2455594.97509 16.467
2455594.97578 16.473
2455594.97646 16.458
2455594.97714 16.396
2455594.97782 16.46
2455594.97851 16.376
2455594.97919 16.386
2455594.97987 16.46
2455594.98054 16.378
2455594.98123 16.456
2455594.9819 16.395
2455594.98257 16.427
2455594.98324 16.436
2455594.98391 16.39
2455594.98458 16.429
2455594.98526 16.353
2455594.98594 16.336
2455594.98662 16.377
2455594.9873 16.336
2455594.98799 16.397
2455594.98867 16.37
2455594.98935 16.379
2455594.99004 16.328
2455594.99072 16.399
2455594.9914 16.423
2455594.99277 16.335
2455594.99345 16.358
2455594.99413 16.343
2455594.99482 16.365
2455595.04241 16.484
2455595.04309 16.456
2455595.04377 16.447
2455595.04446 16.441
2455595.04514 16.422
2455595.04581 16.395
2455595.04649 16.396
2455595.04716 16.348
2455595.04784 16.375
2455595.04851 16.39
2455595.04919 16.448
2455595.04986 16.41
2455595.05053 16.36
2455595.05122 16.436
