2455596.63773 16.377
2455596.64682 16.423
2455596.64817 16.359
2455596.64885 16.4
2455596.64953 16.396
2455596.65021 16.379
2455596.65089 16.302
2455596.65157 16.333
2455596.65226 16.297
2455596.65294 16.274
2455596.65362 16.262
2455596.65431 16.338
2455596.65567 16.276
2455596.65635 16.291
2455596.65704 16.362
2455596.6584 16.404
2455596.65909 16.363
2455596.65977 16.395
2455596.66045 16.373
2455596.66113 16.345
2455596.66181 16.315
2455596.66249 16.352
2455596.66316 16.34
2455596.66383 16.382
2455596.6645 16.409
2455596.66517 16.396
2455596.66585 16.407
2455596.66652 16.414
2455596.66788 16.406
2455596.66857 16.43
2455596.66925 16.411
2455596.66993 16.405
2455596.67061 16.452
2455596.6713 16.443
2455596.67198 16.399
2455596.67266 16.378
2455596.67335 16.412
2455596.67403 16.395
2455596.67471 16.415
2455596.67539 16.41
2455596.67608 16.382
2455596.67676 16.409
2455596.67744 16.431
2455596.67813 16.395
2455596.67882 16.445
2455596.67949 16.404
2455596.68016 16.407
2455596.68083 16.389
2455596.68152 16.416
2455596.68353 16.467
2455596.69583 16.502
2455596.69653 16.578
2455596.69722 16.56
2455596.69789 16.563
2455596.69858 16.548
2455596.69926 16.495
2455596.69993 16.509
2455596.70061 16.511
2455596.7013 16.516
2455596.70198 16.558
2455596.70266 16.561
2455596.70333 16.569
2455596.70811 16.463
2455596.71016 16.453
2455596.71561 16.359
2455596.7163 16.326
2455596.71698 16.338
2455596.71765 16.359
2455596.71833 16.308
2455596.71901 16.29
2455596.71968 16.283
2455596.72036 16.28
2455596.72104 16.294
2455596.72173 16.306
2455596.72241 16.281
2455596.72309 16.295
2455596.72377 16.348
2455596.72446 16.317
2455596.72514 16.323
2455596.72582 16.37
2455596.72651 16.311
2455596.72719 16.348
2455596.72787 16.323
2455596.72855 16.328
2455596.72924 16.347
2455596.72992 16.3
2455596.7306 16.332
2455596.73129 16.312
2455596.73197 16.282
2455596.73264 16.333
2455596.73333 16.309
2455596.73403 16.313
2455596.7347 16.301
2455596.73537 16.313
2455596.73605 16.276
2455596.73674 16.282
2455596.73741 16.305
2455596.73808 16.272
2455596.73876 16.323
2455596.73943 16.312
2455596.74012 16.3
2455596.75173 16.243
2455596.75241 16.267
2455596.75309 16.298
2455596.75377 16.309
2455596.75446 16.276
2455596.75514 16.3
2455596.75582 16.294
2455596.75651 16.277
2455596.75719 16.326
2455596.75787 16.343
2455596.75855 16.346
2455596.75924 16.407
2455596.75992 16.364
2455596.7606 16.395
2455596.76129 16.365
2455596.76197 16.405
2455596.76265 16.425
2455596.76333 16.413
2455596.76402 16.427
2455596.7647 16.436
2455596.76538 16.425
2455596.76607 16.481
2455596.76675 16.447
2455596.76743 16.418
2455596.76811 16.443
2455596.7688 16.409
2455596.76948 16.414
2455596.77016 16.37
2455596.77085 16.41
2455596.77153 16.38
2455596.77222 16.408
2455596.77292 16.361
2455596.77361 16.376
2455596.77428 16.411
2455596.7797 16.431
2455596.78107 16.427
2455596.7838 16.444
2455596.78448 16.435
2455596.78516 16.444
2455596.78585 16.434
2455596.78653 16.485
2455596.78721 16.512
2455596.78789 16.502
2455596.78858 16.51
2455596.78926 16.479
2455596.78993 16.464
2455596.79061 16.483
2455596.79129 16.467
2455596.79197 16.466
2455596.79264 16.452
2455596.79332 16.448
2455596.79401 16.421
2455596.79468 16.471
2455596.79536 16.477
2455596.79603 16.473
2455596.79671 16.444
2455596.7974 16.402
2455596.79808 16.419
2455596.79876 16.399
2455596.79944 16.451
2455596.80013 16.404
2455596.80081 16.378
2455596.80149 16.371
2455596.80218 16.387
2455596.80286 16.369
2455596.80354 16.388
2455596.80423 16.385
2455596.80491 16.366
2455596.80559 16.36
2455596.80627 16.362
2455596.80696 16.338
2455596.80763 16.352
2455596.8083 16.332
2455596.80897 16.338
2455596.80964 16.364
2455596.81031 16.321
2455596.81098 16.306
2455596.81167 16.326
2455596.81235 16.34
2455596.81303 16.327
2455596.81372 16.349
2455596.8144 16.342
2455596.81508 16.318
2455596.81576 16.321
2455596.81645 16.35
2455596.81713 16.315
2455596.83484 16.335
2455596.83689 16.337
2455596.83757 16.395
2455596.83825 16.341
2455596.83962 16.456
2455596.8403 16.337
2455596.84097 16.326
2455596.84166 16.385
2455596.84233 16.368
2455596.84301 16.382
2455596.84369 16.438
2455596.84438 16.418
2455596.84506 16.389
2455596.84574 16.428
2455596.84642 16.44
2455596.8471 16.414
2455596.84778 16.459
2455596.84846 16.455
2455596.84914 16.461
2455596.84983 16.449
2455596.85051 16.399
2455596.85119 16.457
2455596.85188 16.449
2455596.85256 16.452
2455596.85324 16.43
2455596.85392 16.45
2455596.85461 16.486
2455596.85529 16.487
2455596.85597 16.52
2455596.85666 16.539
2455596.85734 16.559
2455596.85802 16.518
2455596.8587 16.523
2455596.85939 16.511
2455596.86007 16.524
2455596.86076 16.514
2455596.86146 16.465
2455596.86215 16.453
2455596.86284 16.497
2455596.86352 16.528
2455596.86419 16.512
2455596.86486 16.486
2455596.86554 16.478
2455596.86691 16.481
2455596.86759 16.488
2455596.86826 16.559
2455596.87991 16.398
2455596.88059 16.371
2455596.88129 16.349
2455596.88197 16.368
2455596.88266 16.336
2455596.88333 16.383
2455596.88403 16.346
2455596.88472 16.388
2455596.88542 16.327
2455596.8861 16.338
2455596.88679 16.377
2455596.88747 16.382
2455596.88816 16.316
2455596.88883 16.343
2455596.88953 16.326
2455596.89021 16.323
2455596.8909 16.35
2455596.89157 16.323
2455596.89227 16.322
2455596.89295 16.317
2455596.89365 16.326
2455596.89433 16.316
2455596.89502 16.312
2455596.89571 16.304
2455596.8964 16.316
2455596.89707 16.318
2455596.89777 16.256
2455596.89845 16.299
2455596.89914 16.276
2455596.89983 16.265
2455596.90052 16.313
2455596.9012 16.28
2455596.9019 16.303
2455596.90258 16.297
2455596.90328 16.276
2455596.90396 16.278
2455596.90465 16.291
2455596.90534 16.288
2455596.90603 16.285
2455596.90671 16.279
2455596.90741 16.324
2455596.90809 16.305
2455596.90879 16.338
2455596.90947 16.31
2455596.91016 16.325
2455596.91085 16.349
2455596.91154 16.289
2455596.91222 16.361
2455596.91292 16.329
2455596.9136 16.352
2455596.91429 16.347
2455596.91498 16.367
2455596.91567 16.373
2455596.91635 16.352
2455596.91705 16.379
2455596.91773 16.38
2455596.91843 16.376
2455596.9191 16.363
2455596.9198 16.385
2455596.92048 16.407
2455596.92117 16.42
2455596.92184 16.393
2455596.92254 16.439
2455596.92322 16.448
2455596.92391 16.467
2455596.9246 16.448
2455596.92529 16.43
2455596.92596 16.455
2455596.92666 16.437
2455596.92734 16.427
2455596.92803 16.427
2455596.92872 16.462
2455596.92941 16.433
2455596.93009 16.427
2455596.93079 16.475
2455596.93147 16.527
2455596.93216 16.48
2455596.93284 16.483
2455596.93353 16.504
2455596.93421 16.411
2455596.93491 16.489
2455596.93629 16.537
2455596.93697 16.492
2455596.93766 16.527
2455596.93835 16.531
2455596.93904 16.509
2455596.93972 16.526
2455596.94042 16.521
2455596.9411 16.565
2455596.94179 16.521
2455596.94248 16.51
2455596.94317 16.513
2455596.94385 16.487
2455596.94454 16.504
2455596.94522 16.463
2455596.9459 16.552
2455596.94659 16.508
2455596.94727 16.523
2455596.94795 16.561
2455596.94863 16.45
2455596.94931 16.488
2455596.94999 16.459
2455596.95067 16.449
2455596.95135 16.476
2455596.95204 16.454
2455596.95271 16.436
2455596.95339 16.4
2455596.95407 16.448
2455596.95476 16.402
2455596.95544 16.448
2455596.95611 16.411
2455596.95679 16.404
2455596.95748 16.366
2455596.95816 16.341
2455596.95884 16.386
2455596.95953 16.371
2455596.96021 16.367
2455596.96088 16.356
2455596.96156 16.35
2455596.96293 16.325
2455596.97586 16.342
2455596.97791 16.294
2455596.97859 16.323
2455596.97927 16.286
2455596.97995 16.295
2455596.98064 16.272
2455596.98132 16.295
2455596.982 16.284
2455596.98269 16.277
2455596.98337 16.304
2455596.98405 16.311
2455596.98472 16.266
2455596.98541 16.282
2455596.98609 16.326
2455596.98677 16.275
2455596.98744 16.298
2455596.98813 16.24
2455596.98881 16.292
2455596.98949 16.314
2455596.99017 16.3
2455596.99086 16.255
2455596.99154 16.283
2455596.99221 16.329
2455596.99289 16.3
2455596.99358 16.34
2455596.99426 16.293
2455596.99494 16.371
2455596.99563 16.385
2455596.99631 16.313
2455596.99699 16.304
2455596.99767 16.332
2455596.99836 16.381
2455596.99904 16.39
2455596.99972 16.366
2455597.00041 16.376
2455597.00109 16.381
2455597.00177 16.398
2455597.00245 16.399
2455597.00314 16.385
2455597.00382 16.354
2455597.00451 16.383
2455597.00521 16.391
2455597.00589 16.414
2455597.00657 16.346
2455597.00726 16.369
2455597.00794 16.396
2455597.00862 16.425
2455597.00931 16.402
2455597.00999 16.473
2455597.01067 16.408
2455597.01135 16.417
2455597.01203 16.47
2455597.01271 16.464
2455597.01339 16.475
2455597.01407 16.522
2455597.01544 16.446
2455597.02569 16.509
2455597.02638 16.443
2455597.02841 16.456
2455597.0291 16.49
2455597.02978 16.514
2455597.03046 16.558
2455597.03115 16.474
2455597.03183 16.477
2455597.03251 16.418
2455597.03319 16.415
2455597.03388 16.428
2455597.03524 16.455
2455597.03593 16.411
2455597.03661 16.408
2455597.03729 16.383
2455597.03798 16.38
2455597.03866 16.37
2455597.03934 16.349
2455597.04002 16.42
2455597.04071 16.343
2455597.04139 16.343
2455597.04207 16.345
2455597.04276 16.323
2455597.04344 16.342
2455597.04412 16.39
