2456531.65589 1.12
2456531.66575 1.207
2456531.66789 1.244
2456531.67004 1.221
2456531.67218 1.225
2456531.67433 1.186
2456531.67647 1.145
2456531.67861 1.118
2456531.68076 1.096
2456531.6829 1.087
2456531.68504 1.084
2456531.68719 1.06
2456531.68933 1.07
2456531.69148 1.062
2456531.69362 1.061
2456531.69577 1.045
2456531.69791 1.032
2456531.70005 1.032
2456531.7022 1.051
2456531.70434 1.049
2456531.70649 1.056
2456531.70909 1.061
2456531.71124 1.093
2456531.71338 1.103
2456531.71553 1.138
2456531.71767 1.18
2456531.71982 1.213
2456531.72196 1.205
2456531.72411 1.202
2456531.72625 1.166
2456531.72839 1.166
2456531.73054 1.141
2456531.73912 1.065
2456531.74126 1.048
2456531.7434 1.023
2456531.74555 1.026
2456531.74769 1.037
2456531.74984 1.026
2456531.75198 1.002
2456531.75412 1.003
2456531.75627 1.027
2456531.75842 1.041
2456531.76056 1.047
2456531.7627 1.096
2456531.76485 1.089
2456531.76699 1.114
2456531.76914 1.124
2456531.77128 1.15
2456531.77342 1.158
2456531.77557 1.162
2456531.77771 1.177
2456531.77986 1.172
2456531.782 1.165
2456531.78414 1.107
2456531.78629 1.088
2456531.78843 1.088
2456531.79058 1.013
2456531.79272 1.021
2456531.79487 1.014
2456531.79701 1.012
2456531.80153 1.042
2456531.80582 1.017
2456531.80797 1.008
2456531.81011 1.01
2456531.81225 1.02
2456531.8144 1.024
2456531.81654 1.06
2456531.81869 1.07
2456531.82083 1.084
2456531.82297 1.124
2456531.82512 1.133
2456531.82726 1.172
2456531.82941 1.185
2456531.83155 1.184
2456531.83369 1.183
2456531.83584 1.151
2456531.83798 1.131
2456531.84013 1.099
2456531.84227 1.08
2456531.84442 1.052
2456531.84656 1.028
2456531.8487 1.025
2456531.85085 1.008
2456531.85299 1.0
2456531.85514 1.01
2456531.85728 1.009
2456531.85942 0.99
2456531.86157 0.993
2456531.86371 1.003
2456531.86585 1.008
2456531.868 1.031
2456531.87014 1.056
2456531.87229 1.075
2456531.87443 1.191
2456531.87657 1.193
2456531.87872 1.213
2456531.88087 1.249
2456531.88301 1.26
2456531.88515 1.284
2456531.8873 1.285
2456531.88944 1.279
2456531.89159 1.248
2456531.89373 1.211
2456531.89587 1.193
2456531.89802 1.154
2456531.90016 1.139
2456531.9023 1.132
2456531.90445 1.129
2456531.9066 1.125
2456531.90874 1.13
2456531.91089 1.108
2456531.91303 1.114
2456531.91517 1.11
2456531.91732 1.099
2456531.91946 1.111
2456531.92161 1.133
2456531.92375 1.171
2456531.92589 1.194
2456531.92804 1.165
2456531.93018 1.219
