2456518.69262 0.569
2456518.69477 0.582
2456518.69691 0.553
2456518.69905 0.49
2456518.7012 0.489
2456518.70334 0.435
2456518.70549 0.423
2456518.70763 0.417
2456518.70978 0.416
2456518.71192 0.396
2456518.71407 0.405
2456518.71621 0.397
2456518.71836 0.379
2456518.7205 0.385
2456518.72265 0.383
2456518.72479 0.408
2456518.72693 0.439
2456518.72908 0.444
2456518.73122 0.455
2456518.73336 0.479
2456518.73551 0.486
2456518.73765 0.492
2456518.7398 0.524
2456518.74194 0.548
2456518.74408 0.562
2456518.74623 0.569
2456518.74837 0.538
2456518.75052 0.502
2456518.75266 0.466
2456518.75481 0.447
2456518.75695 0.423
2456518.75909 0.425
2456518.76124 0.421
2456518.76338 0.418
2456518.76552 0.425
2456518.76767 0.412
2456518.76981 0.41
2456518.77197 0.408
2456518.77411 0.399
2456518.77628 0.391
2456518.77849 0.397
2456518.78064 0.395
2456518.78278 0.421
2456518.78493 0.433
2456518.78707 0.457
2456518.78923 0.472
2456518.79138 0.501
2456518.79352 0.531
2456518.79567 0.544
2456518.79782 0.549
2456518.79996 0.555
2456518.80211 0.548
2456518.80425 0.536
2456518.8064 0.508
2456518.80854 0.462
2456518.81069 0.437
2456518.81283 0.41
2456518.81498 0.397
2456518.81717 0.392
2456518.81931 0.385
2456518.82147 0.374
2456518.82362 0.38
2456518.82576 0.365
2456518.82791 0.377
2456518.83005 0.365
2456518.8322 0.388
2456518.83434 0.406
2456518.83649 0.429
2456518.83863 0.448
2456518.84077 0.476
2456518.87735 0.407
2456518.87949 0.396
2456518.88163 0.387
2456518.88378 0.391
2456518.88592 0.39
2456518.88807 0.409
2456518.89021 0.419
2456518.89236 0.439
2456518.8945 0.446
2456518.89665 0.464
2456518.89879 0.488
2456518.90094 0.522
2456518.90308 0.551
2456518.90522 0.57
2456518.90737 0.571
2456518.90951 0.558
2456518.91166 0.548
2456518.9138 0.542
2456518.91594 0.5
2456518.91809 0.459
2456518.92023 0.438
2456518.92238 0.414
2456518.92452 0.41
2456518.92667 0.409
2456518.92881 0.4
2456518.93096 0.4
2456518.9331 0.399
2456518.93525 0.406
2456518.93739 0.395
2456518.93955 0.406
2456518.94169 0.421
2456518.94384 0.446
2456518.94598 0.463
2456518.94813 0.495
2456518.95027 0.514
2456518.95242 0.548
2456518.95456 0.54
2456518.9567 0.567
2456518.959 0.574
2456518.96115 0.578
