2456504.71832 1.448
2456504.7226 1.46
2456504.72475 1.477
2456504.7269 1.464
2456504.72904 1.47
2456504.73119 1.533
2456504.73333 1.557
2456504.73547 1.546
2456504.73762 1.543
2456504.73976 1.522
2456504.74191 1.483
2456504.74405 1.439
2456504.74619 1.4
2456504.74834 1.394
2456504.75048 1.377
2456504.75263 1.348
2456504.75477 1.379
2456504.75691 1.374
2456504.75906 1.4
2456504.7612 1.358
2456504.76335 1.362
2456504.76549 1.354
2456504.76763 1.35
2456504.76978 1.382
2456504.77192 1.36
2456504.77407 1.384
2456504.77621 1.4
2456504.77835 1.426
2456504.7805 1.475
2456504.78264 1.488
2456504.78479 1.503
2456504.78693 1.522
2456504.78908 1.524
2456504.79122 1.555
2456504.79337 1.54
2456504.79551 1.501
2456504.79765 1.47
2456504.7998 1.449
2456504.80194 1.184
2456504.80409 1.149
2456504.80623 1.148
2456504.80838 1.107
2456504.81052 1.099
2456504.81266 1.087
2456504.81481 0.968
2456504.81695 0.988
2456504.8191 0.981
2456504.82124 0.98
2456504.82338 1.021
2456504.82553 1.041
2456504.82767 1.071
2456504.89095 1.508
2456504.89524 1.536
2456504.89738 1.531
2456504.89953 1.527
2456504.90167 1.51
2456504.90381 1.512
2456504.90596 1.449
2456504.9081 1.443
2456504.91025 1.391
2456504.91239 1.384
2456504.91453 1.364
2456504.91668 1.329
2456504.91882 1.335
2456504.92097 1.328
2456504.92311 1.336
2456504.92525 1.341
2456504.9274 1.326
2456504.92954 1.333
2456504.93169 1.354
2456504.93383 1.341
2456504.93597 1.397
2456504.93812 1.189
