2456512.70263 1.549
2456512.70692 1.56
2456512.70907 1.562
2456512.71121 1.58
2456512.71335 1.625
2456512.72622 1.515
2456512.72837 1.53
2456512.73051 1.48
2456512.73265 1.477
2456512.7348 1.454
2456512.73694 1.448
2456512.73909 1.459
2456512.74123 1.429
2456512.74338 1.43
2456512.74552 1.435
2456512.74766 1.444
2456512.74981 1.43
2456512.75195 1.45
2456512.76911 1.627
2456512.77125 1.652
2456512.7734 1.653
2456512.77554 1.626
2456512.77768 1.594
2456512.77983 1.564
2456512.78197 1.522
2456512.78412 1.506
2456512.7884 1.485
2456512.86725 1.589
2456512.87154 1.614
2456512.87368 1.64
2456512.87583 1.645
2456512.87797 1.665
2456512.88011 1.681
2456512.88226 1.674
2456512.8844 1.636
2456512.88655 1.615
2456512.88869 1.574
2456512.89083 1.555
2456512.89298 1.538
2456512.89512 1.525
2456512.89727 1.519
2456512.89941 1.541
2456512.90155 1.524
2456512.9037 1.539
2456512.90584 1.532
2456512.90799 1.514
2456512.91013 1.504
2456512.91228 1.518
2456512.91442 1.532
2456512.91657 1.521
2456512.91871 1.51
2456512.92085 1.54
2456512.923 1.564
2456512.92514 1.584
2456512.92729 1.611
2456512.92943 1.641
