2455543.62289 14.913
2455543.62575 14.915
2455543.62862 14.926
2455543.63148 14.917
2455543.63435 14.947
2455543.63754 14.945
2455543.6404 14.965
2455543.64327 14.993
2455543.64613 14.997
2455543.64901 15.011
2455543.65293 14.982
2455543.6558 14.99
2455543.65866 14.957
2455543.66153 14.931
2455543.66439 14.889
2455543.66758 14.838
2455543.67044 14.807
2455543.67331 14.812
2455543.67617 14.809
2455543.67904 14.795
2455543.68294 14.83
2455543.6858 14.836
2455543.68867 14.868
2455543.69153 14.873
2455543.6944 14.912
2455543.69759 14.917
2455543.70045 14.934
2455543.70331 14.942
2455543.70618 14.993
2455543.70904 14.97
2455543.71295 14.953
2455543.71581 14.937
2455543.71868 14.912
2455543.72154 14.912
2455543.72441 14.896
2455543.7276 14.926
2455543.73047 14.909
2455543.73333 14.953
2455543.7362 14.921
2455543.73907 14.935
2455543.74296 14.939
2455543.74583 14.953
2455543.7487 14.978
2455543.75156 14.993
2455543.75443 15.012
2455543.75762 15.009
2455543.76048 14.988
2455543.76334 14.975
2455543.76621 14.982
2455543.76908 14.937
2455543.77272 14.918
2455543.77559 14.873
2455543.77845 14.864
2455543.78132 14.835
2455543.78419 14.829
2455543.78737 14.845
2455543.79024 14.839
2455543.7931 14.85
2455543.79597 14.85
2455543.79883 14.879
2455543.80248 14.901
2455543.80534 14.933
2455543.80821 14.945
2455543.81107 14.955
2455543.81394 14.967
2455543.81713 14.991
2455543.81999 14.973
2455543.82286 14.966
2455543.82572 14.938
2455543.82859 14.925
2455543.83224 14.931
2455543.8351 14.936
2455543.83797 14.928
2455543.84083 14.928
2455543.8437 14.931
2455543.84688 14.939
2455543.84975 14.938
2455543.85261 14.957
2455543.85548 14.962
2455543.85835 14.991
2455543.8621 15.001
2455543.86497 15.002
2455543.86784 15.001
2455543.8707 14.989
2455543.87357 14.991
2455543.87674 14.957
2455543.87961 14.918
2455543.88248 14.9
2455543.88534 14.871
2455543.88821 14.866
2455543.89193 14.84
2455543.89479 14.824
2455543.89766 14.822
2455543.90053 14.804
2455543.90339 14.818
2455543.90657 14.845
2455543.90944 14.891
2455543.91231 14.903
2455543.93634 14.944
2455543.9392 14.963
2455543.94207 14.942
2455543.94493 14.905
2455543.9478 14.921
2455543.95145 14.927
2455543.95431 14.931
2455543.95718 14.931
2455543.96004 14.958
2455543.96291 14.964
2455543.96611 14.998
2455543.96897 15.009
2455543.97184 15.019
