2456503.69983 1.571
2456503.70515 1.582
2456503.7073 1.565
2456503.70944 1.509
2456503.71158 1.519
2456503.71373 1.467
2456503.71587 1.419
2456503.71801 1.427
2456503.72016 1.389
2456503.7223 1.381
2456503.72445 1.355
2456503.72659 1.338
2456503.72873 1.377
2456503.73088 1.366
2456503.73302 1.346
2456503.73517 1.363
2456503.73731 1.38
2456503.73956 1.4
2456503.7417 1.447
2456503.74387 1.469
2456503.74601 1.49
2456503.74816 1.508
2456503.7503 1.515
2456503.75273 1.57
2456503.75487 1.591
2456503.75702 1.564
2456503.75916 1.545
2456503.7613 1.557
2456503.76345 1.497
2456503.77228 1.422
2456503.77443 1.421
2456503.77657 1.422
2456503.77871 1.421
2456503.78086 1.443
2456503.783 1.437
2456503.78515 1.42
2456503.78751 1.431
2456503.78966 1.431
2456503.7918 1.413
2456503.79395 1.427
2456503.79609 1.442
2456503.79823 1.434
2456503.80038 1.472
2456503.80252 1.498
2456503.80467 1.569
2456503.80681 1.567
2456503.80895 1.575
2456503.8111 1.563
2456503.81324 1.566
2456503.81539 1.564
2456503.81753 1.55
2456503.81967 1.528
2456503.82182 1.454
2456503.82396 1.432
2456503.82611 1.392
2456503.82825 1.395
2456503.83098 1.359
2456503.83313 1.367
2456503.83527 1.35
2456503.83741 1.348
2456503.83956 1.349
2456503.8417 1.368
2456503.84385 1.342
2456503.84599 1.373
2456503.84813 1.41
2456503.85028 1.434
2456503.85242 1.449
2456503.85457 1.476
2456503.85671 1.478
2456503.85886 1.517
2456503.861 1.537
2456503.86314 1.533
2456503.86529 1.582
2456503.86743 1.548
2456503.86958 1.502
2456503.87172 1.502
2456503.87387 1.473
2456503.87601 1.438
2456503.87816 1.436
2456503.88031 1.397
2456503.88245 1.404
2456503.88459 1.404
2456503.8908 1.395
2456503.89509 1.393
2456503.89723 1.359
2456503.89938 1.364
2456503.90367 1.383
2456503.90581 1.409
2456503.90795 1.41
2456503.9101 1.427
2456503.91224 1.472
2456503.91439 1.512
2456503.91654 1.508
2456503.91868 1.52
2456503.92083 1.557
2456503.92297 1.533
2456503.92726 1.549
2456503.9294 1.45
2456503.93155 1.407
2456503.93369 1.371
2456503.93583 1.371
2456503.93798 1.337
2456503.94012 1.32
