2453912.86579 1.5
2453912.87283 1.549
2453912.87988 1.489
2453912.8869 1.488
2453912.89393 1.481
2453912.90873 1.539
2453912.91573 1.508
2453912.92273 1.529
2453912.92973 1.499
2453912.93673 1.529
2453912.94373 1.524
2453912.95073 1.452
2453912.95773 1.459
2453912.96473 1.471
2453912.97173 1.498
2453912.97873 1.462
2453912.98573 1.446
2453912.99273 1.435
2453913.02407 1.501
2453913.03108 1.473
2453913.04047 1.499
2453913.04748 1.476
2453913.05449 1.427
2453913.06151 1.454
2453913.06878 1.479
2453913.07579 1.536
2453913.0828 1.464
2453913.08982 1.489
2453913.09684 1.465
2453913.10386 1.505
2453913.11088 1.513
2453913.11789 1.542
2453913.12491 1.533
2453913.13193 1.512
