2455899.6652 15.791
2455899.66841 15.754
2455899.67162 15.779
2455899.67484 15.79
2455899.67805 15.823
2455899.68126 15.859
2455899.68502 15.886
2455899.68823 15.863
2455899.69145 15.828
2455899.69466 15.791
2455899.69788 15.802
2455899.70109 15.796
2455899.70485 15.792
2455899.70806 15.848
2455899.71128 15.808
2455899.71448 15.765
2455899.7177 15.801
2455899.72091 15.76
2455899.72517 15.782
2455899.72838 15.761
2455899.7316 15.772
2455899.73481 15.784
2455899.73803 15.825
2455899.74124 15.818
2455899.74501 15.78
2455899.74823 15.792
2455899.75144 15.804
2455899.75465 15.818
2455899.75787 15.797
2455899.76108 15.801
2455899.76485 15.729
2455899.76807 15.746
2455899.77128 15.755
2455899.7745 15.766
2455899.77771 15.792
2455899.78093 15.8
2455899.7852 15.852
2455899.78842 15.845
2455899.79163 15.807
2455899.79484 15.789
2455899.79806 15.803
2455899.80127 15.797
2455899.80503 15.818
2455899.80824 15.825
2455899.81146 15.797
2455899.81467 15.764
2455899.81789 15.778
2455899.8211 15.775
2455899.82496 15.761
2455899.82817 15.761
2455899.83139 15.746
2455899.8346 15.818
2455899.83782 15.85
2455899.84103 15.869
2455899.84576 15.873
2455899.86882 15.838
2455899.87203 15.767
2455899.87525 15.769
2455899.87846 15.803
2455899.88168 15.833
2455899.88557 15.836
2455899.88878 15.849
2455899.892 15.816
2455899.89521 15.79
2455899.89842 15.775
2455899.90165 15.787
2455899.906 15.806
2455899.90922 15.817
2455899.91243 15.788
2455899.91564 15.746
2455899.91886 15.751
2455899.92207 15.745
2455899.92583 15.755
2455899.92904 15.759
2455899.93226 15.773
