2455898.66792 15.894
2455898.67114 15.841
2455898.67435 15.904
2455898.67756 15.91
2455898.68078 15.89
2455898.68399 15.884
2455898.68776 15.871
2455898.69098 15.875
2455898.69419 15.84
2455898.69741 15.854
2455898.70062 15.872
2455898.70384 15.887
2455898.72835 15.848
2455898.73157 15.873
2455898.73478 15.844
2455898.73799 15.848
2455898.74123 15.844
2455898.74445 15.878
2455898.7482 15.825
2455898.75141 15.875
2455898.75463 15.824
2455898.75784 15.789
2455898.76106 15.782
2455898.76427 15.787
2455898.76803 15.927
2455898.77124 15.838
2455898.77446 15.877
2455898.77767 15.886
2455898.78088 15.904
2455898.78409 15.863
2455898.78842 15.858
2455898.79163 15.826
2455898.79484 15.825
2455898.79805 15.824
2455898.80127 15.854
2455898.80448 15.855
2455898.80824 15.808
2455898.81145 15.811
2455898.81467 15.796
2455898.81788 15.816
2455898.82111 15.798
2455898.82432 15.796
2455898.82822 15.808
2455898.83144 15.859
2455898.83465 15.83
2455898.83786 15.828
2455898.84108 15.798
2455898.84429 15.797
2455898.84875 15.831
2455898.85196 15.832
2455898.85518 15.827
2455898.85839 15.795
2455898.8616 15.803
2455898.86481 15.782
2455898.86857 15.788
2455898.8718 15.841
2455898.87502 15.825
2455898.87823 15.897
2455898.88145 15.917
2455898.88467 15.887
2455898.88842 15.901
2455898.89163 15.793
2455898.89484 15.87
2455898.89806 15.818
2455898.90127 15.876
2455898.90449 15.855
2455898.90918 15.833
2455898.9124 15.816
2455898.91561 15.797
2455898.91882 15.799
2455898.92204 15.8
2455898.92527 15.795
2455898.92903 15.918
2455898.93225 15.933
2455898.93546 15.887
2455898.93867 15.887
2455898.9451 15.911
2455898.94889 15.928
2455898.9521 15.915
2455898.95532 15.857
2455898.95853 15.815
2455898.96175 15.802
