2455893.68801 15.849
2455893.69087 15.879
2455893.69374 15.861
2455893.69663 15.859
2455893.69949 15.884
2455893.70235 15.908
2455893.70576 15.861
2455893.70863 15.866
2455893.7115 15.85
2455893.71436 15.861
2455893.71723 15.883
2455893.72009 15.88
2455893.7235 15.84
2455893.72637 15.861
2455893.72925 15.822
2455893.73212 15.812
2455893.73499 15.827
2455893.73786 15.82
2455893.74176 15.887
2455893.74462 15.906
2455893.74749 15.932
2455893.75036 15.95
2455893.75323 15.896
2455893.75609 15.861
2455893.7595 15.868
2455893.76236 15.854
2455893.76523 15.834
2455893.7681 15.844
2455893.77097 15.862
2455893.77383 15.891
2455893.77724 15.83
2455893.78011 15.852
2455893.78298 15.82
2455893.78584 15.838
2455893.78871 15.79
2455893.79157 15.817
2455893.79548 15.806
2455893.79835 15.831
2455893.80122 15.859
2455893.80408 15.829
2455893.80696 15.841
2455893.80983 15.846
2455893.81323 15.85
2455893.8161 15.837
2455893.81897 15.867
2455893.82183 15.853
2455893.8247 15.897
2455893.82757 15.827
2455893.83098 15.817
2455893.83384 15.81
2455893.83671 15.806
2455893.83957 15.818
2455893.84245 15.862
2455893.84531 15.834
2455893.84966 15.907
2455893.85253 15.88
2455893.85539 15.875
2455893.85825 15.857
2455893.86113 15.84
2455893.864 15.852
2455893.86741 15.872
2455893.87027 15.915
2455893.88802 15.884
2455893.89089 15.803
2455893.89375 15.831
2455893.89663 15.844
2455893.89949 15.813
2455893.90353 15.893
2455893.90639 15.892
2455893.90926 15.811
2455893.91213 15.842
2455893.91499 15.85
2455893.91786 15.897
2455893.92126 15.877
2455893.92412 15.845
2455893.927 15.813
2455893.92986 15.766
2455893.93273 15.812
