2453914.85115 1.344
2453914.85817 1.327
2453914.86518 1.278
2453914.87223 1.289
2453914.87925 1.341
2453914.88627 1.355
2453914.89329 1.328
2453914.9003 1.31
2453914.90732 1.298
2453914.91435 1.293
2453914.92137 1.316
2453914.92839 1.347
2453914.93544 1.357
2453914.94246 1.317
2453914.9495 1.331
2453914.95653 1.297
2453914.96354 1.283
2453914.97056 1.26
2453914.97758 1.294
2453914.98461 1.303
2453914.99274 1.278
2453914.99977 1.267
2453915.01527 1.284
2453915.0223 1.309
2453915.02932 1.357
2453915.03634 1.357
2453915.04336 1.347
2453915.05038 1.343
2453915.0574 1.309
2453915.06442 1.296
2453915.07144 1.305
2453915.07845 1.312
2453915.08547 1.327
2453915.09249 1.323
2453915.09951 1.33
2453915.10654 1.323
2453915.11358 1.317
2453915.1206 1.365
2453915.12762 1.379
2453915.13464 1.407
2453915.14169 1.358
2453915.14871 1.372
2453915.15573 1.394
2453915.16275 1.3
2453915.16977 1.363
2453915.17679 1.381
2453915.19083 1.371
2453915.19786 1.352
2453915.20488 1.353
