2454390.02082 0.507
2454390.02439 0.496
2454390.0377 0.4
2454390.0415 0.431
2454390.04551 0.494
2454390.04935 0.5
2454390.0532 0.499
2454390.06869 0.449
2454390.07252 0.447
2454390.07653 0.429
2454390.08054 0.434
2454390.08442 0.478
2454390.08826 0.422
2454390.09217 0.412
2454390.09601 0.426
2454390.10018 0.453
2454390.10404 0.425
2454390.12323 0.494
2454390.12696 0.46
2454390.13065 0.434
2454390.13445 0.421
2454390.13817 0.432
2454390.14187 0.46
2454390.14565 0.513
2454390.14934 0.537
2454390.15304 0.514
2454390.15677 0.503
2454390.1606 0.491
2454390.16434 0.461
2454390.16808 0.45
2454390.17181 0.481
2454390.17551 0.455
2454390.18301 0.47
2454390.18674 0.463
2454390.19075 0.463
2454390.19454 0.462
2454390.19831 0.469
2454390.202 0.441
2454390.20573 0.454
2454390.20948 0.481
2454390.21333 0.521
2454390.21708 0.552
2454390.22082 0.557
2454390.22452 0.492
2454390.22826 0.462
2454390.232 0.453
2454390.23575 0.423
2454390.23951 0.433
2454390.24334 0.483
2454390.24706 0.495
2454390.25074 0.524
2454390.25458 0.554
