2454376.05295 1.051
2454376.05652 1.08
2454376.06007 1.069
2454376.06363 1.159
2454376.06718 1.117
2454376.07073 1.128
2454376.07428 1.09
2454376.07783 1.026
2454376.09914 1.04
2454376.10269 1.029
2454376.10625 1.049
2454376.10979 1.045
2454376.12252 1.024
2454376.12607 1.076
2454376.12962 1.082
2454376.13317 1.115
2454376.13672 1.086
2454376.15995 1.029
2454376.16361 1.074
2454376.16746 1.085
2454376.17112 1.073
2454376.1767 1.056
2454376.18038 1.032
2454376.18411 1.03
2454376.18777 1.002
2454376.19147 1.0
2454376.19512 1.009
2454376.19878 1.054
2454376.20247 1.039
2454376.20618 1.042
2454376.20984 1.027
2454376.21363 1.022
2454376.21737 1.017
2454376.22102 1.01
2454376.22467 1.012
2454376.22837 1.07
2454376.23203 1.124
2454376.23568 1.102
2454376.23935 1.068
2454376.243 1.047
2454376.24674 0.993
2454376.25048 1.006
2454376.25414 1.025
2454376.25787 1.032
2454376.26153 1.084
2454376.26518 1.084
2454376.2715 1.092
2454376.27516 1.077
2454376.27882 1.086
