2453913.85081 1.016
2453913.85784 0.938
2453913.86487 0.931
2453913.87189 1.015
2453913.87891 0.995
2453913.88595 0.94
2453913.89297 1.028
2453913.89999 1.013
2453913.90702 1.009
2453913.91404 1.005
2453913.92108 1.071
2453913.9281 1.097
2453913.93513 1.061
2453913.94217 1.065
2453913.94917 1.043
2453914.01382 0.981
2453914.02083 1.022
2453914.03669 1.049
2453914.04373 1.031
2453914.05074 1.044
2453914.05776 0.962
2453914.06478 0.992
2453914.07177 0.995
2453914.07877 1.067
2453914.08578 0.997
2453914.09277 0.912
2453914.09977 0.972
2453914.10677 1.061
2453914.11377 1.009
2453914.12077 1.027
2453914.12777 1.082
2453914.13477 1.024
2453914.14177 1.042
2453914.14877 1.064
2453914.15577 1.0
2453914.16277 0.962
2453914.16977 1.006
