2453900.89544 0.695
2453900.899 0.768
2453900.90253 0.823
2453900.90605 0.704
2453900.90957 0.723
2453900.9131 0.716
2453900.91663 0.687
2453900.92016 0.707
2453900.92368 0.73
2453900.92721 0.704
2453900.93074 0.726
2453900.93426 0.733
2453900.93778 0.736
2453900.94131 0.751
2453900.94484 0.749
2453900.94837 0.754
2453900.95189 0.743
2453900.95541 0.731
2453900.95894 0.709
2453900.96246 0.721
2453900.96599 0.764
2453900.96952 0.766
2453900.97305 0.75
2453900.97657 0.696
2453900.9801 0.772
2453900.98363 0.702
2453900.98715 0.689
2453900.99068 0.739
2453900.9942 0.75
2453900.99773 0.766
2453901.00125 0.782
2453901.00478 0.81
2453901.00831 0.737
2453901.01183 0.659
2453901.01889 0.713
2453901.02241 0.701
2453901.02594 0.749
2453901.02947 0.676
2453901.03299 0.685
2453901.03652 0.744
2453901.04004 0.7
2453901.04357 0.699
2453901.04682 0.796
2453901.06429 0.759
2453901.06782 0.772
2453901.07691 0.8
2453901.08045 0.669
2453901.08399 0.722
2453901.08754 0.733
2453901.09108 0.664
2453901.09464 0.677
2453901.0982 0.748
2453901.10174 0.74
2453901.10527 0.689
2453901.10881 0.649
