2455972.6104 15.594
2455972.61328 15.605
2455972.61615 15.632
2455972.61901 15.586
2455972.62188 15.596
2455972.62529 15.566
2455972.62816 15.568
2455972.63103 15.543
2455972.63389 15.514
2455972.63676 15.52
2455972.63962 15.539
2455972.64304 15.515
2455972.64591 15.506
2455972.64878 15.507
2455972.65164 15.515
2455972.65451 15.521
2455972.65738 15.506
2455972.66132 15.52
2455972.66419 15.559
2455972.66705 15.538
2455972.66993 15.584
2455972.67279 15.556
2455972.67566 15.57
2455972.67908 15.566
2455972.68195 15.549
2455972.68481 15.483
2455972.68767 15.51
2455972.69055 15.493
2455972.69341 15.496
2455972.69682 15.512
2455972.69969 15.458
2455972.70256 15.456
2455972.70542 15.466
2455972.70829 15.469
2455972.71115 15.467
2455972.7155 15.49
2455972.71836 15.518
2455972.72123 15.511
2455972.72409 15.538
2455972.72696 15.552
2455972.72983 15.587
2455972.73335 15.587
2455972.73622 15.588
2455972.73908 15.564
2455972.74195 15.531
2455972.74482 15.523
2455972.74768 15.506
2455972.7511 15.508
2455972.75397 15.516
2455972.75683 15.497
2455972.7597 15.491
2455972.76258 15.488
2455972.76545 15.479
2455972.76939 15.481
2455972.77225 15.493
2455972.77512 15.486
2455972.77799 15.502
2455972.78086 15.51
2455972.78372 15.523
2455972.78713 15.521
2455972.78999 15.543
2455972.79286 15.548
2455972.79573 15.558
2455972.7986 15.532
2455972.80147 15.508
2455972.80502 15.509
2455972.80789 15.513
2455972.81076 15.517
2455972.81362 15.505
2455972.81649 15.509
2455972.81936 15.495
2455972.82371 15.472
2455972.82659 15.46
2455972.82945 15.46
2455972.83232 15.479
2455972.83518 15.5
2455972.83805 15.52
2455972.84149 15.539
2455972.84436 15.556
2455972.84723 15.582
2455972.85009 15.598
2455972.85296 15.578
