2455944.78568 14.956
2455944.78855 14.967
2455944.79429 14.968
2455944.79715 14.995
2455944.80056 15.012
2455944.80343 15.015
2455944.8063 15.002
2455944.80916 14.971
2455944.81203 14.952
2455944.81544 14.954
2455944.81831 14.951
2455944.82118 14.959
2455944.82404 14.962
2455944.82691 14.934
2455944.83118 14.925
2455944.83405 14.917
2455944.83692 14.934
2455944.83978 14.936
2455944.84265 14.942
2455944.84606 14.94
2455944.84892 14.963
2455944.86666 15.003
2455944.86955 14.983
2455944.87241 14.98
2455944.87669 14.99
2455944.87956 15.001
2455944.88243 14.987
2455944.88529 14.968
2455944.88816 14.953
2455944.89163 14.936
2455944.8945 14.931
2455944.89737 14.934
2455944.90024 14.941
2455944.9031 14.956
2455944.90652 14.961
2455944.90939 14.978
2455944.91226 14.994
2455944.91513 15.021
2455944.91799 15.033
2455944.92192 15.018
2455944.92478 14.99
2455944.92765 14.979
2455944.93051 14.958
2455944.93339 14.966
2455944.93679 14.949
2455944.93967 14.96
2455944.94253 14.95
2455944.9454 14.932
2455944.94827 14.911
2455944.95167 14.909
2455944.95453 14.904
2455944.9574 14.913
2455944.96026 14.908
2455944.96313 14.925
2455944.96748 14.943
2455944.97034 14.971
2455944.97321 14.984
2455944.97607 15.019
2455944.97895 15.012
2455944.98236 14.983
2455944.98522 14.967
2455944.98809 14.958
2455944.99096 14.951
2455945.00584 14.902
2455945.00871 14.89
2455945.01265 14.898
2455945.01552 14.895
2455945.01838 14.916
2455945.02125 14.912
2455945.02412 14.932
