2455945.69774 14.912
2455945.70062 14.911
2455945.70349 14.875
2455945.70635 14.878
2455945.70922 14.85
2455945.73097 14.92
2455945.73383 14.96
2455945.73671 14.957
2455945.73957 14.946
2455945.74245 14.93
2455945.74532 14.888
2455945.74873 14.894
2455945.75159 14.882
2455945.75446 14.892
2455945.75732 14.897
2455945.76019 14.855
2455945.76306 14.854
2455945.76647 14.839
2455945.76933 14.835
2455945.7722 14.841
2455945.77509 14.841
2455945.77795 14.858
2455945.78082 14.871
2455945.78474 14.904
2455945.78761 14.918
2455945.79047 14.962
2455945.79333 14.957
2455945.7962 14.965
2455945.79906 14.96
2455945.80248 14.927
2455945.80534 14.909
2455945.80821 14.904
2455945.81108 14.9
2455945.81395 14.914
2455945.81681 14.903
2455945.82023 14.889
2455945.8231 14.87
2455945.82597 14.855
2455945.82884 14.851
2455945.83169 14.849
2455945.83456 14.875
2455945.83847 14.884
2455945.84134 14.874
2455945.84421 14.902
2455945.84707 14.925
2455945.84994 14.94
2455945.85281 14.957
2455945.85622 14.953
2455945.85908 14.938
2455945.86195 14.895
2455945.86482 14.904
2455945.86769 14.901
2455945.87055 14.915
2455945.87396 14.894
2455945.87682 14.895
2455945.87969 14.871
2455945.88256 14.852
2455945.88543 14.849
2455945.8883 14.839
2455945.89258 14.857
2455945.89545 14.862
2455945.89832 14.878
2455945.90119 14.882
2455945.90405 14.911
2455945.90692 14.922
2455945.91034 14.94
2455945.91321 14.961
2455945.91608 14.932
2455945.91894 14.927
2455945.92181 14.909
2455945.92468 14.895
2455945.92819 14.891
2455945.93106 14.892
2455945.93393 14.885
2455945.93679 14.868
2455945.93968 14.855
2455945.94255 14.841
2455945.94689 14.849
2455945.94976 14.854
2455945.95262 14.85
2455945.95549 14.876
2455945.95836 14.868
2455945.96123 14.875
2455945.96464 14.903
2455945.9675 14.921
2455945.97037 14.927
2455945.97324 14.928
2455945.9761 14.898
2455945.97897 14.879
2455945.98238 14.847
2455945.98525 14.861
2455945.98812 14.85
2455945.99099 14.866
2455945.99385 14.844
2455945.99672 14.82
2455946.00067 14.828
2455946.00355 14.842
2455946.00641 14.864
