2455955.66643 15.281
2455955.66929 15.306
2455955.67217 15.301
2455955.67503 15.273
2455955.67791 15.253
2455955.68077 15.229
2455955.68419 15.247
2455955.68705 15.236
2455955.68992 15.246
2455955.69278 15.263
2455955.69566 15.238
2455955.69852 15.24
2455955.70193 15.204
2455955.70479 15.229
2455955.70767 15.233
2455955.71054 15.228
2455955.7134 15.247
2455955.71627 15.239
2455955.72065 15.269
2455955.72351 15.278
2455955.72638 15.298
2455955.72927 15.306
2455955.73213 15.287
2455955.73499 15.294
2455955.73841 15.294
2455955.74127 15.298
2455955.74414 15.285
2455955.74701 15.305
2455955.74988 15.321
2455955.75274 15.303
2455955.75616 15.289
2455955.80705 15.586
2455955.81045 15.577
2455955.81332 15.559
2455955.81619 15.542
2455955.81905 15.557
2455955.82193 15.537
2455955.82479 15.539
2455955.82871 15.541
2455955.87567 15.206
2455955.87856 15.185
2455955.88293 15.165
2455955.8858 15.166
2455955.88867 15.176
2455955.89153 15.182
2455955.8944 15.197
2455955.89727 15.213
2455955.90068 15.255
2455955.90356 15.269
2455955.90642 15.278
2455955.90929 15.264
2455955.91216 15.247
2455955.91502 15.237
2455955.91843 15.206
2455955.9213 15.19
2455955.92416 15.186
