2456733.852447 +16.388
2456733.854718 +16.361
2456733.868325 +16.345
2456733.875871 +16.356
2456733.878146 +16.360
2456733.880413 +16.412
2456733.882689 +16.385
2456733.884957 +16.408
2456733.887225 +16.417
2456733.889490 +16.439
2456733.894034 +16.476
2456733.902520 +16.486
2456733.904786 +16.470
2456733.928100 +16.485
2456733.930368 +16.497
2456733.937170 +16.527
2456733.939444 +16.537
2456733.941713 +16.512
2456733.946253 +16.483
2456733.952154 +16.396
2456733.954423 +16.382
2456733.956688 +16.412
2456733.958959 +16.332
2456733.961225 +16.335
2456733.963489 +16.364
2456733.970308 +16.357
2456733.977733 +16.390
2456733.979998 +16.425
2456733.982264 +16.454
2456733.984534 +16.476
2456733.986798 +16.416
2456733.989056 +16.439
2456733.993597 +16.515
2456733.995875 +16.487
2456733.998145 +16.536
2456734.019946 +16.534
2456734.022213 +16.508
2456734.024475 +16.479
2456734.036437 +16.402
2456734.038708 +16.367
