2455272.66738 15.757
2455272.67122 15.768
2455272.67504 15.804
2455272.68503 15.819
2455272.68885 15.821
2455272.69266 15.791
2455272.69648 15.753
2455272.70029 15.731
2455272.70409 15.715
2455272.70787 15.713
2455272.71169 15.706
2455272.71549 15.728
2455272.71934 15.731
2455272.72486 15.736
2455272.72864 15.763
2455272.73248 15.824
2455272.73631 15.839
2455272.74013 15.845
2455272.74393 15.813
2455272.74771 15.761
2455272.75154 15.747
2455272.75539 15.726
2455272.76405 15.786
2455272.77173 15.842
2455272.77554 15.844
2455272.77937 15.817
2455272.78314 15.797
2455272.78695 15.774
2455272.7908 15.76
2455272.79461 15.742
2455272.79841 15.739
2455272.80327 15.721
2455272.80705 15.722
2455272.81089 15.721
2455272.8147 15.734
2455272.82232 15.779
2455272.82612 15.798
2455272.82996 15.833
2455272.83374 15.805
2455272.83758 15.794
2455272.84246 15.761
2455272.84627 15.743
2455272.85007 15.737
2455272.85387 15.756
2455272.85768 15.842
2455272.86148 15.866
2455272.86531 15.89
2455272.86913 15.877
2455272.87294 15.86
2455272.87675 15.842
2455272.9208 15.79
2455272.92457 15.823
2455272.92839 15.832
2455272.93219 15.768
2455272.93604 15.718
2455272.93986 15.721
2455272.94363 15.752
2455272.94745 15.756
2455272.95132 15.795
2455272.96 15.844
2455272.96378 15.86
2455272.96755 15.848
2455272.97136 15.827
2455272.97515 15.777
2455272.97896 15.74
2455272.98274 15.725
2455272.98651 15.713
2455272.99031 15.727
2455272.99409 15.725
2455272.99903 15.752
2455273.00285 15.762
