2454552.60129 1.587
2454552.60364 1.559
2454552.60598 1.574
2454552.60833 1.571
2454552.61068 1.572
2454552.61303 1.614
2454552.61537 1.622
2454552.61773 1.644
2454552.62007 1.667
2454552.62242 1.701
2454552.62477 1.649
2454552.62712 1.62
2454552.62947 1.645
2454552.63182 1.609
2454552.63652 1.581
2454552.64355 1.601
2454552.65016 1.731
2454552.65252 1.708
2454552.67921 1.603
2454552.68155 1.608
2454552.68386 1.62
2454552.68858 1.579
2454552.69095 1.605
2454552.69561 1.621
2454552.71803 1.688
2454552.72258 1.674
2454552.72485 1.622
2454552.7318 1.574
2454552.73647 1.576
2454552.73882 1.625
2454552.74118 1.694
2454552.74355 1.683
2454552.7459 1.714
2454552.74824 1.719
2454552.7506 1.727
2454552.76227 1.671
2454552.76465 1.652
2454552.78991 1.614
2454552.79219 1.597
2454552.79446 1.569
2454552.79673 1.587
2454552.80127 1.624
2454552.80582 1.709
2454552.80809 1.722
2454552.81037 1.723
2454552.81264 1.677
2454552.81491 1.703
2454552.82129 1.607
2454552.82364 1.552
2454552.82835 1.595
2454552.83071 1.612
2454552.83306 1.658
2454552.83776 1.713
2454552.8401 1.752
2454552.84246 1.736
2454552.84482 1.749
2454552.84719 1.715
2454552.84955 1.721
2454552.85192 1.684
2454552.85428 1.685
2454552.85662 1.619
2454552.87179 1.587
2454552.87414 1.589
2454552.87649 1.574
2454552.87883 1.606
2454552.88118 1.624
2454552.88353 1.595
2454552.88588 1.625
2454552.88823 1.635
2454552.89058 1.643
2454552.89293 1.656
2454552.89528 1.636
2454552.89764 1.698
2454552.9 1.654
2454552.90236 1.695
2454552.90471 1.714
2454552.90706 1.676
2454552.9094 1.626
2454552.91176 1.588
2454552.91412 1.577
2454552.91647 1.569
2454552.92223 1.587
2454552.92458 1.617
2454552.92694 1.64
2454552.92929 1.694
2454552.93164 1.706
2454552.93398 1.762
2454552.93634 1.727
2454552.9387 1.743
2454552.94106 1.732
2454552.94342 1.745
2454552.94578 1.656
2454552.94814 1.725
2454552.95049 1.644
2454552.95284 1.614
2454552.95992 1.601
2454552.96228 1.554
2454552.96463 1.6
2454552.96698 1.563
2454552.97245 1.569
2454552.9748 1.597
2454552.97714 1.613
2454552.98186 1.605
2454552.9842 1.599
2454552.98657 1.612
2454552.99126 1.674
