2454560.6463 1.973
2454560.64865 1.991
2454560.65101 2.026
2454560.65337 2.071
2454560.65572 2.096
2454560.65807 2.082
2454560.66049 2.066
2454560.66284 2.057
2454560.66766 2.01
2454560.67003 1.978
2454560.67239 1.958
2454560.67709 1.934
2454560.67946 1.914
2454560.68184 1.891
2454560.68427 1.918
2454560.6867 1.932
2454560.68908 1.941
2454560.70073 1.964
2454560.70314 1.966
2454560.70556 1.977
2454560.70798 1.983
2454560.7104 1.974
2454560.71283 2.01
2454560.71527 2.043
2454560.71769 2.016
2454560.7201 1.978
2454560.72253 1.961
2454560.72496 1.958
2454560.72738 1.957
2454560.72972 1.956
2454560.7345 1.966
2454560.73693 1.995
2454560.7393 2.013
2454560.74174 2.053
2454560.74871 2.088
2454560.75109 2.08
2454560.75346 2.055
2454560.75583 2.068
2454560.75826 2.037
2454560.7606 2.002
2454560.76303 1.952
2454560.76545 1.916
2454560.76781 1.923
2454560.77023 1.931
2454560.77263 1.897
2454560.77497 1.909
2454560.77733 1.918
2454560.77973 1.905
2454560.78207 1.945
2454560.78443 1.954
2454560.78679 1.933
2454560.78915 1.954
2454560.79149 1.944
2454560.79391 1.959
2454560.80081 1.997
2454560.80316 2.01
2454560.80556 2.032
2454560.80791 2.023
2454560.81027 2.011
2454560.81268 2.02
2454560.81504 2.002
2454560.81739 1.976
2454560.81974 1.9
2454560.82209 1.922
2454560.82443 1.895
2454560.82685 1.974
2454560.82926 1.974
2454560.83161 1.972
2454560.83397 2.043
2454560.83633 2.058
2454560.83867 2.061
2454560.84107 2.099
2454560.84342 2.077
2454560.84578 2.068
2454560.85268 2.041
2454560.85502 1.986
2454560.85738 1.956
2454560.85973 1.935
2454560.86209 1.927
2454560.86449 1.908
2454560.86684 1.905
2454560.87154 1.913
2454560.87388 1.934
2454560.87622 1.979
2454560.87864 1.981
2454560.881 1.989
2454560.88572 2.045
2454560.88806 2.071
2454560.8904 2.087
2454560.89276 2.054
2454560.89512 2.101
2454560.89747 2.019
2454560.90522 1.979
2454560.90761 1.973
2454560.91002 1.966
2454560.91962 1.947
