2455276.63084 15.717
2455276.63469 15.736
2455276.63852 15.762
2455276.64239 15.826
2455276.64622 15.801
2455276.65006 15.761
2455276.65389 15.726
2455276.65775 15.689
2455276.66275 15.725
2455276.67044 15.771
2455276.67428 15.82
2455276.67811 15.833
2455276.68198 15.825
2455276.68581 15.817
2455276.68964 15.784
2455276.6935 15.764
2455276.69733 15.723
2455276.7061 15.677
2455276.71381 15.669
2455276.71767 15.664
2455276.7215 15.674
2455276.72536 15.679
2455276.72919 15.7
2455276.73301 15.758
2455276.73687 15.786
2455276.74173 15.853
2455276.74555 15.798
2455276.74943 15.745
2455276.75326 15.684
2455276.75709 15.673
2455276.76096 15.733
2455276.76479 15.778
2455276.76865 15.814
2455276.78131 15.811
2455276.78897 15.731
2455276.7928 15.698
2455276.79663 15.676
2455276.81196 15.697
2455276.82079 15.716
2455276.82461 15.739
2455276.82845 15.765
2455276.83232 15.828
2455276.83614 15.828
2455276.83998 15.774
2455276.84386 15.713
2455276.84768 15.686
2455276.85151 15.715
2455276.85534 15.765
2455276.86089 15.829
2455276.86472 15.831
2455276.86855 15.83
2455276.8724 15.787
2455276.87623 15.796
2455276.88006 15.741
2455276.88389 15.694
2455276.88772 15.7
2455276.89156 15.677
2455276.89539 15.661
2455276.90139 15.657
2455276.90522 15.696
2455276.90909 15.712
2455276.91291 15.703
2455276.91677 15.722
2455276.9206 15.764
2455276.92443 15.763
2455276.92826 15.751
2455276.93212 15.712
2455276.93597 15.711
2455276.94094 15.7
2455276.94477 15.736
2455276.94864 15.747
2455276.95247 15.801
2455276.95634 15.813
2455276.964 15.81
2455276.96783 15.825
2455276.97167 15.75
2455276.9755 15.689
2455276.99196 15.649
2455276.99582 15.654
2455276.99966 15.672
2455277.0035 15.702
