2455277.6268 15.782
2455277.63064 15.738
2455277.63451 15.738
2455277.63834 15.733
2455277.64218 15.702
2455277.64602 15.689
2455277.64986 15.68
2455277.6537 15.709
2455277.65863 15.77
2455277.66248 15.769
2455277.66631 15.806
2455277.67399 15.803
2455277.67782 15.814
2455277.68548 15.734
2455277.68935 15.756
2455277.69321 15.778
2455277.69815 15.865
2455277.70199 15.843
2455277.70585 15.883
2455277.70969 15.862
2455277.725 15.719
2455277.72886 15.701
2455277.73269 15.726
2455277.73816 15.748
2455277.74198 15.723
2455277.74583 15.747
2455277.75078 15.757
2455277.7546 15.757
2455277.75843 15.825
2455277.76227 15.836
2455277.7661 15.822
2455277.76993 15.8
2455277.77378 15.767
2455277.77761 15.733
2455277.78144 15.735
2455277.78528 15.773
2455277.79018 15.845
2455277.79401 15.863
2455277.79786 15.841
2455277.8017 15.848
2455277.80554 15.837
2455277.80937 15.791
2455277.81321 15.7
2455277.81704 15.751
2455277.82087 15.691
2455277.8247 15.678
2455277.82961 15.711
2455277.83343 15.721
2455277.83726 15.743
2455277.84109 15.74
2455277.84496 15.768
2455277.84879 15.792
2455277.85263 15.847
2455277.85646 15.866
2455277.86029 15.82
2455277.86413 15.746
2455277.87289 15.774
2455277.87671 15.819
2455277.88438 15.868
2455277.8882 15.834
2455277.89202 15.844
