2454551.76147 1.147
2454551.76386 1.162
2454551.76623 1.163
2454551.7686 1.176
2454551.77099 1.178
2454551.77336 1.195
2454551.77575 1.187
2454551.77813 1.215
2454551.78288 1.248
2454551.78526 1.246
2454551.79001 1.222
2454551.79238 1.213
2454551.79476 1.176
2454551.79714 1.168
2454551.79952 1.162
2454551.8019 1.164
2454551.80427 1.171
2454551.80665 1.172
2454551.81318 1.278
2454551.81555 1.297
2454551.81793 1.293
2454551.82031 1.292
2454551.82269 1.293
2454551.82507 1.314
2454551.82745 1.28
2454551.82982 1.297
2454551.8322 1.285
2454551.83458 1.228
2454551.83696 1.199
2454551.83934 1.193
2454551.84171 1.16
2454551.84408 1.142
2454551.84647 1.129
2454551.84884 1.142
2454551.85122 1.156
2454551.85359 1.141
2454551.85596 1.175
2454551.85834 1.183
2454551.86484 1.173
2454551.86723 1.175
2454551.87437 1.256
2454551.87676 1.237
2454551.87914 1.264
2454551.88152 1.244
2454551.8839 1.243
2454551.88628 1.222
2454551.88866 1.215
2454551.89103 1.163
2454551.89341 1.164
2454551.89578 1.151
2454551.89817 1.181
2454551.90055 1.198
2454551.90294 1.196
2454551.90533 1.267
2454551.9077 1.291
2454551.91008 1.282
2454551.9165 1.281
2454551.91888 1.298
2454551.92127 1.285
2454551.92365 1.305
2454551.92604 1.25
2454551.92843 1.226
2454551.9308 1.198
2454551.93319 1.187
2454551.93556 1.176
2454551.94032 1.129
2454551.9427 1.164
2454551.94507 1.136
2454551.94746 1.146
2454551.94985 1.163
2454551.95223 1.174
2454551.95461 1.174
2454551.957 1.204
2454551.95938 1.165
2454551.97024 1.244
2454551.97262 1.261
2454551.97501 1.237
2454551.97739 1.228
2454551.97979 1.221
2454551.98216 1.192
2454551.98455 1.141
2454551.98694 1.178
2454551.98933 1.168
2454551.9917 1.168
2454551.99408 1.226
2454551.99646 1.269
