2455273.6477 15.672
2455273.65151 15.722
2455273.66673 15.791
2455273.69825 15.814
2455273.70208 15.828
2455273.72215 15.737
2455273.72597 15.734
2455273.72977 15.727
2455273.73359 15.685
2455273.7374 15.677
2455273.74122 15.709
2455273.745 15.718
2455273.74993 15.74
2455273.75375 15.734
2455273.75758 15.773
2455273.76139 15.79
2455273.76518 15.804
2455273.79672 15.846
2455273.8005 15.802
2455273.80431 15.818
2455273.8081 15.751
2455273.83205 15.656
2455273.83586 15.69
2455273.83964 15.708
2455273.84341 15.707
2455273.84722 15.777
2455273.85104 15.833
2455273.85861 15.835
2455273.86239 15.752
2455273.86724 15.716
2455273.87101 15.729
2455273.87862 15.762
2455273.88242 15.762
2455273.89766 15.802
2455273.90144 15.785
2455273.91459 15.729
2455273.91838 15.702
2455273.92216 15.698
2455273.92594 15.672
2455273.92975 15.676
2455273.93353 15.738
2455273.93731 15.742
2455273.94115 15.73
2455273.95742 15.717
2455273.9612 15.693
2455273.96504 15.734
2455273.96885 15.739
2455273.97268 15.752
2455273.9765 15.786
2455273.98516 15.811
2455273.98898 15.781
2455273.99276 15.778
2455273.99657 15.749
