2456732.817197 +16.552
2456732.819410 +16.502
2456732.821625 +16.523
2456732.826066 +16.501
2456732.828285 +16.443
2456732.832727 +16.422
2456732.834943 +16.425
2456732.846599 +16.385
2456732.848830 +16.388
2456732.853260 +16.379
2456732.855480 +16.415
2456732.857699 +16.407
2456732.859915 +16.387
2456732.862129 +16.369
2456732.887964 +16.458
2456732.892950 +16.419
2456732.897381 +16.383
2456732.899614 +16.355
2456732.901827 +16.340
2456732.904041 +16.367
2456732.906259 +16.433
2456732.908483 +16.433
2456732.910698 +16.462
2456732.912917 +16.474
2456732.918926 +16.546
2456732.921141 +16.530
2456732.923357 +16.482
2456732.925580 +16.480
2456732.927798 +16.404
2456732.930015 +16.415
2456732.932231 +16.379
2456732.934455 +16.364
2456732.936670 +16.363
2456732.938889 +16.373
2456732.946486 +16.332
2456732.948703 +16.331
2456732.950923 +16.343
2456732.953140 +16.364
2456732.955355 +16.375
2456732.957572 +16.365
2456732.959792 +16.400
2456732.964227 +16.408
2456732.974398 +16.466
2456732.976630 +16.487
2456732.983295 +16.492
2456733.001703 +16.543
2456733.003920 +16.565
2456733.006136 +16.594
2456733.008354 +16.556
2456733.010573 +16.546
2456733.012790 +16.489
2456733.015005 +16.474
2456733.021442 +16.469
2456733.023665 +16.421
2456733.032538 +16.361
2456733.034762 +16.380
2456733.036976 +16.356
