2455163.62233 16.493
2455163.62531 16.614
2455163.6283 16.645
2455163.6313 16.724
2455163.63538 16.794
2455163.63839 16.811
2455163.64139 16.834
2455163.64437 16.832
2455163.64734 16.78
2455163.65033 16.76
2455163.66658 16.505
2455163.6696 16.504
2455163.67258 16.396
2455163.67557 16.378
2455163.67857 16.364
2455163.68156 16.347
2455163.68455 16.392
2455163.68754 16.309
2455163.71277 16.683
2455163.71577 16.735
2455163.72177 16.808
2455163.74083 16.566
2455163.74382 16.569
2455163.74681 16.478
2455163.74981 16.434
2455163.75279 16.413
2455163.75578 16.343
2455163.75989 16.308
2455163.76287 16.329
2455163.76884 16.372
2455163.77183 16.37
2455163.77481 16.425
2455163.7778 16.465
2455163.78079 16.576
2455163.78378 16.645
2455163.78676 16.738
2455163.79087 16.742
2455163.80281 16.713
2455163.80583 16.737
2455163.80884 16.721
2455163.81183 16.676
2455163.81481 16.605
2455163.8178 16.628
2455163.82192 16.513
2455163.82792 16.39
2455163.8309 16.393
2455163.83388 16.339
2455163.83686 16.36
2455163.84283 16.298
2455163.84882 16.408
2455163.85289 16.386
2455163.85588 16.434
2455163.85887 16.529
2455163.86185 16.579
2455163.86484 16.61
2455163.86784 16.641
2455163.87082 16.675
2455163.87382 16.766
2455163.87682 16.815
2455163.87981 16.887
2455163.8869 16.898
2455163.89289 16.768
2455163.89587 16.726
2455163.89886 16.56
2455163.90185 16.528
2455163.90484 16.373
2455163.92381 16.357
2455163.92681 16.408
2455163.9298 16.458
2455163.93279 16.468
2455163.93578 16.551
2455163.93881 16.571
2455163.94181 16.719
2455163.94589 16.714
2455163.94889 16.751
2455163.95188 16.836
2455163.95487 16.829
2455163.95787 16.804
2455163.96085 16.788
2455163.97283 16.581
2455163.97715 16.574
2455163.98012 16.537
2455164.00105 16.297
2455164.00403 16.334
2455164.0084 16.359
2455164.01139 16.434
2455164.01437 16.475
2455164.01736 16.539
2455164.02037 16.547
2455164.02336 16.583
2455164.02935 16.672
