2455162.64329 16.593
2455162.64935 16.468
2455162.65236 16.446
2455162.65538 16.439
2455162.65842 16.434
2455162.66449 16.394
2455162.66755 16.408
2455162.67488 16.513
2455162.67793 16.544
2455162.68095 16.518
2455162.68398 16.584
2455162.69004 16.744
2455162.69307 16.796
2455162.69914 16.845
2455162.70216 16.853
2455162.70628 16.876
2455162.7093 16.822
2455162.71233 16.789
2455162.71535 16.738
2455162.71838 16.666
2455162.7214 16.638
2455162.72442 16.604
2455162.72744 16.567
2455162.73047 16.482
2455162.73352 16.427
2455162.73788 16.415
2455162.74091 16.396
2455162.74394 16.374
2455162.74695 16.435
2455162.77227 16.714
2455162.77529 16.847
2455162.79342 16.885
2455162.79644 16.818
2455162.8006 16.668
2455162.81272 16.47
2455162.81574 16.414
2455162.81875 16.396
2455162.83202 16.48
2455162.83505 16.49
2455162.83805 16.603
2455162.84109 16.666
2455162.84412 16.758
2455162.84716 16.748
2455162.8502 16.835
2455162.85322 16.847
2455162.85623 16.882
2455162.85925 16.834
2455162.86644 16.823
2455162.86946 16.854
2455162.8725 16.762
2455162.87552 16.743
2455162.88155 16.654
2455162.88457 16.604
2455162.88761 16.534
2455162.89062 16.508
2455162.89482 16.478
2455162.89784 16.429
2455162.90086 16.402
2455162.90386 16.389
2455162.9069 16.419
2455162.90993 16.443
2455162.91295 16.46
2455162.91597 16.543
2455162.919 16.548
2455162.92202 16.638
2455162.92618 16.669
2455162.9292 16.746
2455162.93221 16.806
2455162.93521 16.828
2455162.93824 16.927
2455162.94127 16.885
2455162.94429 16.927
2455162.94734 16.871
2455162.95036 16.834
2455162.9584 16.654
2455162.96143 16.565
2455162.96446 16.499
2455162.96749 16.474
2455162.97052 16.432
2455162.97355 16.433
2455162.97959 16.417
2455162.98259 16.425
2455162.98562 16.45
2455162.98999 16.469
2455162.993 16.503
2455162.99602 16.526
2455162.99905 16.669
2455163.00206 16.688
2455163.00509 16.821
2455163.01417 16.884
2455163.01719 16.841
