2454007.94367 -1.307
2454007.94721 -1.333
2454007.95073 -1.309
2454007.95426 -1.31
2454007.96131 -1.302
2454007.96483 -1.293
2454007.96836 -1.293
2454007.97188 -1.305
2454007.9754 -1.307
2454007.97892 -1.311
2454007.98245 -1.324
2454007.98597 -1.312
2454007.98949 -1.313
2454007.99301 -1.258
2454007.99654 -1.292
2454008.00006 -1.273
2454008.00359 -1.248
2454008.00711 -1.24
2454008.01064 -1.206
2454008.01416 -1.233
2454008.01769 -1.26
2454008.02121 -1.283
2454008.02473 -1.282
2454008.02825 -1.303
2454008.03178 -1.31
2454008.0353 -1.334
2454008.03883 -1.324
2454008.04236 -1.329
2454008.04588 -1.324
2454008.04941 -1.303
2454008.05293 -1.313
2454008.05645 -1.31
2454008.05998 -1.31
2454008.0635 -1.302
2454008.06702 -1.292
2454008.07055 -1.282
2454008.07407 -1.305
2454008.07759 -1.313
2454008.08112 -1.319
2454008.08464 -1.341
2454008.08817 -1.324
2454008.09169 -1.316
2454008.09522 -1.309
2454008.09874 -1.3
2454008.10227 -1.284
2454008.10579 -1.271
2454008.10931 -1.237
2454008.11284 -1.269
2454008.11636 -1.265
2454008.1366 -1.331
2454008.14013 -1.339
2454008.14364 -1.344
2454008.14716 -1.335
2454008.15068 -1.312
2454008.15421 -1.347
2454008.15773 -1.329
2454008.16125 -1.303
2454008.16478 -1.303
2454008.1683 -1.291
2454008.17182 -1.286
2454008.17535 -1.306
2454008.17887 -1.318
2454008.18239 -1.329
2454008.18592 -1.342
2454008.18944 -1.32
