2454009.93022 -0.488
2454009.93377 -0.522
2454009.9373 -0.54
2454009.94082 -0.519
2454009.94435 -0.544
2454009.94787 -0.533
2454009.95139 -0.571
2454009.95492 -0.589
2454009.95845 -0.593
2454009.96198 -0.601
2454009.96551 -0.577
2454009.96903 -0.569
2454009.97256 -0.571
2454009.97609 -0.591
2454009.97963 -0.564
2454009.98315 -0.562
2454009.9902 -0.548
2454009.99372 -0.562
2454009.99725 -0.54
2454010.00077 -0.568
2454010.0043 -0.579
2454010.00783 -0.571
2454010.01136 -0.588
2454010.01489 -0.559
2454010.01841 -0.539
2454010.02194 -0.549
2454010.02546 -0.514
2454010.02899 -0.517
2454010.03252 -0.497
2454010.03605 -0.503
2454010.03957 -0.526
2454010.0431 -0.529
2454010.04663 -0.528
2454010.05016 -0.608
2454010.05368 -0.592
2454010.05721 -0.589
2454010.06074 -0.591
2454010.06427 -0.575
2454010.07485 -0.588
2454010.07837 -0.593
2454010.0819 -0.59
2454010.08543 -0.572
2454010.08895 -0.558
2454010.09248 -0.575
2454010.09601 -0.582
2454010.09954 -0.585
2454010.10307 -0.604
2454010.10687 -0.601
2454010.1104 -0.61
2454010.11393 -0.592
2454010.13279 -0.506
2454010.13634 -0.532
2454010.13988 -0.502
2454010.14341 -0.54
2454010.14693 -0.54
2454010.15045 -0.565
2454010.154 -0.583
2454010.15752 -0.581
2454010.16105 -0.585
2454010.16457 -0.608
2454010.1681 -0.591
2454010.17162 -0.62
2454010.17515 -0.594
2454010.17867 -0.562
2454010.1822 -0.57
2454010.18573 -0.613
2454010.18926 -0.58
2454010.19278 -0.601
2454010.19631 -0.551
2454010.19984 -0.572
2454010.20336 -0.575
2454010.20689 -0.588
2454010.21042 -0.583
2454010.21395 -0.598
2454010.21747 -0.593
2454010.221 -0.569
2454010.22453 -0.535
2454010.22806 -0.533
2454010.23158 -0.539
2454010.23511 -0.508
2454010.23864 -0.53
2454010.24216 -0.545
