2453684.53477 2.166
2453684.53772 2.14
2453684.54678 2.046
2453684.54981 2.077
2453684.55285 2.028
2453684.55585 2.015
2453684.56491 2.017
2453684.56791 1.981
2453684.57095 1.962
2453684.57396 1.983
2453684.57699 2.006
2453684.58508 2.031
2453684.5881 2.017
2453684.59415 2.093
2453684.60018 2.107
2453684.60318 2.147
2453684.61222 2.125
2453684.61523 2.076
2453684.61824 2.093
2453684.62127 2.07
2453684.62427 2.091
2453684.62723 2.054
2453684.63457 2.047
2453684.63752 2.01
2453684.64048 1.982
2453684.64343 1.989
2453684.64647 2.007
2453684.64949 2.007
2453684.65251 2.034
2453684.65553 2.048
2453684.69053 2.051
2453684.69356 2.015
2453684.69657 2.047
2453684.69958 2.006
2453684.70259 2.02
2453684.7056 2.008
2453684.70862 2.004
2453684.73475 2.102
2453684.73776 2.099
2453684.74076 2.124
2453684.74376 2.12
2453684.75581 2.099
2453684.76183 2.092
2453684.76787 2.069
2453684.77388 2.078
2453684.77688 2.089
2453684.78486 2.072
2453684.78789 2.077
2453684.80596 2.056
2453684.80897 2.061
2453684.82704 2.051
2453684.85315 2.042
2453684.85614 2.057
2453684.85916 2.067
2453684.86216 2.04
2453684.86517 2.059
