2453680.54144 2.131
2453680.54409 2.132
2453680.5467 2.148
2453680.54931 2.174
2453680.55198 2.17
2453680.55462 2.151
2453680.55728 2.193
2453680.55994 2.183
2453680.56262 2.197
2453680.56528 2.231
2453680.56795 2.217
2453680.59435 2.185
2453680.59965 2.172
2453680.6023 2.177
2453680.60495 2.133
2453680.61296 2.095
2453680.61562 2.1
2453680.67819 2.14
2453680.68085 2.164
2453680.68619 2.162
2453680.68885 2.16
2453680.69154 2.177
2453680.6942 2.22
2453680.69686 2.237
2453680.69953 2.261
2453680.7022 2.284
2453680.70486 2.319
2453680.71817 2.291
2453680.72082 2.27
2453680.72347 2.258
2453680.72613 2.265
2453680.73142 2.208
2453680.73407 2.206
2453680.73675 2.17
2453680.7394 2.122
2453680.74206 2.127
2453680.74737 2.159
2453680.75016 2.223
2453680.75281 2.203
2453680.75995 2.23
2453680.76261 2.275
2453680.76529 2.29
2453680.77325 2.298
2453680.77591 2.274
2453680.78124 2.25
2453680.78656 2.253
2453680.79452 2.181
2453680.79719 2.131
2453680.80629 2.126
2453680.80895 2.118
2453680.81162 2.125
2453680.81953 2.143
2453680.82477 2.14
2453680.82743 2.174
2453680.83008 2.148
2453680.83273 2.195
2453680.84777 2.218
2453680.85042 2.258
2453680.85306 2.231
2453680.85573 2.211
2453680.85838 2.251
2453680.86097 2.243
2453680.86357 2.172
2453680.86624 2.163
2453680.86889 2.168
2453680.87154 2.139
2453680.8742 2.165
