2454882.6321 1.07
2454882.63513 1.074
2454882.63817 1.101
2454882.64427 1.105
2454882.66029 1.106
2454882.66334 1.091
2454882.66639 1.077
2454882.66942 1.089
2454882.67248 1.07
2454882.67552 1.065
2454882.67856 1.053
2454882.6877 1.048
2454882.69458 1.072
2454882.69763 1.065
2454882.70068 1.054
2454882.70373 1.056
2454882.70678 1.086
2454882.70983 1.095
2454882.71287 1.095
2454882.71591 1.116
2454882.74922 1.03
2454882.75227 1.021
2454882.7553 1.029
2454882.75834 1.04
2454882.76139 1.036
2454882.76444 1.063
2454882.76748 1.067
2454882.77052 1.103
2454882.77356 1.105
2454882.79263 1.103
2454882.79568 1.125
2454882.79873 1.13
2454882.80177 1.129
2454882.80482 1.131
2454882.80788 1.107
2454882.81091 1.091
2454882.81779 1.05
2454882.82693 1.05
2454882.82997 1.047
2454882.83301 1.068
2454882.83606 1.051
2454882.83911 1.069
2454882.84215 1.078
2454882.84519 1.058
2454882.85208 1.093
2454882.85513 1.084
2454882.85818 1.078
2454882.86122 1.039
2454882.8673 1.017
2454882.87036 1.023
2454882.8734 1.019
2454882.87645 1.024
2454882.8795 0.983
2454882.89 1.014
2454882.89304 1.033
2454882.89608 1.015
2454882.89912 1.03
2454882.90218 1.017
2454882.90522 1.048
2454882.9113 1.095
2454882.91435 1.09
2454882.92424 1.104
2454882.92729 1.101
2454882.93034 1.114
2454882.93339 1.145
2454882.93949 1.102
2454882.94253 1.136
2454882.94557 1.107
2454882.95913 1.044
2454882.96217 1.035
2454882.96826 1.055
2454882.97437 1.062
2454882.98047 1.084
2454882.99344 1.091
2454882.99648 1.064
2454883.00259 1.069
2454883.00565 1.052
2454883.01783 0.987
