2453676.54193 2.047
2453676.54493 2.043
2453676.54792 2.04
2453676.55092 1.947
2453676.5539 1.925
2453676.55689 1.903
2453676.55988 1.921
2453676.56286 1.901
2453676.56585 1.886
2453676.56883 1.872
2453676.58084 1.906
2453676.58382 1.892
2453676.59046 1.92
2453676.59643 2.009
2453676.59941 2.012
2453676.6024 2.015
2453676.6054 1.969
2453676.60838 1.987
2453676.61138 1.957
2453676.61439 1.875
2453676.62037 1.842
2453676.62336 1.806
2453676.62635 1.807
2453676.62933 1.808
2453676.6479 1.865
2453676.65089 1.918
2453676.65387 2.015
2453676.65686 2.089
2453676.65985 2.03
2453676.71406 1.871
2453676.72003 1.881
2453676.72604 1.869
2453676.72904 1.871
2453676.73564 1.951
2453676.74768 1.97
2453676.75066 1.991
2453676.75365 1.926
2453676.80808 1.95
2453676.81106 2.019
2453676.81404 1.988
2453676.81703 2.002
2453676.82002 2.024
2453676.823 1.982
2453676.82598 1.993
2453676.83248 1.907
2453676.83545 1.9
2453676.83844 1.906
2453676.8444 1.874
2453676.84739 1.886
2453676.85039 1.862
2453676.85339 1.867
2453676.85638 1.845
2453676.86234 1.834
2453676.86533 1.875
2453676.86834 1.882
2453676.87135 1.857
2453676.87436 1.917
