2453677.56589 2.84
2453677.57258 2.886
2453677.57592 2.924
2453677.58258 2.886
2453677.58593 2.856
2453677.59974 2.745
2453677.7008 2.831
2453677.70805 2.793
2453677.73485 2.751
2453677.74491 2.766
2453677.74827 2.89
2453677.75161 2.95
2453677.75497 2.978
2453677.76557 2.99
2453677.76892 3.086
2453677.77226 3.026
2453677.7823 3.116
2453677.78895 3.092
2453677.79562 3.055
2453677.79895 2.98
2453677.80227 2.975
2453677.8161 2.829
2453677.82942 2.775
2453677.83608 2.761
2453677.88706 2.795
2453677.89375 2.784
