2453668.55223 1.505
2453668.56226 1.495
2453668.56899 1.517
2453668.5757 1.524
2453668.57905 1.521
2453668.5824 1.534
2453668.58574 1.548
2453668.58903 1.563
2453668.59231 1.548
2453668.59559 1.593
2453668.60271 1.583
2453668.60608 1.598
2453668.60942 1.576
2453668.61276 1.602
2453668.6161 1.601
2453668.61944 1.541
2453668.62281 1.531
2453668.62615 1.539
2453668.62952 1.549
2453668.63956 1.553
2453668.64291 1.557
2453668.64959 1.566
2453668.65999 1.611
2453668.67005 1.68
2453668.67338 1.67
2453668.67672 1.704
2453668.68006 1.668
2453668.69013 1.642
2453668.69347 1.606
2453668.69682 1.603
2453668.70018 1.596
2453668.71055 1.599
2453668.71389 1.585
2453668.71724 1.602
2453668.744 1.623
2453668.74736 1.595
2453668.7507 1.607
2453668.75404 1.583
2453668.75738 1.557
2453668.76442 1.497
2453668.76779 1.507
2453668.77116 1.488
2453668.7745 1.503
2453668.77784 1.516
2453668.85999 1.532
2453668.86327 1.536
2453668.86993 1.529
2453668.87661 1.578
2453668.87995 1.583
2453668.88329 1.595
2453668.89317 1.6
2453668.89646 1.577
2453668.9031 1.582
2453668.90645 1.54
2453668.91349 1.546
