2453675.54978 1.122
2453675.55574 1.102
2453675.55875 1.14
2453675.56176 1.118
2453675.56475 1.134
2453675.57071 1.146
2453675.57371 1.126
2453675.5797 1.107
2453675.58272 1.096
2453675.58873 1.086
2453675.6262 1.067
2453675.6292 1.072
2453675.63221 1.088
2453675.63522 1.062
2453675.63823 1.061
2453675.64125 1.046
2453675.64845 1.03
2453675.65745 0.994
2453675.66046 0.982
2453675.66346 0.975
2453675.66647 0.985
2453675.66947 1.003
2453675.67248 1.014
2453675.67549 0.997
2453675.6785 1.007
2453675.6815 1.037
2453675.68452 1.023
2453675.68751 1.04
2453675.70008 1.084
2453675.70309 1.108
2453675.70608 1.101
2453675.70907 1.101
2453675.7663 1.089
2453675.76927 1.081
2453675.77528 1.049
2453675.77829 1.031
2453675.7813 1.033
2453675.78431 1.005
2453675.78731 1.031
2453675.79387 1.003
2453675.79687 1.012
2453675.80285 0.989
2453675.80584 0.996
2453675.80882 1.015
2453675.81181 1.01
2453675.81481 1.069
2453675.8178 1.048
2453675.82081 1.085
2453675.83276 1.137
2453675.8543 1.093
2453675.85731 1.062
2453675.8603 1.042
2453675.86331 1.036
2453675.86629 1.045
2453675.86927 1.047
2453675.87226 1.013
2453675.87823 1.036
2453675.88124 1.039
2453675.88422 1.031
2453675.89072 1.043
