2453669.55356 1.345
2453669.5569 1.384
2453669.56024 1.419
2453669.56359 1.451
2453669.56694 1.512
2453669.57029 1.47
2453669.57367 1.518
2453669.58372 1.49
2453669.58708 1.405
2453669.59042 1.431
2453669.59379 1.357
2453669.59715 1.36
2453669.60417 1.288
2453669.60751 1.291
2453669.61086 1.285
2453669.61421 1.294
2453669.61755 1.311
2453669.62089 1.322
2453669.62761 1.349
2453669.64434 1.369
2453669.64768 1.346
2453669.65103 1.363
2453669.65803 1.313
2453669.6614 1.303
2453669.6681 1.261
2453669.67819 1.266
2453669.68155 1.256
2453669.6849 1.256
2453669.69161 1.263
2453669.69497 1.283
2453669.69832 1.276
2453669.70165 1.305
2453669.70499 1.317
2453669.71204 1.352
2453669.71537 1.323
2453669.71874 1.301
2453669.72208 1.327
2453669.72876 1.383
2453669.7321 1.363
2453669.73877 1.326
2453669.7455 1.332
2453669.74883 1.305
2453669.75217 1.312
2453669.75551 1.323
2453669.75885 1.287
2453669.76594 1.301
2453669.7693 1.29
2453669.77601 1.292
2453669.78938 1.278
2453669.79273 1.28
2453669.79607 1.291
2453669.79943 1.3
2453669.80279 1.298
2453669.80947 1.323
2453669.82318 1.39
2453669.82651 1.365
2453669.82987 1.384
2453669.83655 1.364
2453669.83989 1.346
2453669.84324 1.372
2453669.8466 1.393
2453669.84994 1.43
2453669.85328 1.418
2453669.85663 1.419
2453669.85997 1.417
2453669.86331 1.358
2453669.86666 1.365
2453669.87369 1.285
2453669.87703 1.274
2453669.88037 1.248
2453669.88371 1.275
2453669.88706 1.218
2453669.89041 1.215
2453669.89375 1.21
2453669.89711 1.229
2453669.90047 1.234
2453669.90383 1.227
2453669.90717 1.222
2453669.91051 1.246
2453669.91385 1.256
2453669.91722 1.277
2453669.92057 1.298
