2453670.55559 2.022
2453670.55893 2.018
2453670.56227 2.001
2453670.56562 1.985
2453670.56898 2.0
2453670.57232 1.972
2453670.57568 1.978
2453670.5824 1.985
2453670.58573 1.974
2453670.58909 1.971
2453670.59246 1.948
2453670.59915 1.966
2453670.62628 1.976
2453670.62964 1.981
2453670.63301 1.978
2453670.63969 1.992
2453670.64303 1.989
2453670.64637 2.013
2453670.65305 2.007
2453670.67367 2.094
2453670.67701 2.093
2453670.68038 2.177
2453670.68372 2.162
2453670.68706 2.181
2453670.6904 2.21
2453670.69709 2.191
2453670.70043 2.176
2453670.70379 2.147
2453670.70713 2.152
2453670.74088 2.022
2453670.74758 2.014
2453670.75093 2.029
2453670.75429 2.025
2453670.75764 2.046
2453670.76098 2.001
2453670.77137 1.989
2453670.77806 1.985
2453670.78476 1.969
2453670.78813 1.96
2453670.79148 1.942
2453670.79482 1.952
2453670.8015 1.999
2453670.80486 1.99
2453670.8082 2.02
2453670.81155 1.988
2453670.81489 2.011
2453670.8454 2.063
2453670.84875 2.037
2453670.89259 2.009
2453670.89593 2.026
2453670.89928 1.987
2453670.90262 1.998
2453670.90596 1.971
2453670.9093 1.965
2453670.91267 1.942
2453670.91601 1.947
2453670.91935 1.962
