2453945.99523 0.244
2453945.99877 0.275
2453946.00719 0.32
2453946.01076 0.33
2453946.01432 0.287
2453946.01796 0.286
2453946.02151 0.275
2453946.03579 0.248
2453946.04291 0.25
2453946.04647 0.232
2453946.05002 0.241
2453946.05358 0.25
2453946.05712 0.278
2453946.06068 0.299
2453946.06426 0.322
2453946.0874 0.314
2453946.09094 0.288
2453946.0945 0.254
2453946.09805 0.233
2453946.10161 0.248
2453946.10516 0.233
2453946.10872 0.244
2453946.11227 0.252
2453946.11582 0.255
2453946.11938 0.286
2453946.12293 0.302
2453946.12648 0.288
2453946.13005 0.304
2453946.13359 0.283
2453946.13715 0.267
2453946.1407 0.279
2453946.14426 0.263
2453946.14781 0.256
2453946.15136 0.252
2453946.1549 0.236
2453946.15848 0.253
2453946.16204 0.262
2453946.16559 0.258
2453946.16915 0.273
2453946.17272 0.298
2453946.17627 0.296
2453946.17982 0.318
2453946.18337 0.316
2453946.18694 0.32
2453946.19052 0.336
2453946.19408 0.338
2453946.19762 0.335
2453946.20474 0.315
2453946.20829 0.272
2453946.21187 0.276
2453946.21543 0.248
2453946.21898 0.253
2453946.22253 0.26
2453946.22607 0.247
2453946.22962 0.271
2453946.23315 0.276
2453946.23671 0.286
2453946.24027 0.303
2453946.24385 0.294
2453946.24741 0.31
2453946.25096 0.309
2453946.25451 0.313
2453946.26163 0.295
