2453952.8717 2.728
2453952.87564 2.71
2453952.88024 2.692
2453952.88478 2.681
2453952.88966 2.659
2453952.89349 2.646
2453952.89934 2.644
2453952.9036 2.635
2453952.90926 2.77
2453952.91311 2.781
2453952.91858 2.803
2453952.9224 2.638
2453952.92726 2.573
2453952.9321 2.574
2453952.93716 2.588
2453952.94167 2.564
2453952.94663 2.576
2453952.95114 2.652
2453952.97226 2.567
2453952.97718 2.558
2453952.99907 2.619
2453953.00292 2.615
2453953.02457 2.673
2453953.02845 2.619
2453953.05032 2.582
2453953.05496 2.592
2453953.07665 2.56
2453953.08054 2.554
2453953.10247 2.605
2453953.10636 2.615
2453953.12972 2.704
2453953.13437 2.646
2453953.15696 2.612
2453953.16083 2.652
2453953.18274 2.647
2453953.18664 2.643
2453953.20869 2.6
2453953.21363 2.623
