2455486.90922 0.025
2455486.91259 0.01
2455486.91611 0.01
2455486.91964 -0.003
2455486.94063 0.053
2455486.94416 0.045
2455486.94769 0.046
2455486.95121 0.075
2455486.95473 0.044
2455486.95826 0.041
2455486.96178 0.02
2455486.97234 0.025
2455486.97587 0.02
2455486.97939 0.057
2455486.98291 0.048
2455487.00053 0.07
2455487.00405 0.041
2455487.00759 0.069
2455487.01112 0.055
2455487.01464 0.049
2455487.01817 0.008
2455487.02169 0.02
2455487.02522 0.018
2455487.02875 -0.002
2455487.03227 -0.019
2455487.03579 0.012
2455487.03932 0.024
2455487.04285 0.033
2455487.04637 0.086
2455487.0499 0.077
2455487.05342 0.107
2455487.05695 0.072
2455487.08856 0.062
2455487.09209 0.081
2455487.09562 0.088
2455487.09914 0.091
2455487.10267 0.11
2455487.1062 0.13
2455487.10972 0.133
2455487.11325 0.083
2455487.11677 0.104
2455487.1203 0.126
2455487.12382 0.097
2455487.12735 0.068
2455487.13088 0.023
2455487.1344 0.043
2455487.13793 0.043
2455487.14146 -0.001
2455487.14498 0.004
2455487.14851 0.016
2455487.15203 0.038
