2453954.90005 -0.483
2453954.90394 -0.502
2453954.90749 -0.482
2453954.91103 -0.522
2453954.9146 -0.512
2453954.91815 -0.491
2453954.92172 -0.502
2453954.92525 -0.517
2453954.92881 -0.554
2453954.93235 -0.522
2453954.9359 -0.531
2453954.93944 -0.518
2453954.94296 -0.516
2453954.94649 -0.501
2453954.975 -0.504
2453954.98205 -0.481
2453954.98558 -0.536
2453954.9891 -0.54
2453954.99262 -0.563
2453954.99615 -0.56
2453954.99967 -0.558
2453955.0032 -0.551
2453955.00672 -0.533
2453955.01024 -0.529
2453955.01377 -0.472
2453955.01729 -0.504
2453955.02082 -0.495
2453955.02649 -0.541
2453955.03002 -0.53
2453955.03354 -0.531
2453955.04962 -0.543
2453955.05315 -0.53
2453955.05667 -0.516
2453955.06019 -0.503
2453955.06372 -0.477
2453955.06725 -0.481
2453955.07077 -0.464
2453955.0743 -0.461
2453955.07783 -0.434
2453955.08136 -0.445
2453955.08488 -0.449
2453955.09194 -0.46
2453955.09547 -0.479
2453955.09899 -0.471
2453955.10252 -0.548
2453955.10604 -0.57
2453955.10957 -0.544
2453955.11309 -0.535
2453955.11662 -0.53
2453955.12015 -0.516
2453955.12367 -0.513
2453955.1272 -0.462
2453955.13072 -0.454
2453955.13425 -0.494
2453955.13777 -0.466
2453955.1413 -0.529
2453955.14482 -0.499
2453955.14835 -0.507
2453955.15188 -0.518
2453955.15541 -0.498
2453955.15893 -0.506
2453955.16246 -0.494
2453955.16598 -0.458
2453955.16951 -0.538
2453955.17304 -0.481
2453955.17656 -0.485
2453955.18009 -0.455
2453955.18362 -0.455
