2453946.88231 -0.641
2453946.88584 -0.668
2453946.88937 -0.628
2453946.89292 -0.651
2453946.89645 -0.661
2453946.9 -0.712
2453946.90355 -0.723
2453946.90709 -0.736
2453946.91065 -0.757
2453946.9142 -0.744
2453946.91774 -0.754
2453946.92129 -0.753
2453946.92483 -0.722
2453946.92837 -0.685
2453946.93192 -0.67
2453946.93548 -0.7
2453946.93902 -0.717
2453946.94257 -0.723
2453946.94611 -0.713
2453946.94966 -0.704
2453946.9532 -0.705
2453946.95673 -0.732
2453946.96028 -0.741
2453946.96382 -0.735
2453946.96738 -0.724
2453946.97091 -0.729
2453946.97447 -0.704
2453946.97802 -0.724
2453946.98159 -0.698
2453946.98514 -0.677
2453946.9887 -0.678
2453946.99224 -0.671
2453946.99581 -0.686
2453946.99936 -0.691
2453947.00294 -0.666
2453947.00649 -0.649
2453947.01004 -0.651
2453947.01359 -0.695
2453947.01715 -0.756
2453947.02071 -0.761
2453947.02427 -0.753
2453947.02782 -0.76
2453947.03137 -0.743
2453947.03493 -0.751
2453947.03848 -0.757
2453947.04205 -0.736
2453947.04561 -0.694
2453947.04917 -0.701
2453947.05274 -0.697
2453947.05629 -0.71
2453947.06207 -0.725
2453947.06464 -0.745
2453947.0777 -0.747
2453947.08127 -0.718
2453947.08482 -0.725
2453947.08839 -0.711
2453947.09196 -0.68
2453947.09551 -0.681
2453947.09906 -0.668
2453947.10264 -0.639
2453947.1062 -0.629
2453947.10976 -0.625
2453947.11334 -0.628
2453947.1169 -0.64
2453947.12044 -0.613
2453947.124 -0.637
2453947.12756 -0.64
2453947.1311 -0.652
2453947.13464 -0.698
2453947.1382 -0.698
2453947.14176 -0.7
2453947.14531 -0.711
2453947.14886 -0.715
2453947.15241 -0.709
2453947.15597 -0.709
2453947.15951 -0.677
2453947.16306 -0.68
2453947.16661 -0.684
2453947.17016 -0.679
2453947.17372 -0.688
2453947.17727 -0.691
2453947.18437 -0.688
2453947.18792 -0.706
2453947.19147 -0.697
2453947.19502 -0.734
2453947.19857 -0.691
2453947.20213 -0.703
2453947.20568 -0.692
2453947.20923 -0.672
