2453965.89718 0.155
2453965.90166 0.159
2453965.90519 0.159
2453965.90871 0.173
2453965.91224 0.2
2453965.91577 0.195
2453965.91929 0.209
2453965.92282 0.219
2453965.92635 0.24
2453965.92988 0.272
2453965.9334 0.262
2453965.93693 0.269
2453965.94047 0.273
2453965.94399 0.286
2453965.94752 0.259
2453965.95104 0.226
2453965.95457 0.158
2453965.9581 0.141
2453965.96163 0.15
2453965.96516 0.166
2453965.96868 0.181
2453965.97221 0.205
2453965.97574 0.214
2453965.97927 0.207
2453965.98279 0.236
2453965.98633 0.22
2453965.98986 0.195
2453965.99339 0.252
2453965.99692 0.186
2453966.00045 0.184
2453966.00397 0.298
2453966.01658 0.195
2453966.02012 0.208
2453966.02366 0.221
2453966.0272 0.223
2453966.03074 0.246
2453966.0343 0.251
2453966.03784 0.26
2453966.0414 0.268
2453966.04495 0.32
2453966.04848 0.332
2453966.05204 0.313
2453966.05558 0.397
2453966.05913 0.352
2453966.06267 0.342
2453966.06623 0.267
2453966.06977 0.231
2453966.07334 0.206
2453966.07689 0.208
2453966.08045 0.219
2453966.08399 0.211
2453966.08755 0.232
2453966.09109 0.274
2453966.09465 0.279
2453966.0982 0.324
2453966.10175 0.281
2453966.10531 0.26
2453966.10885 0.246
2453966.1124 0.248
2453966.11596 0.258
2453966.11951 0.252
2453966.12307 0.215
2453966.12661 0.187
2453966.13017 0.143
2453966.13374 0.248
