2453981.8674 0.483
2453981.87092 0.473
2453981.87444 0.5
2453981.87797 0.476
2453981.8815 0.447
2453981.88502 0.391
2453981.88855 0.329
2453981.89207 0.349
2453981.8956 0.374
2453981.89912 0.345
2453981.90265 0.385
2453981.90617 0.376
2453981.9097 0.417
2453981.91322 0.447
2453981.91675 0.428
2453981.92028 0.446
2453981.9238 0.441
2453981.92733 0.397
2453981.93085 0.403
2453981.93438 0.455
2453981.9379 0.459
2453981.94143 0.436
2453981.94495 0.406
2453981.94848 0.391
2453981.952 0.359
2453981.95553 0.347
2453982.0201 0.362
2453982.02365 0.393
2453982.02719 0.438
2453982.03073 0.407
2453982.03427 0.417
2453982.03781 0.425
2453982.04135 0.379
2453982.04489 0.361
2453982.04843 0.387
2453982.05198 0.423
2453982.05552 0.385
2453982.05906 0.377
2453982.06262 0.368
2453982.06616 0.389
2453982.06971 0.386
2453982.07326 0.364
2453982.0768 0.381
2453982.08036 0.434
2453982.08391 0.486
2453982.08747 0.437
2453982.09101 0.456
2453982.09456 0.509
2453982.09812 0.505
2453982.10166 0.46
2453982.1052 0.448
2453982.10876 0.445
2453982.11232 0.374
2453982.11587 0.341
