2453967.84991 0.062
2453967.85346 0.051
2453967.857 0.053
2453967.86054 0.052
2453967.86408 0.066
2453967.86763 0.065
2453967.87118 0.085
2453967.87473 0.1
2453967.87828 0.105
2453967.88184 0.13
2453967.88539 0.124
2453967.88893 0.135
2453967.89248 0.168
2453967.89604 0.171
2453967.89959 0.172
2453967.90314 0.188
2453967.90668 0.161
2453967.91023 0.137
2453967.91378 0.114
2453967.91732 0.101
2453967.92087 0.07
2453967.92442 0.073
2453967.92797 0.065
2453967.93151 0.079
2453967.93863 0.098
2453967.94217 0.127
2453967.94572 0.109
2453967.94927 0.106
2453967.95282 0.078
2453967.95637 0.074
2453967.95992 0.064
2453967.96348 0.082
2453967.96703 0.084
2453967.97059 0.079
2453967.97414 0.054
2453967.97768 0.049
2453967.98124 0.038
2453967.98478 0.056
2453967.98832 0.076
2453967.99187 0.079
2453967.99542 0.089
2453968.01176 0.126
2453968.01531 0.155
2453968.01886 0.168
2453968.02239 0.169
2453968.02591 0.135
2453968.02944 0.083
2453968.03297 0.056
2453968.07272 0.07
2453968.07625 0.075
2453968.07978 0.083
2453968.0833 0.08
2453968.08683 0.061
2453968.09035 0.046
2453968.09389 0.036
