2455988.66489 15.537
2455988.66847 15.522
2455988.67204 15.508
2455988.6756 15.482
2455988.67916 15.485
2455988.68273 15.467
2455988.68629 15.494
2455988.68985 15.474
2455988.69395 15.455
2455988.6975 15.472
2455988.70107 15.493
2455988.70463 15.512
2455988.70819 15.521
2455988.71175 15.531
2455988.71532 15.509
2455988.71888 15.489
2455988.72297 15.496
2455988.72652 15.529
2455988.73009 15.502
2455988.73365 15.491
2455988.73721 15.476
2455988.74077 15.505
2455988.74434 15.487
2455988.74789 15.5
2455988.75295 15.537
2455988.75651 15.541
2455988.76008 15.566
2455988.76364 15.565
2455988.7672 15.545
2455988.77076 15.541
2455988.77432 15.534
2455988.77788 15.545
2455988.78198 15.518
2455988.78554 15.495
2455988.7891 15.503
2455988.79266 15.502
2455988.79623 15.469
2455988.79978 15.477
2455988.80335 15.46
2455988.80691 15.463
2455988.81101 15.45
2455988.81456 15.487
2455988.81813 15.497
2455988.82169 15.525
2455988.82525 15.518
2455988.82881 15.519
2455988.83237 15.514
2455988.83593 15.527
2455988.84095 15.512
2455988.84451 15.498
2455988.84807 15.497
2455988.85163 15.505
2455988.85519 15.481
2455988.85875 15.5
2455988.86232 15.501
2455988.86587 15.507
2455988.86997 15.541
2455988.87353 15.529
2455988.8771 15.528
2455988.88065 15.527
2455988.88422 15.525
2455988.88778 15.513
2455988.89134 15.503
2455988.8949 15.511
2455988.899 15.484
2455988.90256 15.47
2455988.90612 15.469
2455988.90968 15.442
2455988.91325 15.427
2455988.91681 15.421
2455988.92037 15.414
2455988.92393 15.425
2455988.92894 15.445
2455988.9325 15.467
2455988.93607 15.503
2455988.93962 15.506
2455988.94319 15.526
2455988.94674 15.526
2455988.95031 15.503
2455988.95387 15.495
2455988.95803 15.494
2455988.96159 15.511
2455988.96516 15.482
2455988.96872 15.49
2455988.97228 15.512
2455988.97585 15.529
