2453921.96756 2.501
2453921.97067 2.532
2453921.9831 2.485
2453921.98717 2.513
2453921.9997 2.532
2453922.00283 2.552
2453922.02638 2.604
2453922.04734 2.628
2453922.05047 2.604
2453922.0711 2.545
2453922.07428 2.51
2453922.09465 2.521
2453922.09844 2.522
2453922.11793 2.554
2453922.12204 2.565
2453922.14334 2.601
2453922.14645 2.554
2453922.16704 2.626
2453922.17014 2.626
2453922.182 2.627
2453922.18541 2.614
2453922.19811 2.555
2453922.20225 2.557
2453922.21922 2.632
2453922.26922 2.627
2453922.27232 2.64
2453922.28495 2.634
2453922.28811 2.661
