2453958.85142 0.386
2453958.85496 0.379
2453958.85849 0.374
2453958.86201 0.378
2453958.86553 0.398
2453958.86906 0.396
2453958.88669 0.412
2453958.89021 0.434
2453958.89373 0.441
2453958.89725 0.46
2453958.90078 0.459
2453958.9043 0.441
2453958.90783 0.422
2453958.91136 0.39
2453958.91488 0.388
2453958.91841 0.386
2453958.92194 0.386
2453958.92546 0.391
2453958.92899 0.392
2453958.93252 0.404
2453958.93604 0.423
2453958.93957 0.426
2453958.98046 0.396
2453958.98399 0.418
2453959.05881 0.441
2453959.06235 0.419
2453959.0659 0.407
2453959.06945 0.405
2453959.073 0.44
2453959.07655 0.412
2453959.08009 0.394
2453959.08364 0.386
2453959.08718 0.379
2453959.09071 0.37
2453959.10467 0.404
2453959.10821 0.403
2453959.11175 0.41
2453959.11531 0.434
2453959.11886 0.452
2453959.1224 0.46
2453959.12597 0.467
2453959.12953 0.446
2453959.13308 0.442
2453959.13661 0.425
2453959.14013 0.386
2453959.14366 0.386
2453959.14719 0.383
2453959.15071 0.374
2453959.15424 0.399
2453959.15777 0.396
2453959.16129 0.386
2453959.186 0.388
2453959.18954 0.421
2453959.19307 0.438
2453959.1966 0.473
2453959.20013 0.451
2453959.20367 0.439
2453959.2072 0.391
