2453944.92829 -0.066
2453944.93181 -0.13
2453944.93534 -0.145
2453944.93886 -0.157
2453944.94239 -0.167
2453944.94553 -0.134
2453944.94866 -0.189
2453944.95219 -0.18
2453944.95572 -0.18
2453944.95924 -0.175
2453944.96277 -0.17
2453944.9663 -0.141
2453944.96983 -0.121
2453944.97335 -0.129
2453944.97688 -0.136
2453944.9804 -0.152
2453944.98393 -0.146
2453944.98746 -0.151
2453944.99098 -0.153
2453944.99451 -0.175
2453944.99803 -0.19
2453945.00156 -0.192
2453945.00509 -0.183
2453945.00862 -0.169
2453945.01214 -0.152
2453945.01566 -0.142
2453945.01919 -0.122
2453945.02272 -0.099
2453945.02624 -0.073
2453945.03682 -0.074
2453945.04035 -0.084
2453945.04387 -0.082
2453945.0474 -0.089
2453945.05093 -0.107
2453945.05445 -0.14
2453945.05798 -0.162
2453945.06151 -0.178
2453945.06504 -0.176
2453945.06857 -0.182
2453945.07104 -0.19
2453945.07972 -0.153
2453945.08327 -0.13
2453945.0868 -0.128
2453945.09033 -0.131
2453945.09385 -0.135
2453945.09738 -0.154
2453945.1009 -0.159
2453945.10443 -0.164
2453945.10795 -0.172
2453945.11155 -0.192
2453945.11514 -0.188
2453945.11866 -0.187
2453945.12218 -0.18
2453945.1257 -0.156
2453945.12922 -0.162
2453945.14096 -0.128
2453945.1445 -0.101
2453945.14804 -0.115
2453945.15158 -0.112
2453945.15512 -0.111
2453945.15865 -0.13
2453945.16219 -0.141
2453945.16574 -0.143
2453945.16931 -0.167
2453945.17286 -0.168
2453945.17634 -0.174
2453945.17938 -0.184
2453945.18291 -0.182
2453945.18643 -0.177
2453945.18996 -0.185
2453945.19349 -0.156
2453945.19701 -0.139
2453945.20054 -0.131
2453945.20407 -0.126
2453945.20759 -0.142
2453945.21112 -0.152
2453945.21465 -0.147
2453945.21818 -0.149
2453945.22171 -0.143
2453945.22524 -0.166
2453945.22877 -0.188
2453945.2323 -0.184
2453945.23582 -0.177
2453945.23935 -0.169
2453945.24288 -0.157
2453945.24641 -0.141
2453945.24993 -0.128
2453945.25346 -0.117
2453945.257 -0.092
2453945.26052 -0.068
