2453966.88175 1.041
2453966.88528 1.042
2453966.88882 1.066
2453966.89236 1.09
2453966.8959 1.09
2453966.89943 1.11
2453966.90297 1.127
2453966.90651 1.115
2453966.91006 1.118
2453966.92385 1.063
2453966.92739 1.074
2453966.93093 1.041
2453966.93447 1.026
2453966.938 1.027
2453966.94154 1.017
2453966.94509 1.025
2453966.94863 1.051
2453966.95217 1.048
2453966.95571 1.06
2453966.95925 1.076
2453966.96279 1.087
2453966.96633 1.101
2453966.96986 1.121
2453966.97341 1.121
2453966.97695 1.124
2453966.98048 1.143
2453966.98402 1.121
2453966.98756 1.103
2453966.9911 1.133
2453967.01351 1.088
2453967.01707 1.096
2453967.02059 1.101
2453967.02412 1.088
2453967.02764 1.082
2453967.03117 1.053
2453967.0347 1.04
2453967.03822 1.067
2453967.04175 1.067
2453967.04528 1.06
2453967.0488 1.04
2453967.05233 1.044
2453967.05586 1.047
2453967.05939 1.043
2453967.06292 1.068
2453967.06645 1.071
2453967.06997 1.105
2453967.07897 1.101
2453967.0825 1.128
2453967.08602 1.141
2453967.08954 1.144
2453967.09307 1.161
2453967.09659 1.182
2453967.10012 1.157
2453967.10727 1.121
2453967.11079 1.055
2453967.11433 1.054
2453967.11785 1.078
2453967.12138 1.08
2453967.1249 1.084
2453967.12843 1.107
2453967.13196 1.119
2453967.13548 1.122
2453967.13901 1.143
2453967.14254 1.116
2453967.14606 1.108
2453967.14959 1.114
2453967.15312 1.108
2453967.15665 1.121
2453967.16018 1.123
2453967.16371 1.092
2453967.16724 1.088
2453967.17077 1.091
2453967.17429 1.074
2453967.17782 1.081
2453967.18135 1.106
2453967.18487 1.076
2453967.1884 1.086
2453967.19193 1.087
2453967.19546 1.114
2453967.19899 1.149
2453967.20252 1.16
2453967.20604 1.165
2453967.20957 1.184
2453967.2131 1.168
2453967.21663 1.148
2453967.22016 1.12
2453967.22368 1.115
2453967.22722 1.116
2453967.23075 1.098
