2453998.86709 1.35
2453998.87062 1.332
2453998.88957 1.434
2453998.90466 1.463
2453998.9082 1.482
2453998.91176 1.379
2453998.96211 1.523
2453998.96565 1.521
2453998.97272 1.481
2453998.97626 1.46
2453998.97979 1.417
2453998.98332 1.394
2453998.98686 1.399
2453998.9904 1.418
2453998.99393 1.425
2453998.99747 1.453
2453999.001 1.486
2453999.00454 1.49
2453999.00808 1.477
2453999.01162 1.457
2453999.01515 1.43
2453999.01869 1.422
2453999.02222 1.419
2453999.02576 1.464
2453999.02929 1.48
2453999.03283 1.433
2453999.03637 1.439
2453999.0399 1.45
2453999.04344 1.42
2453999.04697 1.44
2453999.0505 1.472
2453999.05404 1.45
2453999.05758 1.435
2453999.06111 1.429
2453999.06465 1.457
2453999.06818 1.501
2453999.07172 1.511
2453999.07525 1.515
2453999.07879 1.524
2453999.08233 1.546
2453999.08586 1.502
2453999.0894 1.491
2453999.09294 1.411
2453999.09647 1.445
2453999.10001 1.474
2453999.10354 1.472
2453999.10708 1.508
2453999.11061 1.53
2453999.11415 1.559
2453999.11769 1.582
2453999.12123 1.599
2453999.12476 1.561
2453999.1283 1.51
2453999.13184 1.484
2453999.13538 1.433
