2453963.88753 0.848
2453963.89108 0.848
2453963.89463 0.854
2453963.89817 0.876
2453963.90171 0.895
2453963.90527 0.889
2453963.9088 0.877
2453963.91235 0.87
2453963.91591 0.858
2453963.91947 0.864
2453963.923 0.866
2453963.92657 0.858
2453963.93012 0.848
2453963.93369 0.851
2453963.93725 0.858
2453963.95808 0.852
2453963.96161 0.873
2453963.96515 0.895
2453963.96869 0.92
2453963.97223 0.924
2453963.97577 0.925
2453963.97933 0.93
2453963.98287 0.911
2453963.98641 0.878
2453963.98994 0.848
2453963.99349 0.824
2453963.99704 0.827
2453964.00059 0.817
2453964.00416 0.831
2453964.00771 0.833
2453964.02396 0.814
2453964.02751 0.831
2453964.03107 0.848
2453964.03462 0.857
2453964.03819 0.878
2453964.04171 0.868
2453964.04524 0.828
2453964.04877 0.815
2453964.0523 0.838
2453964.05583 0.902
2453964.05936 0.931
2453964.06289 0.969
2453964.06642 0.946
2453964.06995 0.933
2453964.07347 0.932
2453964.077 0.914
2453964.08053 0.949
2453964.08405 0.94
2453964.08757 0.926
2453964.09163 0.917
2453964.09516 0.925
2453964.09869 0.924
2453964.10222 0.928
2453964.10574 0.886
2453964.10927 0.839
2453964.1128 0.799
2453964.11633 0.823
2453964.11985 0.879
2453964.12338 0.915
2453964.12691 0.933
2453964.13044 0.915
2453964.13397 0.908
2453964.1375 0.87
2453964.14102 0.879
2453964.14455 0.853
2453964.14807 0.9
2453964.1516 0.923
2453964.15513 0.967
2453964.15866 0.928
2453964.16219 0.898
2453964.16571 0.867
2453964.16924 0.843
2453964.17276 0.828
2453964.17629 0.817
2453964.17982 0.805
2453964.18335 0.805
2453964.18687 0.862
2453964.1904 0.93
2453964.19393 0.964
2453964.19746 0.937
2453964.20099 0.929
2453964.20452 0.928
2453964.20805 0.91
2453964.21158 0.933
