2453957.91535 0.453
2453957.91889 0.482
2453957.92245 0.473
2453957.926 0.462
2453957.92956 0.46
2453957.93311 0.427
2453957.93666 0.44
2453957.9402 0.45
2453957.94375 0.462
2453957.97217 0.51
2453957.97572 0.536
2453957.97927 0.524
2453957.98282 0.51
2453957.98638 0.459
2453957.98994 0.448
2453957.99349 0.448
2453957.99703 0.457
2453958.00059 0.448
2453958.00416 0.466
2453958.00771 0.469
2453958.01125 0.45
2453958.0148 0.457
2453958.01834 0.472
2453958.02189 0.459
2453958.02543 0.468
2453958.02804 0.461
2453958.04739 0.409
2453958.05094 0.403
2453958.05451 0.396
2453958.05806 0.423
2453958.0616 0.474
2453958.06517 0.48
2453958.06871 0.486
2453958.07226 0.516
2453958.0758 0.506
2453958.07935 0.534
2453958.0829 0.515
2453958.08645 0.512
2453958.09228 0.511
2453958.09583 0.508
2453958.09938 0.467
2453958.10293 0.431
2453958.10648 0.431
2453958.11002 0.425
2453958.11359 0.434
2453958.11715 0.422
2453958.12069 0.441
2453958.12424 0.435
2453958.12777 0.436
2453958.13132 0.443
2453958.13487 0.435
2453958.13843 0.457
2453958.14197 0.433
2453958.14552 0.452
2453958.14906 0.471
2453958.15261 0.471
2453958.1597 0.434
