2453994.87414 0.307
2453994.88122 0.263
2453994.88477 0.24
2453994.8883 0.244
2453994.89886 0.276
2453994.90239 0.309
2453994.90591 0.311
2453994.91296 0.289
2453994.91648 0.309
2453994.92 0.401
2453994.92353 0.411
2453994.93797 0.194
2453994.94149 0.2
2453994.945 0.216
2453994.94852 0.201
2453994.95205 0.291
2453994.95557 0.327
2453994.95909 0.332
2453994.96262 0.349
2453994.96614 0.345
2453994.96966 0.319
2453994.97319 0.316
2453994.97671 0.266
2453994.98023 0.298
2453994.98376 0.306
2453994.98728 0.278
2453994.9908 0.287
2453994.99432 0.262
2453994.99785 0.275
2453995.00137 0.271
2453995.0049 0.241
2453995.00843 0.284
2453995.01195 0.304
2453995.01548 0.282
2453995.019 0.29
2453995.02252 0.308
2453995.02605 0.337
2453995.02957 0.377
2453995.03309 0.401
2453995.03662 0.398
2453995.04014 0.401
2453995.04366 0.393
2453995.04719 0.309
2453995.05071 0.278
2453995.05423 0.256
2453995.05776 0.245
2453995.06128 0.238
2453995.0648 0.279
2453995.06832 0.332
2453995.07185 0.343
2453995.07537 0.382
2453995.0789 0.383
2453995.08242 0.347
2453995.08595 0.318
2453995.08947 0.3
2453995.093 0.241
2453995.09652 0.281
2453995.10004 0.286
2453995.10357 0.276
2453995.10709 0.267
2453995.11062 0.261
2453995.11618 0.264
2453995.1197 0.245
2453995.12322 0.264
