2453924.97575 3.138
2453924.97887 3.111
2453924.98318 3.142
2453924.98631 3.125
2453924.99114 3.149
2453924.9943 3.184
2453924.99812 3.161
2453925.00218 3.127
2453925.01451 3.062
2453925.01763 3.116
2453925.02979 3.112
2453925.03292 3.107
2453925.04518 3.193
2453925.0493 3.195
2453925.06157 3.244
2453925.06469 3.233
2453925.07688 3.173
2453925.08001 3.141
2453925.09305 3.157
2453925.09618 3.136
2453925.10827 3.164
2453925.11168 3.133
2453925.12394 3.151
2453925.1278 3.155
2453925.13986 3.134
2453925.14302 3.141
2453925.15534 3.181
2453925.1585 3.151
2453925.17096 3.193
2453925.17508 3.189
2453925.18716 3.164
2453925.19028 3.164
2453925.20266 3.131
2453925.20646 3.091
2453925.21863 3.133
2453925.22175 3.188
2453925.2341 3.149
2453925.23724 3.116
2453925.25384 3.081
2453925.26613 3.102
2453925.26927 3.126
2453925.28163 3.164
2453925.28569 3.201
2453925.298 3.218
2453925.30119 3.227
