2456156.64664 16.142
2456156.64963 16.126
2456156.65262 16.102
2456156.65561 16.069
2456156.66462 16.068
2456156.66761 16.068
2456156.67061 16.1
2456156.67359 16.107
2456156.70536 16.084
2456156.70836 16.066
2456156.71593 16.075
2456156.71892 16.092
2456156.72192 16.083
2456156.72492 16.106
2456156.7279 16.096
2456156.73089 16.116
2456156.73389 16.106
2456156.73688 16.122
2456156.73988 16.118
2456156.74288 16.136
2456156.75058 16.095
2456156.75358 16.112
2456156.75656 16.115
2456156.75956 16.115
2456156.76255 16.109
2456156.76554 16.147
2456156.76853 16.095
2456156.77151 16.132
2456156.77453 16.144
2456156.77753 16.146
2456156.79132 16.15
2456156.79431 16.141
2456156.82498 16.09
2456156.82798 16.096
2456156.83096 16.111
2456156.83395 16.115
2456156.8685 16.159
2456156.87149 16.173
2456156.8745 16.187
2456156.87749 16.19
2456156.88047 16.189
