2454355.59254 1.181
2454355.59979 1.18
2454355.60219 1.191
2454355.60457 1.218
2454355.60697 1.198
2454355.61184 1.215
2454355.62642 1.202
2454355.62881 1.183
2454355.63123 1.2
2454355.63604 1.21
2454355.64083 1.172
2454355.64564 1.199
2454355.64809 1.191
2454355.65051 1.176
2454355.65771 1.185
2454355.66011 1.17
2454355.66251 1.177
2454355.66492 1.17
2454355.66973 1.166
2454355.67455 1.152
2454355.67696 1.125
2454355.67935 1.122
2454355.68176 1.131
2454355.68415 1.153
2454355.68656 1.158
2454355.68897 1.166
2454355.69137 1.179
2454355.69378 1.179
2454355.73031 1.161
2454355.73271 1.18
2454355.73511 1.169
2454355.73752 1.184
2454355.73992 1.17
2454355.74234 1.167
2454355.74474 1.191
2454355.74714 1.183
2454355.74953 1.174
2454355.75193 1.163
2454355.75433 1.149
2454355.75673 1.129
2454355.75914 1.156
2454355.76155 1.135
2454355.76395 1.111
2454355.76633 1.133
2454355.76872 1.095
2454355.77114 1.065
2454355.77356 1.081
2454355.77596 1.081
2454355.77838 1.088
2454355.78078 1.099
2454355.78318 1.106
2454355.78559 1.113
2454355.78799 1.101
2454355.79039 1.131
2454355.7928 1.141
2454355.7952 1.15
2454355.7976 1.14
2454355.80241 1.184
2454355.80481 1.162
2454355.8072 1.153
2454355.80961 1.193
2454355.812 1.195
2454355.81441 1.187
2454355.81682 1.191
2454355.85046 1.203
2454355.85526 1.194
2454355.85767 1.171
2454355.86249 1.14
2454355.86495 1.126
2454355.86736 1.129
2454355.86976 1.119
2454355.87218 1.079
2454355.87459 1.073
2454355.877 1.058
2454355.8794 1.066
2454355.88186 1.074
