2457336.553664 +0.720
2457336.562121 +0.752
2457336.566348 +0.773
2457336.570576 +0.767
2457336.574804 +0.746
2457336.579031 +0.743
2457336.583259 +0.759
2457336.587486 +0.750
2457336.591714 +0.757
2457336.595941 +0.758
2457336.600168 +0.763
2457336.604396 +0.781
2457336.608623 +0.788
2457336.612850 +0.787
2457336.617078 +0.761
2457336.621306 +0.709
2457336.625533 +0.676
2457336.629760 +0.675
2457336.633988 +0.735
2457336.638216 +0.743
2457336.642443 +0.752
2457336.646672 +0.747
2457336.650899 +0.776
2457336.655126 +0.737
2457336.659354 +0.763
2457336.663583 +0.745
2457336.667810 +0.778
2457336.672037 +0.789
2457336.676265 +0.810
2457336.680492 +0.774
2457336.684720 +0.787
2457336.688948 +0.831
2457336.703488 +0.778
2457336.707715 +0.795
2457336.711943 +0.805
2457336.716170 +0.793
2457336.720398 +0.775
2457336.724626 +0.749
2457336.728854 +0.708
2457336.733082 +0.749
2457336.737310 +0.732
2457336.741538 +0.743
2457336.745765 +0.748
2457336.749993 +0.789
2457336.754221 +0.761
2457336.758449 +0.759
2457336.762676 +0.749
2457336.766905 +0.774
2457336.771132 +0.788
2457336.775360 +0.758
2457336.779588 +0.761
2457336.783816 +0.756
2457336.788043 +0.760
2457336.792271 +0.760
2457336.796500 +0.748
2457336.800728 +0.728
2457336.804956 +0.751
2457336.809184 +0.765
2457336.813412 +0.775
2457336.817640 +0.770
2457336.821869 +0.755
2457336.826097 +0.714
2457336.830324 +0.691
2457336.834552 +0.688
2457336.838781 +0.719
2457336.843009 +0.742
2457336.847237 +0.753
2457336.851464 +0.792
2457336.855692 +0.765
