2455532.69461 13.738
2455532.69691 13.749
2455532.69921 13.748
2455532.70152 13.749
2455532.70383 13.743
2455532.70614 13.744
2455532.70845 13.747
2455532.71076 13.746
2455532.72767 13.767
2455532.72998 13.756
2455532.73228 13.761
2455532.73459 13.753
2455532.7369 13.748
2455532.73919 13.755
2455532.7415 13.741
2455532.74379 13.743
2455532.74609 13.749
2455532.74839 13.735
2455532.7507 13.741
2455532.753 13.739
2455532.7576 13.751
2455532.76297 13.756
2455532.76528 13.762
2455532.76761 13.757
2455532.76991 13.765
2455532.77221 13.776
2455532.77451 13.78
2455532.7768 13.761
2455532.77909 13.751
2455532.78601 13.738
2455532.78831 13.742
2455532.79062 13.739
2455532.79525 13.734
2455532.80061 13.758
2455532.80293 13.746
2455532.80523 13.756
2455532.80753 13.754
2455532.80983 13.739
2455532.81214 13.749
2455532.81445 13.736
2455532.8283 13.759
2455532.83061 13.764
2455532.83292 13.759
2455532.8387 13.764
2455532.8433 13.752
2455532.84561 13.758
2455532.84792 13.736
2455532.85022 13.751
2455532.85483 13.741
2455532.85713 13.754
2455532.85944 13.748
2455532.86176 13.752
2455532.86406 13.744
2455532.86637 13.759
2455532.86867 13.769
2455532.87098 13.76
2455532.87863 13.778
2455532.88093 13.76
2455532.88324 13.75
2455532.88554 13.751
2455532.88785 13.751
2455532.9017 13.742
2455532.90403 13.747
2455532.90633 13.746
2455532.90862 13.744
2455532.91409 13.742
2455532.91639 13.752
2455532.92795 13.758
2455532.93026 13.766
2455532.93257 13.768
2455532.93488 13.764
2455532.93718 13.757
2455532.93949 13.763
2455532.9441 13.759
2455532.94641 13.748
2455532.95413 13.746
2455532.95644 13.736
2455532.95876 13.731
2455532.96107 13.754
2455532.96338 13.746
2455532.96801 13.755
