2456176.59608 16.223
2456176.59908 16.225
2456176.60207 16.23
2456176.60508 16.229
2456176.60807 16.244
2456176.61105 16.248
2456176.61405 16.26
2456176.62299 16.293
2456176.63338 16.318
2456176.63935 16.302
2456176.64233 16.29
2456176.64832 16.231
2456176.65131 16.214
2456176.65433 16.233
2456176.65731 16.243
2456176.7063 16.233
2456176.70928 16.239
2456176.71228 16.253
2456176.71829 16.271
2456176.72562 16.266
2456176.73458 16.247
2456176.74357 16.228
2456176.75255 16.181
2456176.76045 16.226
2456176.76342 16.247
2456176.76641 16.228
2456176.7694 16.245
2456176.7724 16.225
2456176.7754 16.247
2456176.77839 16.264
2456176.78139 16.254
2456176.78436 16.287
2456176.78735 16.311
2456176.7977 16.261
2456176.80969 16.215
2456176.81271 16.242
2456176.81571 16.261
2456176.8187 16.256
2456176.82168 16.269
2456176.83248 16.309
2456176.83547 16.277
2456176.83844 16.288
2456176.84143 16.283
2456176.84442 16.283
2456176.84742 16.25
2456176.8504 16.239
2456176.85339 16.223
2456176.85638 16.209
2456176.864 16.237
2456176.86698 16.23
2456176.86997 16.244
