2456179.60347 16.298
2456179.60647 16.327
2456179.60946 16.334
2456179.61245 16.357
2456179.6184 16.383
2456179.63036 16.379
2456179.6536 16.273
2456179.65658 16.301
2456179.65956 16.31
2456179.66254 16.305
2456179.66552 16.314
2456179.76771 16.303
2456179.77507 16.273
2456179.78105 16.285
2456179.78404 16.328
2456179.78703 16.359
2456179.79001 16.302
2456179.79298 16.309
2456179.79597 16.281
2456179.79894 16.287
2456179.80193 16.293
2456179.80867 16.289
2456179.81165 16.327
2456179.81464 16.284
2456179.81762 16.322
2456179.8206 16.334
2456179.82359 16.357
2456179.83256 16.34
2456179.83555 16.337
2456179.84339 16.351
2456179.84937 16.317
