2457327.598542 +0.469
2457327.605610 +0.470
2457327.609145 +0.495
2457327.612682 +0.540
2457327.616215 +0.524
2457327.619750 +0.535
2457327.623284 +0.534
2457327.626818 +0.543
2457327.630354 +0.525
2457327.633891 +0.460
2457327.637426 +0.452
2457327.640962 +0.452
2457327.644497 +0.439
2457327.648033 +0.467
2457327.651569 +0.480
2457327.655103 +0.512
2457327.658636 +0.536
2457327.662170 +0.531
2457327.665703 +0.506
2457327.669238 +0.498
2457327.672772 +0.509
2457327.748927 +0.472
2457327.755996 +0.471
2457327.759530 +0.489
2457327.763064 +0.485
2457327.766598 +0.491
2457327.770132 +0.497
2457327.773665 +0.488
2457327.777199 +0.506
2457327.780732 +0.514
2457327.784265 +0.515
2457327.787798 +0.526
2457327.791332 +0.494
2457327.794865 +0.471
2457327.798398 +0.474
2457327.801932 +0.469
2457327.805465 +0.487
2457327.826671 +0.527
2457327.830207 +0.532
2457327.833743 +0.539
2457327.837277 +0.507
2457327.840812 +0.495
2457327.844346 +0.479
2457327.847880 +0.473
2457327.851414 +0.483
2457327.854948 +0.517
2457327.858483 +0.508
2457327.862017 +0.513
2457327.865553 +0.519
