2455526.59995 13.615
2455526.60226 13.624
2455526.60456 13.625
2455526.60687 13.625
2455526.60918 13.622
2455526.6115 13.62
2455526.62536 13.601
2455526.63761 13.634
2455526.64221 13.621
2455526.68914 13.619
2455526.69144 13.609
2455526.69835 13.604
2455526.70064 13.606
2455526.70294 13.604
2455526.71499 13.625
2455526.71958 13.601
2455526.72188 13.605
2455526.72651 13.594
2455526.7288 13.606
2455526.73112 13.607
2455526.73342 13.617
2455526.73573 13.617
2455526.73803 13.618
2455526.74495 13.628
2455526.75033 13.608
2455526.75265 13.613
2455526.75495 13.602
2455526.75725 13.599
2455526.76418 13.601
2455526.76648 13.6
2455526.76878 13.606
2455526.77107 13.613
2455526.77339 13.612
2455526.77569 13.612
2455526.778 13.626
2455526.78031 13.634
2455526.78262 13.628
2455526.78803 13.622
2455526.79034 13.613
2455526.79265 13.612
2455526.79495 13.611
2455526.79726 13.602
2455526.79956 13.597
2455526.80189 13.612
2455526.8042 13.608
2455526.8065 13.613
2455526.80882 13.613
2455526.81111 13.624
2455526.81571 13.625
2455526.81801 13.616
2455526.82032 13.612
2455526.82568 13.594
2455526.82798 13.588
2455526.83027 13.597
2455526.83258 13.598
2455526.83488 13.613
2455526.83718 13.614
2455526.8395 13.63
2455526.8418 13.626
2455526.84411 13.625
2455526.84642 13.623
2455526.85567 13.611
2455526.85798 13.607
2455526.86794 13.594
2455526.87255 13.611
2455526.87487 13.614
2455526.87715 13.613
2455526.87945 13.629
2455526.88176 13.617
2455526.88408 13.634
2455526.88638 13.626
2455526.89101 13.616
2455526.90558 13.605
2455526.91943 13.607
2455526.92174 13.61
2455526.92403 13.605
2455526.92634 13.592
2455526.92864 13.587
2455526.94551 13.624
2455526.94781 13.624
2455526.95011 13.627
2455526.95703 13.609
2455526.96167 13.604
2455526.96397 13.601
2455526.97089 13.599
2455526.98089 13.618
2455526.98321 13.621
