2456164.6987 16.021
2456164.7017 16.086
2456164.72268 16.024
2456164.7302 16.063
2456164.7332 16.043
2456164.7362 16.044
2456164.7422 16.073
2456164.75417 16.1
2456164.75716 16.066
2456164.76526 15.999
2456164.76826 15.987
2456164.77126 15.978
2456164.77426 15.967
2456164.78026 15.999
2456164.78326 16.032
2456164.78628 16.026
2456164.78929 16.034
2456164.79227 16.078
2456164.81206 16.071
2456164.81506 16.067
2456164.81805 16.024
2456164.82108 16.051
2456164.83786 16.067
2456164.84086 16.074
2456164.84386 16.07
2456164.84686 16.068
2456164.84987 16.087
2456164.87854 16.083
2456164.88154 16.085
2456164.88454 16.089
2456164.88755 16.074
2456164.89055 16.077
2456164.89356 16.08
2456164.89654 16.096
2456164.90434 16.113
2456164.91033 16.15
