2454354.62732 2.072
2454354.63068 2.094
2454354.63236 2.031
2454354.63403 2.03
2454354.63572 2.094
2454354.63738 2.066
2454354.63904 2.079
2454354.6407 2.045
2454354.64238 2.029
2454354.64406 2.03
2454354.6762 2.143
2454354.67786 2.165
2454354.67953 2.15
2454354.68122 2.127
2454354.68291 2.133
2454354.68793 2.12
2454354.6896 2.141
2454354.69294 2.15
2454354.69461 2.162
2454354.69629 2.167
2454354.69795 2.133
2454354.69961 2.153
2454354.7013 2.114
2454354.70297 2.112
2454354.70464 2.136
2454354.70633 2.121
2454354.71033 2.115
2454354.712 2.125
2454354.71534 2.098
2454354.717 2.119
2454354.71866 2.116
2454354.72033 2.124
2454354.722 2.107
2454354.72366 2.121
2454354.72533 2.07
2454354.7287 2.088
2454354.73036 2.076
2454354.73205 2.053
2454354.73874 2.039
2454354.74209 2.033
2454354.74374 2.03
2454354.74543 2.023
2454354.74712 2.023
2454354.74878 2.069
2454354.75045 2.059
2454354.75212 2.06
2454354.75379 2.039
2454354.75546 2.054
2454354.75714 2.108
2454354.75884 2.055
2454354.76051 2.095
2454354.76219 2.08
2454354.76614 2.104
2454354.76781 2.118
2454354.76948 2.11
2454354.77115 2.119
2454354.77282 2.115
2454354.77448 2.098
2454354.77616 2.134
2454354.77783 2.111
2454354.7795 2.157
2454354.78117 2.137
2454354.78285 2.113
2454354.79955 2.105
2454354.80287 2.114
2454354.80456 2.113
2454354.80624 2.107
2454354.80792 2.11
2454354.80958 2.116
2454354.81124 2.108
2454354.81625 2.148
2454354.81959 2.116
2454354.82128 2.133
2454354.82295 2.14
2454354.8263 2.126
2454354.90669 2.108
2454354.90836 2.089
2454354.91004 2.108
2454354.91627 2.107
2454354.92801 2.075
2454354.93637 2.074
2454354.93805 2.069
2454354.95748 2.068
2454354.96082 2.069
2454354.96248 2.087
2454354.96416 2.105
2454354.96584 2.098
2454354.96751 2.109
2454354.96919 2.103
2454354.97085 2.078
2454354.97254 2.124
2454354.97421 2.126
2454354.97587 2.088
2454354.97753 2.106
2454354.97922 2.158
2454354.9809 2.126
2454354.98425 2.135
