2455530.59965 13.563
2455530.6043 13.565
2455530.60662 13.567
2455530.60894 13.547
2455530.61357 13.537
2455530.63751 13.553
2455530.63981 13.547
2455530.64212 13.543
2455530.64443 13.532
2455530.64675 13.534
2455530.64906 13.527
2455530.65367 13.543
2455530.65598 13.538
2455530.6583 13.542
2455530.66061 13.543
2455530.66292 13.541
2455530.66523 13.564
2455530.66754 13.553
2455530.67293 13.554
2455530.67523 13.547
2455530.67986 13.55
2455530.68219 13.537
2455530.68449 13.544
2455530.68678 13.544
2455530.6914 13.536
2455530.69371 13.538
2455530.69602 13.547
2455530.69833 13.552
2455530.70295 13.557
2455530.71065 13.556
2455530.71525 13.548
2455530.72911 13.536
2455530.7513 13.53
2455530.75361 13.528
2455530.75824 13.534
2455530.76055 13.539
2455530.76286 13.544
2455530.76747 13.544
2455530.76977 13.564
2455530.77208 13.552
2455530.77439 13.557
2455530.7767 13.554
2455530.77902 13.542
2455530.78133 13.546
2455530.78903 13.544
2455530.79134 13.546
2455530.79364 13.545
2455530.79593 13.535
2455530.79824 13.54
2455530.80287 13.548
2455530.80517 13.552
2455530.81673 13.543
2455530.81905 13.548
2455530.83136 13.53
2455530.84058 13.54
2455530.84289 13.542
2455530.84519 13.536
2455530.8475 13.534
2455530.84983 13.531
2455530.85445 13.526
2455530.86221 13.547
2455530.86452 13.545
2455530.86683 13.55
2455530.87146 13.551
2455530.87377 13.556
2455530.87608 13.556
2455530.88532 13.552
2455530.88762 13.55
2455530.89457 13.547
2455530.90002 13.533
2455530.90696 13.564
2455530.90926 13.577
2455530.91157 13.573
2455530.91388 13.563
2455530.91618 13.551
2455530.94468 13.547
2455530.94699 13.548
2455530.9493 13.531
2455530.95162 13.535
2455530.95393 13.526
2455530.96318 13.531
2455530.9655 13.536
2455530.96781 13.55
2455530.97013 13.561
