2454356.6084 1.561
2454356.61078 1.544
2454356.61319 1.559
2454356.61559 1.573
2454356.61799 1.574
2454356.62039 1.564
2454356.6228 1.563
2454356.6252 1.581
2454356.62758 1.606
2454356.62998 1.601
2454356.63237 1.612
2454356.6348 1.624
2454356.6372 1.616
2454356.63962 1.66
2454356.64202 1.667
2454356.64444 1.647
2454356.65889 1.635
2454356.6758 1.614
2454356.6782 1.625
2454356.68299 1.631
2454356.68542 1.623
2454356.68783 1.597
2454356.69023 1.6
2454356.6951 1.588
2454356.69754 1.557
2454356.69995 1.523
2454356.70236 1.511
2454356.70477 1.518
2454356.70718 1.538
2454356.70958 1.552
2454356.71199 1.569
2454356.71439 1.582
2454356.76734 1.619
2454356.76973 1.619
2454356.77455 1.605
2454356.77693 1.625
2454356.77931 1.603
2454356.7817 1.625
2454356.78413 1.624
2454356.78652 1.624
2454356.78891 1.6
2454356.79129 1.583
2454356.79368 1.597
2454356.79606 1.571
2454356.79843 1.562
2454356.80083 1.54
2454356.80322 1.523
2454356.80561 1.522
2454356.80801 1.531
2454356.81039 1.518
2454356.81277 1.545
2454356.81516 1.555
2454356.81755 1.577
2454356.81995 1.589
2454356.82234 1.567
2454356.82474 1.567
2454356.82711 1.572
2454356.8295 1.556
2454356.83189 1.594
2454356.83429 1.612
2454356.83672 1.606
2454356.8391 1.632
2454356.8415 1.634
2454356.84388 1.641
2454356.84627 1.645
2454356.84866 1.622
2454356.87014 1.63
2454356.87969 1.605
2454356.88208 1.613
2454356.88446 1.617
2454356.88687 1.597
2454356.88926 1.587
2454356.89165 1.591
2454356.89409 1.59
2454356.89648 1.592
2454356.92275 1.568
2454356.92513 1.568
2454356.92753 1.588
2454356.92992 1.58
2454356.93231 1.579
2454356.93469 1.615
2454356.93708 1.613
2454356.93948 1.625
2454356.94186 1.625
2454356.94665 1.634
