2453199.68046 2.598
2453199.68222 2.614
2453199.68399 2.615
2453199.68576 2.595
2453199.68752 2.57
2453199.68929 2.591
2453199.69106 2.588
2453199.69458 2.595
2453199.69634 2.612
2453199.69811 2.625
2453199.69987 2.576
2453199.70163 2.586
2453199.70605 2.564
2453199.70782 2.562
2453199.70957 2.556
2453199.71133 2.561
2453199.71311 2.567
2453199.71494 2.587
2453199.74783 2.566
2453199.77741 2.606
2453199.77919 2.599
2453199.78096 2.607
2453199.78628 2.62
2453199.78982 2.609
2453199.79159 2.61
2453199.79514 2.61
2453199.81763 2.58
2453199.81939 2.623
2453199.82294 2.635
2453199.82472 2.618
2453199.82827 2.636
2453199.83004 2.597
2453199.83181 2.617
2453199.84332 2.599
2453199.84686 2.582
2453199.84863 2.597
2453199.85041 2.593
2453199.85218 2.593
2453199.85396 2.594
2453199.85573 2.618
2453199.8575 2.572
2453199.87432 2.605
2453199.8761 2.575
2453199.87963 2.624
2453199.8814 2.632
2453199.88317 2.627
2453199.88495 2.599
2453199.88677 2.627
2453199.88853 2.608
2453199.8903 2.644
2453199.89475 2.649
2453199.89652 2.643
2453199.89829 2.616
2453199.90005 2.62
2453199.90182 2.62
2453199.90359 2.626
2453199.90536 2.635
2453199.90889 2.643
2453199.91066 2.587
2453199.91243 2.635
2453199.91422 2.632
2453199.91598 2.607
2453199.91776 2.599
2453199.92396 2.617
2453199.92572 2.652
2453199.9275 2.63
2453199.931 2.66
