2456745.791946 +18.053
2456745.802960 +18.076
2456745.806641 +18.051
2456745.810311 +18.040
2456745.813986 +17.893
2456745.817662 +17.866
2456745.827265 +17.723
2456745.830930 +17.625
2456745.834605 +17.508
2456745.871882 +17.449
2456745.875563 +17.468
2456745.879228 +17.490
2456745.882903 +17.694
2456745.886574 +17.737
2456745.890250 +17.774
2456745.893922 +17.894
2456745.897595 +17.933
2456745.901273 +18.035
2456745.910280 +18.125
2456745.913950 +18.039
2456745.917628 +18.002
2456745.921296 +17.947
2456745.924972 +17.850
2456745.928635 +17.791
2456745.932313 +17.787
2456745.935986 +17.699
2456745.939665 +17.622
2456745.943340 +17.577
2456745.951235 +17.559
2456745.954902 +17.457
2456745.958579 +17.450
2456745.962245 +17.413
2456745.965921 +17.401
2456745.969588 +17.405
2456745.973267 +17.417
2456745.976937 +17.453
2456745.980606 +17.462
2456745.984286 +17.504
2456745.992897 +17.553
2456745.996571 +17.679
2456746.000245 +17.664
2456746.003919 +17.755
2456746.007593 +17.877
2456746.011259 +17.859
2456746.014937 +17.993
2456746.018601 +17.963
2456746.022278 +18.034
2456746.025951 +18.006
