2456743.789397 +17.789
2456743.793069 +17.696
2456743.796744 +17.666
2456743.818772 +17.436
2456743.887117 +18.105
2456743.894459 +17.973
2456743.898127 +17.878
2456743.901807 +17.795
2456743.905477 +17.736
2456743.913370 +17.748
2456743.917034 +17.702
2456743.920706 +17.701
2456743.924376 +17.603
2456743.928041 +17.550
2456743.931729 +17.482
2456743.957737 +17.638
2456743.961401 +17.630
2456743.965077 +17.612
2456743.968744 +17.616
2456743.972416 +17.634
2456743.976096 +17.780
2456743.979775 +17.956
2456743.983440 +17.988
2456743.987112 +18.139
2456743.990788 +18.123
2456743.998511 +18.187
