2453975.87761 2.148
2453975.8807 2.124
2453975.90124 2.149
2453975.9047 2.13
2453975.92269 2.248
2453975.92578 2.27
2453975.94146 2.227
2453975.94545 2.204
2453975.96134 2.131
2453975.96443 2.12
2453975.98117 2.176
2453975.98426 2.177
2453976.0009 2.296
2453976.00398 2.241
2453976.01977 2.127
2453976.0237 2.103
2453976.03944 2.116
2453976.04252 2.131
2453976.06088 2.32
2453976.06396 2.331
2453976.08066 2.24
2453976.08374 2.211
2453976.09966 2.129
2453976.10365 2.149
2453976.12342 2.142
2453976.12747 2.181
2453976.15128 2.228
2453976.15437 2.198
2453976.17074 2.128
2453976.17383 2.121
2453976.18924 2.183
2453976.1931 2.247
2453976.20853 2.303
2453976.21162 2.38
2453976.22833 2.313
2453976.23141 2.255
2453976.24011 2.149
2453976.2432 2.157
