2453989.87512 1.972
2453989.8868 2.006
2453989.88989 2.05
2453989.90959 2.137
2453989.91267 2.164
2453989.92414 2.052
2453989.92821 2.028
2453989.9401 1.966
2453989.94321 1.995
2453989.95527 2.026
2453989.95835 2.015
2453989.9703 2.134
2453989.97438 2.169
2453989.98637 2.168
2453989.98944 2.167
2453990.00153 2.074
2453990.00462 2.053
2453990.01762 2.007
2453990.02111 1.977
2453990.03427 2.021
2453990.03734 2.073
2453990.04949 2.185
2453990.05356 2.213
2453990.06675 2.072
2453990.06983 2.034
2453990.09023 2.034
2453990.09332 2.079
2453990.11394 2.194
2453990.13744 2.191
2453990.14054 2.13
2453990.17765 2.022
2453990.18072 2.056
2453990.19335 2.255
2453990.19643 2.375
2453990.21012 2.014
2453990.2132 2.098
