2455326.85286 2.882
2455326.85556 2.882
2455326.87127 2.671
2455326.87399 2.648
2455326.87671 2.611
2455326.89248 2.551
2455326.89517 2.553
2455326.89789 2.594
2455326.91375 2.741
2455326.91648 2.761
2455326.91917 2.758
2455326.93473 2.694
2455326.9375 2.653
2455326.9402 2.672
2455326.95612 2.583
2455326.95894 2.54
2455326.96163 2.529
2455326.97749 2.62
2455326.9802 2.648
2455326.98292 2.662
2455326.99798 2.782
2455327.00961 2.706
2455327.01244 2.701
2455327.01523 2.692
2455327.0266 2.58
2455327.02941 2.529
2455327.03218 2.523
2455327.04343 2.541
2455327.04619 2.531
2455327.04895 2.578
2455327.06035 2.704
2455327.06309 2.744
2455327.06595 2.764
2455327.07742 2.76
2455327.0802 2.75
2455327.08296 2.738
2455327.09455 2.594
2455327.09745 2.535
2455327.10034 2.511
2455327.11183 2.535
2455327.11461 2.565
2455327.11736 2.57
2455327.12913 2.647
2455327.1319 2.686
2455327.13468 2.725
2455327.14616 2.803
2455327.14896 2.806
2455327.15171 2.835
2455327.16321 2.828
2455327.166 2.711
2455327.16905 2.695
2455327.18144 2.667
2455327.18423 2.617
2455327.18713 2.622
2455327.19876 2.747
2455327.20152 2.721
2455327.20438 2.764
2455327.21762 2.848
2455327.22049 2.841
2455327.22324 2.825
