2455324.86447 1.7
2455324.86719 1.683
2455324.8699 1.636
2455324.88575 1.67
2455324.88858 1.681
2455324.89129 1.713
2455324.9071 1.835
2455324.90979 1.859
2455324.9125 1.845
2455324.92821 1.782
2455324.93091 1.747
2455324.93361 1.71
2455324.94941 1.608
2455324.9523 1.612
2455324.95501 1.631
2455324.97307 1.77
2455324.97581 1.812
2455324.97852 1.812
2455324.9942 1.815
2455324.99691 1.812
2455324.99962 1.793
2455325.01543 1.658
2455325.01801 1.632
2455325.02068 1.632
2455325.03569 1.653
2455325.03826 1.692
2455325.04085 1.687
2455325.05586 1.829
2455325.05844 1.835
2455325.06102 1.829
2455325.07982 1.791
2455325.0824 1.731
2455325.08497 1.694
2455325.10005 1.641
2455325.10277 1.653
2455325.10548 1.673
2455325.12123 1.848
2455325.12399 1.812
2455325.12681 1.82
2455325.14247 1.887
2455325.14519 1.881
2455325.14792 1.898
2455325.16384 1.747
2455325.16656 1.7
2455325.16927 1.719
2455325.18465 1.712
2455325.18737 1.731
2455325.19007 1.728
2455325.20585 1.861
2455325.20859 1.857
2455325.21131 1.868
2455325.22712 1.775
2455325.22986 1.786
2455325.23271 1.744
