2455325.8647 2.54
2455325.86743 2.548
2455325.87014 2.573
2455325.88583 2.546
2455325.88857 2.532
2455325.89127 2.535
2455325.90707 2.373
2455325.90979 2.36
2455325.91243 2.377
2455325.92801 2.385
2455325.93066 2.381
2455325.93332 2.41
2455325.94889 2.52
2455325.95154 2.52
2455325.95419 2.55
2455325.96953 2.508
2455325.97222 2.503
2455325.97487 2.445
2455325.99034 2.337
2455325.99301 2.34
2455325.99566 2.342
2455326.01096 2.452
2455326.01368 2.449
2455326.01639 2.481
2455326.03229 2.541
2455326.03499 2.536
2455326.03771 2.545
2455326.05336 2.405
2455326.05609 2.357
2455326.05881 2.361
2455326.07441 2.32
2455326.07713 2.35
2455326.07985 2.368
2455326.09549 2.542
2455326.0983 2.58
2455326.10101 2.562
2455326.11659 2.529
2455326.11933 2.517
2455326.12204 2.472
2455326.13747 2.446
2455326.14017 2.422
2455326.14291 2.417
2455326.15866 2.549
2455326.16138 2.571
2455326.16409 2.585
2455326.17994 2.69
2455326.18271 2.643
2455326.18543 2.667
2455326.20113 2.483
2455326.20385 2.465
2455326.20657 2.391
2455326.22225 2.325
2455326.22497 2.363
2455326.22769 2.396
