2455335.84022 1.195
2455335.84455 1.275
2455335.84704 1.198
2455335.85929 1.321
2455335.86177 1.297
2455335.86424 1.348
2455335.87651 1.216
2455335.87898 1.195
2455335.88146 1.169
2455335.89372 1.102
2455335.89626 1.121
2455335.89874 1.069
2455335.91083 1.108
2455335.91332 1.158
2455335.91581 1.164
2455335.92801 1.26
2455335.93049 1.24
2455335.93298 1.259
2455335.94516 1.317
2455335.94764 1.297
2455335.9502 1.299
2455335.96225 1.15
2455335.96472 1.117
2455335.9672 1.104
2455335.97953 1.159
2455335.98213 1.195
2455335.98462 1.177
2455335.99689 1.372
2455335.99936 1.39
2455336.00184 1.367
2455336.01413 1.311
2455336.01661 1.327
2455336.01909 1.354
2455336.03166 1.264
2455336.03413 1.22
2455336.03662 1.207
2455336.04895 1.197
2455336.05144 1.199
2455336.05392 1.185
2455336.06603 1.225
2455336.06854 1.261
2455336.07102 1.281
2455336.08299 1.326
2455336.08549 1.333
2455336.08796 1.339
2455336.10007 1.267
2455336.10254 1.226
2455336.10502 1.193
2455336.1173 1.081
2455336.12228 1.043
2455336.13469 1.209
2455336.13721 1.232
2455336.13969 1.237
2455336.17013 1.331
2455336.1726 1.254
2455336.17508 1.264
2455336.20744 1.128
