2453859.91573 0.907
2453859.91872 0.928
2453859.92172 0.914
2453859.92547 0.918
2453859.92896 0.938
2453859.93195 0.952
2453859.93569 0.981
2453859.93915 1.008
2453859.94215 1.058
2453859.95038 1.112
2453859.95348 1.135
2453859.95651 1.127
2453859.96059 1.14
2453859.96362 1.132
2453859.96665 1.135
2453859.97083 1.12
2453859.97385 1.116
2453859.97688 1.113
2453859.98127 1.088
2453859.9843 1.08
2453859.9911 0.998
2453859.99458 0.997
2453859.99761 0.988
2453860.00135 0.982
2453860.00484 0.987
2453860.00787 1.006
2453860.01158 1.045
2453860.01507 1.063
2453860.0181 1.093
2453860.02178 1.145
2453860.02526 1.161
2453860.0283 1.175
2453860.03202 1.175
2453860.03553 1.155
2453860.03857 1.165
2453860.04232 1.15
2453860.04536 1.113
2453860.04894 1.07
2453860.05265 1.033
2453860.05589 0.998
2453860.05938 0.985
2453860.06306 0.953
2453860.0661 0.95
2453860.06959 0.943
2453860.07333 0.941
2453860.07636 0.927
2453860.07985 0.957
2453860.08354 0.975
2453860.08658 0.994
2453860.09007 1.015
2453860.09376 1.05
2453860.09679 1.075
2453860.09982 1.125
2453860.10409 1.115
2453860.10713 1.125
2453860.11018 1.116
2453860.11438 1.136
2453860.1174 1.127
2453860.12044 1.13
2453860.12465 1.09
2453860.12769 1.06
2453860.13075 1.011
2453860.13489 0.974
2453860.13793 0.95
2453860.14096 0.938
2453860.14523 0.928
2453860.14826 0.925
2453860.15129 0.942
2453860.15554 0.947
2453860.15857 0.974
2453860.16161 0.976
2453860.16529 1.01
2453860.16878 1.051
2453860.17181 1.077
2453860.17552 1.123
2453860.179 1.107
2453860.18203 1.107
2453860.18575 1.1
2453860.18924 1.107
2453860.19228 1.097
2453860.19602 1.075
2453860.1995 1.063
2453860.20252 1.034
2453860.2062 0.999
2453860.20926 0.981
2453860.21308 0.945
2453860.21679 0.947
2453860.21982 0.925
2453860.22332 0.928
2453860.22702 0.942
2453860.23007 0.958
2453860.23359 0.973
2453860.23744 0.986
2453860.24048 1.011
2453860.24397 1.067
2453860.24766 1.104
2453860.2507 1.131
2453860.25421 1.136
2453860.25795 1.153
2453860.26098 1.15
2453860.26448 1.14
