2453836.95264 1.294
2453836.95609 1.224
2453836.95958 1.221
2453836.97529 1.096
2453836.97874 1.079
2453836.98234 1.052
2453836.99795 1.039
2453837.00136 1.084
2453837.08917 1.203
2453837.09262 1.224
2453837.09601 1.262
2453837.15735 1.147
2453837.16085 1.198
2453837.16433 1.211
2453837.18044 1.212
2453837.18403 1.209
2453837.18761 1.16
2453837.20688 1.048
2453837.21033 1.076
2453837.22592 1.235
2453837.22934 1.241
2453837.2328 1.301
2453837.24828 1.341
2453837.25171 1.294
2453837.25519 1.32
2453837.2705 1.157
2453837.27394 1.125
2453837.27755 1.067
2453837.29302 1.064
2453837.29647 1.056
2453837.30008 1.093
