2453851.90562 2.706
2453851.90872 2.735
2453851.91181 2.739
2453851.92743 2.739
2453851.93052 2.724
2453851.93364 2.69
2453851.9467 2.551
2453851.95195 2.535
2453851.95504 2.535
2453851.96853 2.591
2453851.97343 2.624
2453851.97652 2.642
2453851.98996 2.736
2453851.99305 2.707
2453851.99766 2.709
2453852.01184 2.642
2453852.01493 2.61
2453852.01802 2.578
2453852.03383 2.561
2453852.03692 2.573
2453852.04001 2.59
2453852.07516 2.753
2453852.07825 2.72
2453852.08316 2.685
2453852.0971 2.567
2453852.1002 2.554
2453852.10481 2.535
2453852.1191 2.622
2453852.12219 2.651
2453852.12528 2.685
2453852.14103 2.736
2453852.14412 2.727
2453852.14719 2.722
2453852.16203 2.658
2453852.167 2.626
2453852.1701 2.637
2453852.17394 2.624
2453852.17797 2.629
2453852.18107 2.618
2453852.18487 2.634
2453852.1889 2.658
2453852.19199 2.673
2453852.19577 2.696
2453852.1998 2.74
2453852.20289 2.78
2453852.20664 2.82
2453852.21067 2.813
2453852.21376 2.81
2453852.21751 2.785
2453852.22165 2.751
2453852.22474 2.701
2453852.26144 2.549
2453852.26454 2.579
2453852.26858 2.604
2453852.27232 2.633
2453852.27542 2.675
2453852.27945 2.695
2453852.28325 2.73
2453852.28636 2.746
2453852.29041 2.72
2453852.29417 2.714
