2454764.67444 0.84
2454764.6775 0.877
2454764.68056 0.828
2454764.68361 0.859
2454764.68666 0.799
2454764.6897 0.764
2454764.69274 0.761
2454764.69579 0.735
2454764.69885 0.726
2454764.7019 0.741
2454764.70495 0.746
2454764.70799 0.783
2454764.71104 0.807
2454764.7141 0.841
2454764.71714 0.866
2454764.7214 0.856
2454764.72444 0.868
2454764.72748 0.896
2454764.73053 0.876
2454764.73359 0.853
2454764.73663 0.822
2454764.73967 0.782
2454764.74271 0.731
2454764.74576 0.711
2454764.74882 0.699
2454764.75186 0.709
2454764.7549 0.722
2454764.75794 0.758
2454764.76099 0.789
2454764.76404 0.837
2454764.76831 0.873
2454764.77136 0.873
2454764.8018 0.849
2454764.80485 0.829
2454764.80791 0.798
2454764.81096 0.794
2454764.81519 0.738
2454764.81824 0.72
2454764.82128 0.721
2454764.82433 0.724
2454764.82737 0.755
2454764.83041 0.769
2454764.83345 0.801
2454764.8365 0.811
2454764.83955 0.845
2454764.8426 0.838
2454764.84564 0.841
2454764.84868 0.835
2454764.85173 0.864
2454764.85477 0.879
2454764.86815 0.713
2454764.87118 0.673
2454764.87727 0.678
2454764.88031 0.746
2454764.88335 0.788
2454764.88639 0.814
2454764.88944 0.858
2454764.89857 0.872
2454764.92411 0.852
2454764.92717 0.808
2454764.93021 0.817
2454764.9424 0.732
2454764.94848 0.744
2454764.97093 0.83
2454764.97398 0.868
2454764.97703 0.87
2454764.98009 0.803
2454764.98313 0.771
2454764.98616 0.743
2454764.9892 0.722
2454764.99225 0.705
2454764.9953 0.693
2454764.99835 0.704
