2455990.58655 15.31
2455990.59568 15.306
2455990.59873 15.3
2455990.60179 15.321
2455990.6048 15.306
2455990.60786 15.327
2455990.61091 15.305
2455990.61396 15.312
2455990.70145 15.325
2455990.7045 15.321
2455990.70752 15.326
2455990.71054 15.288
2455990.71361 15.279
2455990.72583 15.309
2455990.72886 15.324
2455990.7319 15.334
2455990.73494 15.308
2455990.73799 15.274
2455990.74105 15.261
2455990.74887 15.248
2455990.75194 15.221
2455990.755 15.23
2455990.75802 15.232
2455990.76104 15.279
2455990.76408 15.283
2455990.76713 15.296
2455990.77017 15.278
2455990.77319 15.271
2455990.77621 15.264
2455990.77927 15.261
2455990.78232 15.253
2455990.7854 15.272
2455990.78844 15.3
2455990.79147 15.308
2455990.82887 15.322
2455990.83193 15.3
2455990.83499 15.275
2455990.8564 15.3
2455990.85942 15.301
2455990.86249 15.272
2455990.86555 15.267
2455990.8686 15.247
2455990.87165 15.246
2455990.87975 15.229
2455990.8828 15.251
2455990.88583 15.276
2455990.88884 15.294
2455990.89187 15.276
2455990.8949 15.281
2455990.9193 15.265
2455990.92235 15.225
2455990.93056 15.211
2455990.93362 15.208
2455990.93666 15.218
2455990.93972 15.262
2455990.94276 15.292
2455990.9458 15.326
2455990.94884 15.33
2455990.95186 15.317
2455990.95491 15.296
2455990.95797 15.303
2455990.96405 15.294
