2454757.6404 1.55
2454757.64344 1.54
2454757.64649 1.576
2454757.64955 1.631
2454757.65259 1.7
2454757.65564 1.684
2454757.65868 1.737
2454757.87697 1.605
2454757.88001 1.577
2454757.88306 1.557
2454757.88611 1.546
2454757.88916 1.549
2454757.8922 1.598
2454757.89524 1.611
2454757.89829 1.662
2454757.90133 1.685
2454757.9044 1.729
2454757.91049 1.71
2454757.91354 1.692
2454757.91658 1.678
2454757.91962 1.681
2454757.92387 1.666
2454757.92691 1.642
2454757.92994 1.657
2454757.93299 1.668
2454757.93603 1.702
2454757.93908 1.682
2454757.94211 1.669
2454757.94516 1.647
2454757.94821 1.611
2454757.95125 1.578
2454757.95425 1.577
2454757.97082 1.668
2454757.97388 1.682
2454757.98911 1.685
2454757.99215 1.708
2454757.99519 1.651
2454757.99823 1.643
2454758.00127 1.606
2454758.00431 1.563
2454758.00735 1.563
