2456340.61209 17.491
2456340.61506 17.506
2456340.61805 17.537
2456340.62105 17.526
2456340.62403 17.475
2456340.62703 17.436
2456340.63003 17.439
2456340.63302 17.428
2456340.63601 17.443
2456340.639 17.421
2456340.64645 17.394
2456340.64944 17.415
2456340.65242 17.351
2456340.6554 17.447
2456340.65838 17.531
2456340.66136 17.503
2456340.66434 17.46
2456340.66731 17.507
2456340.67029 17.501
2456340.67328 17.451
2456340.68092 17.349
2456340.68391 17.406
2456340.6869 17.327
2456340.68986 17.303
2456340.69285 17.299
2456340.69583 17.337
2456340.69881 17.327
2456340.70181 17.322
2456340.70477 17.335
2456340.70775 17.352
2456340.71508 17.454
2456340.72405 17.535
2456340.72705 17.538
2456340.73305 17.433
2456340.73604 17.425
2456340.73902 17.435
2456340.74203 17.369
2456340.74952 17.378
2456340.7525 17.338
2456340.75549 17.389
2456340.75853 17.34
2456340.76156 17.36
2456340.76455 17.423
2456340.76755 17.46
2456340.77054 17.475
2456340.77354 17.496
2456340.77653 17.465
2456340.78349 17.412
2456340.78648 17.422
2456340.78947 17.385
2456340.79245 17.378
2456340.79544 17.366
2456340.79843 17.366
2456340.80142 17.349
2456340.80442 17.295
2456340.80742 17.307
2456340.81041 17.327
2456340.81756 17.366
2456340.82055 17.391
2456340.82353 17.377
2456340.82651 17.408
2456340.8295 17.45
2456340.83248 17.447
2456340.84447 17.476
2456340.85454 17.395
2456340.85752 17.378
