2455678.66947 16.65
2455678.67314 16.653
2455678.67847 16.557
2455678.68212 16.541
2455678.68578 16.533
2455678.68943 16.546
2455678.69307 16.595
2455678.69673 16.578
2455678.70408 16.548
2455678.70771 16.644
2455678.71134 16.783
2455678.715 16.705
2455678.71862 16.829
2455678.72227 16.835
2455678.72591 16.883
2455678.73091 16.886
2455678.73457 16.874
2455678.73823 16.698
2455678.74188 16.671
2455678.74551 16.642
2455678.74921 16.594
2455678.75284 16.622
2455678.7565 16.633
2455678.76016 16.594
2455678.76381 16.555
2455678.76745 16.619
2455678.77112 16.63
2455678.77477 16.732
2455678.77841 16.713
2455678.78204 16.807
2455678.7875 16.848
2455678.79115 16.81
2455678.79482 16.786
2455678.79849 16.766
2455678.80213 16.775
2455678.80576 16.652
2455678.80943 16.63
2455678.81307 16.582
2455678.81672 16.552
2455678.82039 16.481
2455678.82403 16.554
2455678.82766 16.49
2455678.83128 16.562
2455678.83492 16.556
2455678.83967 16.583
2455678.84333 16.61
2455678.84699 16.649
2455678.85065 16.678
2455678.8543 16.78
2455678.85795 16.795
2455678.86164 16.925
2455678.86528 16.863
2455678.86894 16.771
2455678.87263 16.716
2455678.87627 16.686
2455678.87991 16.622
2455678.88357 16.564
2455678.88719 16.598
2455678.89086 16.541
2455678.89582 16.558
2455678.89949 16.601
2455678.90313 16.608
2455678.90679 16.667
2455678.91043 16.649
2455678.91409 16.683
2455678.91775 16.753
2455678.92138 16.816
2455678.92505 16.782
2455678.9287 16.754
2455678.93234 16.819
2455678.93597 16.733
2455678.93962 16.663
2455678.94076 16.71
2455678.9419 16.666
2455678.94304 16.703
2455678.94418 16.621
2455678.94532 16.669
2455678.94862 16.636
2455678.94976 16.578
2455678.9509 16.565
2455678.95205 16.618
2455678.9532 16.628
2455678.95434 16.573
2455678.95548 16.511
2455678.95662 16.546
2455678.95777 16.563
2455678.95891 16.508
2455678.96006 16.55
2455678.9612 16.5
2455678.96235 16.521
2455678.96348 16.506
2455678.96463 16.544
2455678.96578 16.543
2455678.97501 16.61
2455678.97614 16.617
2455678.97728 16.663
2455678.97843 16.582
2455678.98071 16.674
2455678.98185 16.586
2455678.98299 16.693
2455678.98413 16.696
2455678.98527 16.713
2455678.98641 16.733
2455678.98755 16.725
2455678.98869 16.742
