2455679.66952 16.62
2455679.67461 16.712
2455679.68137 16.857
2455679.68645 16.887
2455679.69149 16.857
2455679.69658 16.76
2455679.70164 16.657
2455679.70669 16.609
2455679.71176 16.552
2455679.71678 16.545
2455679.72184 16.557
2455679.72691 16.625
2455679.73199 16.681
2455679.73865 16.756
2455679.74373 16.727
2455679.75383 16.78
2455679.75889 16.832
2455679.76396 16.752
2455679.76901 16.707
2455679.77409 16.587
2455679.77913 16.504
2455679.78419 16.546
2455679.79029 16.571
2455679.79535 16.602
2455679.80041 16.613
2455679.80551 16.61
2455679.81057 16.686
2455679.81567 16.782
2455679.8207 16.825
2455679.82574 16.883
2455679.83079 16.786
2455679.83584 16.681
2455679.84086 16.678
2455679.84747 16.628
2455679.85255 16.563
2455679.85761 16.556
2455679.86266 16.569
2455679.86773 16.617
2455679.87277 16.649
2455679.87783 16.701
2455679.88288 16.783
2455679.88794 16.813
2455679.89299 16.822
2455679.89806 16.735
2455679.90438 16.641
2455679.90945 16.619
2455679.91447 16.536
2455679.91951 16.532
2455679.92458 16.514
2455679.92966 16.531
2455679.93473 16.582
2455679.93811 16.61
2455679.94148 16.615
2455679.94485 16.67
2455679.94599 16.656
2455679.94713 16.752
2455679.94827 16.731
2455679.94941 16.699
2455679.95056 16.765
2455679.9517 16.748
2455679.95283 16.773
2455679.95613 16.808
2455679.95727 16.82
2455679.95842 16.873
2455679.95956 16.812
2455679.9607 16.824
2455679.96184 16.872
2455679.96297 16.852
2455679.96411 16.836
2455679.96525 16.865
2455679.96639 16.802
2455679.96753 16.843
2455679.96867 16.859
2455679.96981 16.734
2455679.97095 16.786
2455679.9721 16.753
2455679.97324 16.69
2455679.97439 16.721
2455679.97553 16.672
2455679.98481 16.604
2455679.98595 16.595
2455679.98709 16.606
2455679.98823 16.571
2455679.98937 16.515
2455679.99051 16.584
