2454710.90078 1.54
2454710.90441 1.59
2454710.90799 1.584
2454710.91167 1.613
2454710.91531 1.633
2454710.91892 1.638
2454710.92267 1.611
2454710.92628 1.609
2454710.92989 1.571
2454710.93349 1.561
2454710.9371 1.552
2454710.94071 1.545
2454710.94435 1.557
2454710.94795 1.527
2454710.95156 1.538
2454710.95517 1.54
2454710.95877 1.547
2454710.96237 1.567
2454710.96598 1.598
2454710.96966 1.618
2454710.97326 1.649
2454710.97687 1.67
2454710.98048 1.669
2454710.98409 1.696
2454710.98772 1.69
2454710.99133 1.642
2454710.99495 1.629
2454710.99855 1.598
2454711.00216 1.565
2454711.00577 1.555
2454711.00937 1.548
2454711.01302 1.533
2454711.01664 1.532
2454711.02025 1.59
2454711.0319 1.581
2454711.0355 1.602
2454711.03915 1.617
2454711.04277 1.636
2454711.04638 1.619
2454711.05 1.594
2454711.05362 1.573
2454711.05723 1.558
2454711.06084 1.526
2454711.06444 1.549
2454711.06805 1.494
2454711.07166 1.494
2454711.07526 1.508
2454711.07887 1.485
2454711.08248 1.503
2454711.08608 1.518
2454711.08972 1.545
2454711.09336 1.58
2454711.09697 1.585
2454711.10057 1.615
2454711.10417 1.657
2454711.10779 1.684
2454711.1114 1.667
2454711.115 1.636
2454711.11862 1.626
2454711.12223 1.59
2454711.12584 1.548
2454711.12946 1.526
2454711.13307 1.526
2454711.13667 1.555
2454711.14028 1.525
2454711.1439 1.522
2454711.14751 1.538
2454711.15113 1.554
2454711.15474 1.577
2454711.15835 1.594
2454711.16197 1.623
2454711.16562 1.629
2454711.16922 1.621
2454711.19455 1.504
