2454711.90176 1.72
2454711.90859 1.78
2454711.91255 1.754
2454711.91598 1.793
2454711.91912 1.839
2454711.92338 1.855
2454711.92681 1.802
2454711.93034 1.806
2454711.94492 1.671
2454711.94807 1.66
2454711.95164 1.719
2454711.96629 1.817
2454711.9697 1.733
2454711.97284 1.724
2454711.98784 1.878
2454711.991 1.879
2454711.99466 1.867
2454712.00928 1.724
2454712.01243 1.687
2454712.01604 1.71
2454712.03072 1.745
2454712.0341 1.796
2454712.03726 1.765
2454712.0522 1.83
2454712.05536 1.816
2454712.05903 1.763
2454712.07385 1.722
2454712.07725 1.699
2454712.08041 1.678
2454712.09535 1.73
2454712.0985 1.742
2454712.1022 1.782
2454712.11719 1.819
2454712.12043 1.845
2454712.12376 1.831
2454712.13891 1.72
2454712.1423 1.681
2454712.14558 1.72
2454712.16052 1.72
2454712.16367 1.716
2454712.16751 1.773
2454712.18214 1.812
2454712.18914 1.792
