2455903.52641 15.231
2455903.52939 15.225
2455903.53237 15.242
2455903.53535 15.258
2455903.53833 15.247
2455903.54131 15.238
2455903.54429 15.221
2455903.54729 15.223
2455903.55026 15.222
2455903.56116 15.275
2455903.56414 15.287
2455903.5671 15.292
2455903.57008 15.311
2455903.57307 15.319
2455903.57606 15.333
2455903.57904 15.311
2455903.58203 15.3
2455903.58502 15.306
2455903.58801 15.316
2455903.59633 15.309
2455903.60231 15.236
2455903.60531 15.202
2455903.6113 15.191
2455903.6173 15.221
2455903.6203 15.265
2455903.6233 15.282
2455903.63104 15.356
2455903.63403 15.394
2455903.63704 15.39
2455903.64003 15.354
2455903.64303 15.334
2455903.64602 15.31
2455903.64902 15.258
2455903.65201 15.256
2455903.655 15.225
2455903.658 15.232
2455903.66482 15.241
2455903.66781 15.226
2455903.6708 15.243
2455903.6738 15.229
2455903.67678 15.227
2455903.68577 15.278
2455903.69965 15.315
2455903.70265 15.319
2455903.70564 15.314
2455903.70863 15.323
2455903.71162 15.327
2455903.71462 15.328
2455903.7176 15.321
2455903.72058 15.321
2455903.72356 15.301
2455903.72654 15.283
2455903.73371 15.189
2455903.73669 15.188
2455903.73968 15.214
2455903.74266 15.254
2455903.74565 15.277
2455903.74863 15.283
2455903.75161 15.323
2455903.7546 15.35
2455903.75757 15.398
2455903.76055 15.404
2455903.76861 15.337
2455903.77159 15.28
2455903.77457 15.244
2455903.77755 15.242
2455903.78351 15.249
