2453313.54829 0.477
2453313.54988 0.479
2453313.55147 0.499
2453313.55307 0.522
2453313.55465 0.554
2453313.55625 0.559
2453313.55784 0.562
2453313.56102 0.572
2453313.56262 0.568
2453313.56422 0.583
2453313.5658 0.551
2453313.56895 0.583
2453313.57359 0.555
2453313.57516 0.554
2453313.57674 0.534
2453313.5783 0.552
2453313.57987 0.527
2453313.58148 0.501
2453313.58306 0.492
2453313.58466 0.48
2453313.58624 0.483
2453313.58781 0.476
2453313.58939 0.475
2453313.59096 0.467
2453313.59253 0.473
2453313.59411 0.447
2453313.59569 0.466
2453313.59977 0.482
2453313.60134 0.461
2453313.60293 0.459
2453313.60454 0.475
2453313.60772 0.47
2453313.60931 0.483
2453313.61089 0.507
2453313.61247 0.502
2453313.61404 0.504
2453313.6156 0.523
2453313.61718 0.558
2453313.61876 0.562
2453313.62032 0.55
2453313.6219 0.565
2453313.62753 0.554
2453313.62913 0.553
2453313.63073 0.504
2453313.63233 0.504
2453313.63391 0.493
2453313.63551 0.496
2453313.63711 0.484
2453313.6387 0.472
2453313.6403 0.463
2453313.64189 0.469
2453313.64348 0.463
2453313.64508 0.463
2453313.64667 0.462
2453313.64827 0.481
2453313.65235 0.48
2453313.65395 0.48
2453313.70984 0.486
2453313.71141 0.488
2453313.71299 0.499
2453313.71457 0.496
2453313.71613 0.483
2453313.71928 0.468
2453313.72089 0.477
2453313.72248 0.462
2453313.72566 0.463
2453313.72726 0.463
2453313.73294 0.487
2453313.73452 0.487
2453313.73613 0.482
2453313.73772 0.494
2453313.7393 0.497
2453313.7409 0.496
2453313.74249 0.54
2453313.74407 0.543
2453313.74566 0.549
2453313.74885 0.567
2453313.75044 0.576
2453313.76884 0.452
2453313.77043 0.456
2453313.77201 0.476
2453313.77361 0.464
2453313.7752 0.444
2453313.77679 0.452
2453313.77838 0.464
2453313.77998 0.456
2453313.78406 0.434
2453313.78566 0.428
2453313.78726 0.43
2453313.78884 0.436
2453313.79044 0.44
2453313.79203 0.446
2453313.79362 0.465
2453313.79522 0.466
2453313.7968 0.472
2453313.7984 0.493
2453313.8 0.469
2453313.80159 0.474
2453313.80318 0.485
2453313.80478 0.49
2453313.80638 0.509
2453313.81048 0.532
2453313.81207 0.556
2453313.81367 0.577
2453313.81527 0.589
2453313.81685 0.599
2453313.81845 0.59
2453313.84484 0.511
2453313.84642 0.506
2453313.84802 0.487
2453313.84962 0.468
2453313.85122 0.489
2453313.8528 0.474
2453313.8544 0.5
2453313.856 0.47
2453313.85758 0.488
2453313.85918 0.486
2453313.86324 0.497
2453313.86484 0.517
2453313.86643 0.544
2453313.86802 0.508
2453313.86962 0.516
2453313.87122 0.527
2453313.8728 0.519
2453313.87439 0.57
2453313.87597 0.6
2453313.88076 0.585
2453313.88236 0.577
