2456325.57911 16.492
2456325.58205 16.492
2456325.585 16.505
2456325.58793 16.487
2456325.59088 16.48
2456325.59382 16.468
2456325.59677 16.474
2456325.59971 16.463
2456325.60265 16.438
2456325.6056 16.431
2456325.62858 16.352
2456325.63153 16.352
2456325.63448 16.377
2456325.63743 16.38
2456325.64037 16.385
2456325.64795 16.421
2456325.65089 16.412
2456325.65384 16.403
2456325.65974 16.415
2456325.66268 16.408
2456325.66564 16.419
2456325.67447 16.415
2456325.68155 16.4
2456325.68449 16.394
2456325.68744 16.38
2456325.69038 16.38
2456325.69333 16.4
2456325.69628 16.403
2456325.69922 16.409
2456325.70512 16.415
2456325.70806 16.416
2456325.71612 16.453
2456325.71907 16.475
2456325.72201 16.486
2456325.72496 16.476
2456325.72791 16.48
2456325.73086 16.478
2456325.73381 16.48
2456325.7397 16.465
2456325.74264 16.454
2456325.75055 16.405
2456325.7535 16.41
2456325.75644 16.397
2456325.75938 16.377
2456325.76232 16.358
2456325.76526 16.371
2456325.76821 16.36
2456325.77116 16.348
2456325.7741 16.341
2456325.7839 16.377
2456325.78685 16.413
2456325.7898 16.412
2456325.79275 16.425
2456325.7957 16.423
2456325.79864 16.452
2456325.80159 16.449
2456325.80454 16.453
2456325.80748 16.434
2456325.81043 16.426
2456325.81784 16.431
2456325.82078 16.422
2456325.82373 16.421
2456325.82667 16.417
2456325.82961 16.399
2456325.83256 16.398
2456325.83551 16.419
2456325.83846 16.415
2456325.8414 16.421
2456325.84434 16.447
2456325.85226 16.462
2456325.85521 16.484
2456325.85816 16.516
2456325.8611 16.499
2456325.86406 16.505
2456325.86701 16.523
2456325.86995 16.517
2456325.87291 16.522
2456325.87586 16.509
2456325.87881 16.516
2456325.88567 16.458
2456325.88862 16.46
2456325.89156 16.443
2456325.89451 16.453
2456325.89745 16.419
2456325.9004 16.424
2456325.90334 16.407
2456325.90629 16.385
2456325.90924 16.379
2456325.91218 16.359
