2456328.5802 16.654
2456328.58904 16.618
2456328.59197 16.609
2456328.59491 16.59
2456328.59785 16.59
2456328.62846 16.576
2456328.63141 16.599
2456328.63856 16.569
2456328.6415 16.569
2456328.64445 16.577
2456328.6474 16.591
2456328.65033 16.597
2456328.65327 16.583
2456328.65622 16.596
2456328.65917 16.582
2456328.66211 16.606
2456328.66505 16.573
2456328.67233 16.56
2456328.67529 16.543
2456328.67823 16.539
2456328.68118 16.53
2456328.70027 16.617
2456328.70321 16.612
2456328.70615 16.615
2456328.7091 16.617
2456328.71204 16.642
2456328.71498 16.611
2456328.71793 16.618
2456328.72528 16.562
2456328.72822 16.576
2456328.73117 16.571
2456328.73411 16.563
2456328.73705 16.551
2456328.74 16.517
2456328.74294 16.505
2456328.74588 16.496
2456328.74883 16.5
2456328.75178 16.489
2456328.75914 16.507
2456328.76208 16.511
2456328.76503 16.547
2456328.76797 16.55
2456328.77092 16.552
2456328.77387 16.564
2456328.77682 16.558
2456328.77976 16.57
2456328.78271 16.566
2456328.78566 16.586
2456328.79263 16.576
2456328.79558 16.588
2456328.79853 16.57
2456328.80442 16.58
2456328.80736 16.555
2456328.81032 16.549
2456328.81327 16.532
2456328.81621 16.538
2456328.81915 16.533
2456328.82634 16.556
2456328.8293 16.577
2456328.83225 16.593
2456328.8352 16.628
2456328.83815 16.627
2456328.8411 16.645
2456328.84405 16.636
2456328.84699 16.607
2456328.84994 16.634
2456328.85289 16.618
2456328.86268 16.614
2456328.86563 16.592
2456328.86857 16.606
2456328.87152 16.571
2456328.87447 16.604
2456328.87741 16.577
2456328.88036 16.555
2456328.8833 16.556
2456328.88625 16.537
2456328.89344 16.509
2456328.89646 16.535
2456328.89947 16.526
