2456331.56461 16.588
2456331.56759 16.548
2456331.57057 16.55
2456331.57355 16.54
2456331.57654 16.509
2456331.57952 16.536
2456331.59696 16.477
2456331.60592 16.513
2456331.60891 16.511
2456331.6119 16.559
2456331.61489 16.552
2456331.62385 16.591
2456331.63192 16.603
2456331.63492 16.616
2456331.6379 16.642
2456331.64088 16.644
2456331.64389 16.635
2456331.65287 16.626
2456331.65585 16.624
2456331.65883 16.637
2456331.66736 16.652
2456331.67035 16.643
2456331.67334 16.661
2456331.68529 16.708
2456331.68828 16.683
2456331.69126 16.66
2456331.70207 16.624
2456331.70506 16.593
2456331.70805 16.584
2456331.72258 16.532
2456331.72855 16.542
2456331.73453 16.523
2456331.73754 16.513
2456331.74052 16.497
2456331.7435 16.51
2456331.75196 16.558
2456331.75496 16.568
2456331.75795 16.561
2456331.76093 16.558
2456331.76391 16.576
2456331.76689 16.566
2456331.76989 16.599
2456331.77287 16.563
2456331.77586 16.602
2456331.77885 16.593
2456331.82465 16.646
2456331.83063 16.611
2456331.84256 16.597
2456331.84555 16.581
2456331.84853 16.57
2456331.85699 16.552
2456331.85999 16.537
2456331.86298 16.533
2456331.86596 16.497
2456331.86893 16.493
2456331.8719 16.48
