2452517.62811 16.488
2452517.62984 16.455
2452517.63157 16.355
2452517.63329 16.362
2452517.63502 16.427
2452517.63674 16.364
2452517.64071 16.238
2452517.64623 16.324
2452517.64808 16.316
2452517.6518 16.348
2452517.6537 16.379
2452517.65559 16.439
2452517.65928 16.366
2452517.66115 16.451
2452517.66673 16.535
2452517.67043 16.601
2452517.67609 16.571
2452517.68165 16.54
2452517.68355 16.68
2452517.68542 16.635
2452517.68913 16.618
2452517.69283 16.464
2452517.69653 16.443
2452517.69838 16.401
2452517.70023 16.332
2452517.70218 16.331
2452517.70405 16.267
2452517.7059 16.4
2452517.70775 16.424
2452517.71811 16.424
2452517.71996 16.391
2452517.72543 16.403
2452517.7309 16.414
2452517.73272 16.409
2452517.73645 16.367
2452517.73827 16.536
2452517.74012 16.494
2452517.74196 16.394
2452517.74378 16.336
2452517.7456 16.467
2452517.75481 16.317
2452517.75664 16.249
2452517.75847 16.353
2452517.76393 16.387
2452517.76577 16.376
2452517.77677 16.436
2452517.77861 16.485
2452517.78045 16.571
2452517.7841 16.538
2452517.78777 16.655
2452517.79351 16.699
2452517.79716 16.679
2452517.79899 16.561
2452517.80267 16.432
2452517.80449 16.493
2452517.80631 16.477
2452517.80823 16.344
2452517.81007 16.38
2452517.81191 16.321
2452517.81374 16.379
2452517.81558 16.439
2452517.81743 16.354
2452517.81929 16.331
2452517.82111 16.32
2452517.82482 16.356
2452517.82858 16.345
2452517.83044 16.313
2452517.83411 16.401
2452517.83594 16.424
2452517.83776 16.377
2452517.83959 16.442
2452517.84141 16.48
2452517.84325 16.407
2452517.84516 16.45
2452517.84699 16.495
2452517.84881 16.497
2452517.85065 16.365
2452517.85249 16.445
2452517.85432 16.438
2452517.85615 16.392
2452517.85798 16.383
2452517.86166 16.405
2452517.86538 16.308
2452517.86906 16.419
2452517.87087 16.261
2452517.87462 16.28
2452517.87832 16.34
2452517.88018 16.313
2452517.88395 16.351
2452517.88578 16.29
2452517.88764 16.358
