2455421.67728 16.376
2455421.69491 16.21
2455421.70371 16.229
2455421.71014 16.295
2455421.71307 16.347
2455421.716 16.334
2455421.71893 16.391
2455421.72186 16.367
2455421.72479 16.412
2455421.72772 16.392
2455421.73359 16.342
2455421.74285 16.313
2455421.7458 16.326
2455421.76345 16.349
2455421.76638 16.375
2455421.76932 16.395
2455421.77566 16.44
2455421.7786 16.48
2455421.7845 16.529
2455421.78745 16.423
2455421.79039 16.495
2455421.79333 16.337
2455421.80214 16.254
2455421.8202 16.239
2455421.82607 16.29
2455421.82901 16.359
2455421.83195 16.359
2455421.83489 16.444
2455421.84122 16.409
2455421.84415 16.446
2455421.84708 16.347
2455421.85002 16.373
2455421.85588 16.282
2455421.86176 16.28
2455421.86765 16.26
2455421.87691 16.34
2455421.87984 16.358
2455421.88279 16.38
2455421.88572 16.39
2455421.88865 16.477
2455421.89159 16.443
2455421.89452 16.49
2455421.89745 16.489
2455421.90038 16.539
2455421.90672 16.446
2455421.91258 16.362
2455421.91846 16.273
2455421.9214 16.259
2455421.92434 16.255
2455421.93022 16.245
2455421.94242 16.347
2455421.94536 16.398
2455421.9483 16.331
2455421.95124 16.454
2455421.95419 16.413
2455421.95712 16.372
2455421.96006 16.445
2455421.96299 16.447
