2453670.55758 1.699
2453670.56022 1.656
2453670.56287 1.685
2453670.60881 1.852
2453670.61145 1.797
2453670.61409 1.796
2453670.67858 1.643
2453670.68751 1.68
2453670.71394 1.823
2453670.71659 1.881
2453670.71923 1.868
2453670.72187 1.838
2453670.72779 1.756
2453670.73043 1.775
2453670.74102 1.703
2453670.74366 1.722
2453670.74895 1.729
2453670.75159 1.718
2453670.75423 1.733
2453670.79728 1.666
2453670.79992 1.664
2453670.80257 1.698
2453670.80521 1.729
2453670.80786 1.763
2453670.81388 1.842
2453670.81652 1.81
2453670.83238 1.799
2453670.83765 1.79
2453670.84029 1.808
2453670.84294 1.851
2453670.84558 1.762
2453670.85088 1.743
2453670.89996 1.894
2453670.9026 1.853
2453670.90525 1.783
2453670.90789 1.743
2453670.91054 1.684
2453670.91583 1.653
2453670.91848 1.669
2453670.94852 1.791
2453670.95117 1.848
2453670.95381 1.815
2453670.95645 1.843
2453670.9591 1.797
2453670.96174 1.792
2453670.96967 1.732
2453670.97232 1.713
2453670.9776 1.696
2453670.98025 1.695
2453670.98629 1.8
2453670.98894 1.873
2453670.99158 1.854
2453670.99422 1.967
2453670.99951 2.006
2453671.00216 1.997
2453671.00478 2.054
2453671.00742 2.007
2453671.01007 1.99
2453671.0127 2.011
