2454847.60541 0.71
2454847.64602 0.62
2454847.65316 0.715
2454847.65621 0.719
2454847.65926 0.788
2454847.66231 0.834
2454847.6684 0.829
2454847.67145 0.81
2454847.67754 0.795
2454847.68471 0.776
2454847.68776 0.768
2454847.6908 0.721
2454847.69383 0.63
2454847.69688 0.599
2454847.70602 0.564
2454847.71621 0.651
2454847.72231 0.702
2454847.7284 0.735
2454847.7345 0.752
2454847.73755 0.742
2454847.74059 0.729
2454847.74444 0.701
2454847.74749 0.669
2454847.75053 0.644
2454847.75358 0.631
2454847.75661 0.602
2454847.75966 0.572
2454847.76575 0.6
2454847.7688 0.642
2454847.77184 0.684
2454847.77875 0.737
2454847.7818 0.77
2454847.78485 0.755
2454847.78789 0.752
2454847.79093 0.765
2454847.79398 0.752
2454847.79702 0.761
2454847.80006 0.735
2454847.80309 0.714
2454847.80691 0.688
2454847.80997 0.632
2454847.81302 0.596
2454847.81606 0.555
2454847.8191 0.557
2454847.82215 0.557
2454847.8252 0.582
2454847.82824 0.616
2454847.8313 0.665
2454847.83434 0.703
2454847.84518 0.764
2454847.85126 0.733
2454847.85431 0.74
2454847.85736 0.732
2454847.8604 0.687
2454847.86345 0.675
2454847.8665 0.629
2454847.87063 0.592
2454847.87367 0.595
2454847.87672 0.562
2454847.88282 0.584
2454847.88586 0.599
2454847.895 0.719
2454847.89805 0.776
2454847.90217 0.8
2454847.90522 0.766
2454847.90827 0.791
2454847.91132 0.791
2454847.91437 0.76
2454847.91741 0.746
2454847.92045 0.697
2454847.9235 0.653
2454847.93673 0.55
2454847.93979 0.579
2454847.94283 0.589
2454847.94589 0.654
2454847.94892 0.658
2454847.95198 0.703
2454847.95504 0.697
