2454853.59962 1.181
2454853.60981 1.159
2454853.61286 1.144
2454853.64506 1.106
2454853.64811 1.101
2454853.65116 1.1
2454853.6542 1.101
2454853.65724 1.095
2454853.66941 1.066
2454853.67352 1.032
2454853.67657 1.004
2454853.67961 0.99
2454853.68266 0.978
2454853.68571 0.983
2454853.68874 1.027
2454853.69179 1.024
2454853.69483 1.077
2454853.69787 1.078
2454853.70092 1.096
2454853.70506 1.13
2454853.7081 1.191
2454853.71114 1.202
2454853.71418 1.216
2454853.71722 1.191
2454853.72026 1.173
2454853.72331 1.149
2454853.72635 1.128
2454853.72941 1.11
2454853.73247 1.057
2454853.7366 1.023
2454853.73964 0.995
2454853.74268 0.981
2454853.74572 0.982
2454853.74877 1.005
2454853.75182 1.027
2454853.75487 1.073
2454853.7801 1.098
2454853.78315 1.091
2454853.78921 1.056
2454853.79225 1.043
2454853.7994 1.0
2454853.8055 1.027
2454853.80854 1.037
2454853.81159 1.049
2454853.81463 1.062
2454853.81767 1.143
2454853.82072 1.15
2454853.82375 1.185
2454853.8268 1.198
2454853.83094 1.215
2454853.83398 1.204
