2453644.59725 2.996
2453644.59953 2.993
2453644.60181 3.012
2453644.60409 2.955
2453644.60637 3.064
2453644.60864 3.057
2453644.65069 3.046
2453644.65297 3.096
2453644.65525 2.981
2453644.66211 2.961
2453644.66439 2.971
2453644.66668 2.966
2453644.66896 3.031
2453644.67124 3.032
2453644.67352 2.984
2453644.67581 3.062
2453644.67809 3.087
2453644.68037 3.101
2453644.68265 3.11
2453644.69913 3.058
2453644.7037 3.013
2453644.70598 3.018
2453644.81982 3.007
2453644.82211 3.011
2453644.82895 2.953
2453644.83123 2.973
2453644.84084 2.996
2453644.84312 2.992
2453644.8454 3.0
2453644.84768 3.007
2453644.85452 3.063
2453644.8568 3.054
2453644.85908 3.115
2453644.86136 3.095
2453644.86363 3.138
2453644.86591 3.112
2453644.86819 3.173
2453644.8755 3.148
2453644.87778 3.11
2453644.88006 3.094
2453644.88462 3.034
2453644.88689 3.013
2453644.89145 2.999
2453644.89373 2.977
2453644.8983 2.989
2453644.90058 2.976
2453644.91021 3.06
2453644.91249 3.021
2453644.91477 3.059
2453644.91705 3.109
2453644.91933 3.136
2453644.92161 3.158
2453644.92389 3.121
2453644.92617 3.158
2453644.92845 3.12
2453644.93073 3.108
2453644.933 3.065
2453644.93528 3.055
2453644.93984 2.993
2453644.94212 2.999
