2453651.58106 3.004
2453651.58304 3.047
2453651.585 3.072
2453651.58697 3.068
2453651.58895 3.081
2453651.5929 3.154
2453651.59684 3.162
2453651.59881 3.194
2453651.60078 3.172
2453651.60276 3.109
2453651.60474 3.091
2453651.6067 3.082
2453651.60867 3.012
2453651.63093 2.828
2453651.6329 2.868
2453651.63684 2.895
2453651.63882 2.962
2453651.6408 2.933
2453651.64829 3.012
2453651.65027 3.036
2453651.65618 3.01
2453651.65816 2.96
2453651.66013 2.931
2453651.6621 2.898
2453651.66408 2.905
2453651.66604 2.876
2453651.66801 2.848
2453651.67196 2.82
2453651.67393 2.849
2453651.67591 2.811
2453651.6834 2.846
2453651.68537 2.858
2453651.68734 2.863
2453651.69327 2.83
2453651.72447 3.023
2453651.72714 2.979
2453651.72981 2.985
2453651.73248 2.929
2453651.73514 2.816
2453651.79162 2.788
2453651.79429 2.791
2453651.79696 2.772
2453651.79962 2.781
2453651.8023 2.779
2453651.80762 2.824
2453651.81028 2.803
2453651.81296 2.839
2453651.81558 2.81
2453651.8182 2.832
2453651.82083 2.865
2453651.82348 2.857
2453651.83043 2.872
2453651.83577 2.915
2453651.83838 2.989
2453651.84101 3.014
2453651.84365 2.996
2453651.84628 2.899
2453651.8489 2.911
2453651.85154 2.879
2453651.85418 2.863
2453651.85684 2.82
2453651.85952 2.782
2453651.86218 2.771
2453651.86485 2.801
2453651.86752 2.783
2453651.87442 2.854
2453651.87709 2.883
2453651.87976 2.885
2453651.88243 2.878
2453651.89312 2.963
2453651.90112 2.922
2453651.96339 2.947
2453651.96606 2.964
2453651.97142 2.814
2453651.97407 2.805
2453651.97674 2.767
2453651.98471 2.742
2453651.98738 2.757
2453651.99005 2.779
2453651.99805 2.815
