2454849.59158 1.205
2454849.59462 1.202
2454849.59766 1.148
2454849.60071 1.146
2454849.60681 1.103
2454849.60986 1.071
2454849.61291 1.066
2454849.61609 1.02
2454849.61913 1.024
2454849.62321 1.047
2454849.62626 1.067
2454849.6293 1.102
2454849.63234 1.14
2454849.63538 1.188
2454849.63845 1.191
2454849.64149 1.207
2454849.64756 1.211
2454849.65061 1.22
2454849.65474 1.208
2454849.65779 1.201
2454849.66083 1.175
2454849.66387 1.126
2454849.66692 1.078
2454849.66996 1.028
2454849.67301 1.03
2454849.68212 1.05
2454849.68994 1.113
2454849.69297 1.133
2454849.69603 1.126
2454849.69907 1.15
2454849.70211 1.164
2454849.70516 1.173
2454849.71125 1.175
2454849.7143 1.137
2454849.7214 1.103
2454849.72444 1.075
2454849.72749 1.051
2454849.73357 1.031
2454849.73966 1.048
2454849.7427 1.057
2454849.74574 1.113
2454849.74958 1.153
2454849.75262 1.174
2454849.75566 1.189
2454849.77392 1.2
2454849.77697 1.167
2454849.7811 1.118
2454849.78415 1.085
2454849.79023 1.031
2454849.79328 1.028
2454849.79937 1.022
2454849.80546 1.062
2454849.80849 1.1
2454849.81241 1.134
2454849.81545 1.169
2454849.81849 1.163
2454849.82154 1.183
2454849.82459 1.173
2454849.82763 1.195
2454849.83068 1.152
2454849.83373 1.187
2454849.83678 1.111
2454849.83983 1.113
2454849.84395 1.051
2454849.84699 1.027
2454849.85308 1.012
2454849.85612 1.038
2454849.85916 1.111
2454849.86221 1.107
2454849.86831 1.161
2454849.87136 1.175
2454849.87922 1.233
2454849.88226 1.228
2454849.8853 1.246
2454849.88834 1.238
2454849.89139 1.2
2454849.92902 1.149
2454849.9351 1.175
2454849.94534 1.197
2454849.94838 1.196
