2455419.69645 16.661
2455419.69938 16.629
2455419.7649 16.483
2455419.76784 16.457
2455419.77078 16.43
2455419.77372 16.422
2455419.78844 16.501
2455419.79476 16.575
2455419.80063 16.628
2455419.80358 16.71
2455419.80945 16.686
2455419.81239 16.623
2455419.81532 16.572
2455419.81825 16.502
2455419.82118 16.463
2455419.8275 16.425
2455419.83634 16.395
2455419.83928 16.399
2455419.84222 16.449
2455419.84516 16.466
2455419.8481 16.497
2455419.85103 16.546
2455419.85396 16.533
2455419.86322 16.622
2455419.86616 16.597
2455419.8691 16.623
2455419.87204 16.546
2455419.87497 16.562
2455419.87792 16.495
2455419.88087 16.483
2455419.8838 16.446
2455419.88674 16.407
2455419.89308 16.423
2455419.89894 16.501
2455419.90189 16.531
2455419.90485 16.515
2455419.91074 16.599
2455419.91369 16.653
2455419.91663 16.62
2455419.91957 16.679
2455419.9259 16.634
2455419.93177 16.562
2455419.96164 16.453
