2453669.55176 2.568
2453669.55441 2.463
2453669.55705 2.512
2453669.5597 2.523
2453669.56235 2.456
2453669.56499 2.434
2453669.56763 2.407
2453669.57296 2.373
2453669.57559 2.403
2453669.57826 2.415
2453669.58091 2.391
2453669.58354 2.416
2453669.5862 2.416
2453669.59243 2.527
2453669.5951 2.563
2453669.59779 2.576
2453669.60044 2.555
2453669.60309 2.607
2453669.60574 2.603
2453669.60839 2.617
2453669.61103 2.611
2453669.61368 2.619
2453669.61633 2.625
2453669.61897 2.623
2453669.62161 2.59
2453669.62426 2.509
2453669.62691 2.452
2453669.62955 2.391
2453669.63562 2.354
2453669.63829 2.302
2453669.64093 2.326
2453669.64358 2.373
2453669.64623 2.326
2453669.69995 2.323
2453669.70259 2.284
2453669.70524 2.359
2453669.70788 2.387
2453669.71052 2.402
2453669.71317 2.416
2453669.71583 2.39
2453669.72476 2.546
2453669.73005 2.604
2453669.73271 2.567
2453669.73535 2.595
2453669.73799 2.579
2453669.74064 2.527
2453669.74328 2.543
2453669.74592 2.534
2453669.74857 2.485
2453669.75122 2.45
2453669.75386 2.461
2453669.75651 2.502
2453669.75916 2.46
2453669.76519 2.304
2453669.79692 2.455
2453669.79956 2.441
2453669.80223 2.379
2453669.80829 2.406
2453669.81093 2.362
2453669.8699 2.348
2453669.87255 2.35
2453669.87518 2.285
2453669.87783 2.362
2453669.88047 2.345
2453669.88312 2.426
2453669.88576 2.417
2453669.88839 2.421
