2456592.74555 16.491
2456592.74784 16.512
2456592.75012 16.532
2456592.75241 16.569
2456592.7547 16.577
2456592.75699 16.604
2456592.75928 16.626
2456592.76158 16.634
2456592.76387 16.721
2456592.76615 16.732
2456592.77371 16.688
2456592.77599 16.663
2456592.77829 16.619
2456592.78058 16.578
2456592.78286 16.518
2456592.78515 16.482
2456592.78744 16.461
2456592.78973 16.443
2456592.79202 16.441
2456592.79911 16.451
2456592.8014 16.47
2456592.80369 16.477
2456592.80598 16.481
2456592.80828 16.513
2456592.81056 16.539
2456592.81285 16.542
2456592.81514 16.505
2456592.81743 16.536
2456592.83618 16.474
2456592.83847 16.454
2456592.84076 16.441
2456592.84305 16.409
2456592.84534 16.41
2456592.85175 16.394
2456592.85404 16.412
2456592.85633 16.396
2456592.85863 16.451
2456592.86091 16.488
2456592.86319 16.513
2456592.86549 16.54
2456592.86777 16.534
2456592.87006 16.585
2456592.87236 16.588
2456592.87737 16.614
2456592.87968 16.659
2456592.88197 16.666
2456592.88426 16.655
2456592.88654 16.681
2456592.88884 16.696
2456592.89343 16.618
2456592.89571 16.62
2456592.898 16.554
2456592.91715 16.431
2456592.91945 16.452
2456592.92174 16.491
2456592.92403 16.476
2456592.92632 16.487
2456592.93147 16.532
2456592.93377 16.523
2456592.93606 16.579
2456592.93835 16.575
2456592.94063 16.553
2456592.94292 16.559
2456592.94522 16.552
2456592.94751 16.516
2456592.9498 16.504
2456592.95209 16.487
2456592.95847 16.396
2456592.96076 16.392
2456592.96307 16.405
2456592.96536 16.389
2456592.96764 16.397
2456592.96995 16.39
2456592.97224 16.43
2456592.97453 16.475
2456592.97682 16.489
2456592.97911 16.494
2456592.9864 16.602
2456592.9887 16.661
2456592.99099 16.654
2456592.99329 16.672
2456592.99558 16.674
2456593.00016 16.67
2456593.00245 16.65
2456593.01343 16.557
2456593.01572 16.5
2456593.01802 16.483
2456593.02031 16.462
2456593.0226 16.45
2456593.02718 16.46
2456593.02947 16.46
2456593.03405 16.485
2456593.03916 16.524
2456593.04145 16.52
2456593.04374 16.565
