2456587.60618 16.578
2456587.60848 16.568
2456587.6177 16.518
2456587.62691 16.527
2456587.63192 16.606
2456587.68566 16.505
2456587.68796 16.501
2456587.69027 16.555
2456587.69487 16.601
2456587.69717 16.576
2456587.69948 16.615
2456587.70178 16.619
2456587.70407 16.624
2456587.70638 16.623
2456587.71528 16.602
2456587.71759 16.604
2456587.71991 16.579
2456587.72222 16.552
2456587.72452 16.561
2456587.72682 16.53
2456587.72913 16.522
2456587.73143 16.491
2456587.73373 16.501
2456587.76693 16.763
2456587.77154 16.761
2456587.77614 16.751
2456587.77844 16.747
2456587.78306 16.713
2456587.78536 16.664
2456587.79269 16.532
2456587.795 16.52
2456587.80191 16.497
2456587.80421 16.523
2456587.8065 16.524
2456587.80881 16.54
2456587.81113 16.591
2456587.81343 16.581
2456587.82059 16.655
2456587.82288 16.645
2456587.82518 16.617
2456587.82748 16.639
2456587.82979 16.648
2456587.839 16.603
2456587.84131 16.564
2456587.84659 16.511
2456587.84889 16.528
2456587.85119 16.502
2456587.85349 16.519
2456587.85579 16.508
2456587.8581 16.492
2456587.86271 16.553
2456587.86501 16.589
2456587.86731 16.614
2456587.87601 16.704
2456587.87832 16.713
2456587.88061 16.746
2456587.88292 16.729
2456587.88523 16.73
2456587.88753 16.777
2456587.88983 16.769
2456587.89213 16.758
2456587.89444 16.742
2456587.89956 16.666
2456587.90185 16.633
2456587.90416 16.581
2456587.90876 16.528
2456587.91106 16.489
2456587.91567 16.485
2456587.91797 16.494
2456587.94507 16.669
2456587.9524 16.629
2456587.95471 16.587
2456587.95701 16.57
2456587.96161 16.561
2456587.96391 16.542
2456587.96621 16.514
2456587.96852 16.528
2456587.97082 16.489
2456587.97312 16.481
2456587.98187 16.603
2456587.98417 16.64
2456587.98647 16.648
2456587.98877 16.711
2456587.99108 16.673
2456587.99338 16.712
2456587.99567 16.753
2456587.99798 16.774
2456588.0053 16.77
2456588.0099 16.74
2456588.0122 16.7
2456588.01679 16.652
2456588.0191 16.58
2456588.026 16.508
2456588.03259 16.48
2456588.03489 16.497
2456588.03719 16.544
2456588.0395 16.545
