2453656.71861 2.032
2453656.72395 1.937
2453656.7266 1.922
2453656.72923 1.899
2453656.73188 1.827
2453656.73451 1.807
2453656.73712 1.788
2453656.73975 1.727
2453656.74978 1.672
2453656.77106 1.85
2453656.77635 1.83
2453656.7817 1.799
2453656.78436 1.781
2453656.78703 1.768
2453656.83117 1.949
2453656.83815 1.999
2453656.84081 1.924
2453656.84881 1.805
2453656.85149 1.765
2453656.85415 1.768
2453656.85682 1.749
2453656.86216 1.729
2453656.86482 1.756
2453656.86749 1.754
2453656.89352 1.845
2453656.89618 1.81
2453656.89886 1.773
2453656.90152 1.776
2453656.92715 1.723
2453656.92982 1.811
2453656.93248 1.866
2453656.93515 1.876
2453656.93782 1.928
2453656.94048 1.961
2453656.94314 1.952
2453656.9458 1.982
2453656.94848 1.981
2453656.95114 1.977
2453656.9538 1.917
2453656.95646 1.88
2453656.95912 1.807
2453656.96179 1.823
2453656.96445 1.795
2453656.97133 1.725
2453656.97666 1.727
2453656.97932 1.735
2453656.98198 1.767
2453656.98464 1.786
2453656.98731 1.818
2453656.98997 1.84
2453656.99263 1.865
2453656.99529 1.884
2453656.99797 1.853
2453657.00063 1.921
2453657.00597 1.915
