2454848.58146 0.531
2454848.59047 0.643
2454848.59347 0.665
2454848.59648 0.68
2454848.59949 0.712
2454848.60249 0.718
2454848.6055 0.7
2454848.60853 0.699
2454848.61258 0.696
2454848.61559 0.657
2454848.6186 0.625
2454848.62161 0.563
2454848.62462 0.54
2454848.62763 0.535
2454848.63363 0.52
2454848.63964 0.557
2454848.64435 0.589
2454848.64735 0.601
2454848.65036 0.623
2454848.65637 0.651
2454848.65937 0.678
2454848.66238 0.683
2454848.66539 0.674
2454848.6684 0.668
2454848.67142 0.665
2454848.6755 0.619
2454848.68451 0.528
2454848.68751 0.518
2454848.69052 0.503
2454848.69353 0.531
2454848.69653 0.541
2454848.69954 0.597
2454848.70254 0.652
2454848.70664 0.67
2454848.70964 0.677
2454848.71266 0.676
2454848.71867 0.702
2454848.72169 0.714
2454848.72469 0.706
2454848.7277 0.697
2454848.73071 0.683
2454848.73373 0.633
2454848.73775 0.615
2454848.74074 0.55
2454848.74374 0.536
2454848.74675 0.532
2454848.74976 0.538
2454848.75578 0.55
2454848.75878 0.568
2454848.76179 0.62
2454848.76481 0.626
2454848.77165 0.66
2454848.77465 0.71
2454848.77766 0.686
2454848.78366 0.649
2454848.78666 0.679
2454848.78966 0.64
2454848.79267 0.597
2454848.80264 0.575
2454848.80565 0.54
2454848.80866 0.555
2454848.81166 0.54
2454848.81466 0.574
2454848.81767 0.591
2454848.82067 0.671
2454848.83355 0.773
2454848.83656 0.76
2454848.83956 0.74
2454848.84559 0.68
2454848.86831 0.561
2454848.87735 0.646
2454848.88335 0.679
2454848.88636 0.701
2454848.88936 0.702
2454848.91747 0.577
2454848.92521 0.558
2454848.93123 0.591
2454848.93425 0.627
2454848.9403 0.681
