2453646.57808 2.743
2453646.58037 2.781
2453646.58267 2.833
2453646.58496 2.86
2453646.58724 2.89
2453646.58952 2.904
2453646.5918 2.902
2453646.59868 3.078
2453646.60098 3.034
2453646.60327 3.06
2453646.60557 3.162
2453646.60786 3.147
2453646.61556 3.048
2453646.61786 2.932
2453646.62016 2.986
2453646.62245 2.975
2453646.62475 2.876
2453646.63624 2.774
2453646.63856 2.752
2453646.64085 2.761
2453646.64544 2.752
2453646.65083 2.861
2453646.65313 2.891
2453646.65772 2.882
2453646.72767 3.055
2453646.73229 3.021
2453646.73459 2.928
2453646.73688 2.958
2453646.75757 2.786
2453646.76273 2.803
2453646.76733 2.819
2453646.77191 2.926
2453646.77419 2.912
2453646.7765 2.927
2453646.77879 2.943
2453646.78338 2.935
2453646.79256 2.841
2453646.79486 2.85
2453646.80006 2.781
2453646.80235 2.755
2453646.80695 2.751
2453646.80925 2.758
2453646.81155 2.778
2453646.81385 2.777
2453646.81615 2.774
2453646.81845 2.871
2453646.82074 2.877
2453646.82536 2.938
2453646.9143 2.824
2453646.92349 2.848
2453646.92578 2.868
2453646.92808 2.922
2453646.93037 2.959
2453646.93266 2.976
2453646.93496 3.001
2453646.93726 3.008
2453646.93956 3.069
2453646.94186 3.068
2453646.94416 3.076
2453646.94929 3.17
2453646.9516 3.177
2453646.9562 3.147
2453646.9608 3.12
2453646.96309 3.067
2453646.9654 3.053
2453646.9677 2.978
2453646.97 2.965
2453646.9723 2.873
