2453675.57824 3.031
2453675.58088 3.007
2453675.58353 2.983
2453675.58617 2.998
2453675.58881 2.942
2453675.59144 2.959
2453675.59409 2.954
2453675.6216 2.893
2453675.62423 2.878
2453675.66765 2.85
2453675.6703 2.865
2453675.67293 2.826
2453675.67558 2.847
2453675.67822 2.841
2453675.68087 2.821
2453675.68351 2.831
2453675.68615 2.837
2453675.71069 2.967
2453675.71328 2.937
2453675.71588 2.946
2453675.7664 3.112
2453675.769 3.091
2453675.77163 3.048
2453675.77427 3.071
2453675.81248 2.902
2453675.81511 2.865
2453675.81774 2.877
2453675.823 2.841
2453675.82558 2.865
2453675.83077 2.863
2453675.83863 2.81
2453675.84653 2.789
2453675.8633 2.858
2453675.86589 2.889
2453675.86849 2.894
2453675.89793 2.944
2453675.90052 2.859
2453675.90311 2.882
2453675.9057 2.761
2453675.9083 2.763
2453675.9109 2.737
2453675.91349 2.756
2453675.92349 2.747
