2455422.6511 16.476
2455422.65405 16.512
2455422.65699 16.488
2455422.65993 16.482
2455422.66287 16.468
2455422.66582 16.359
2455422.66876 16.386
2455422.67171 16.312
2455422.68394 16.36
2455422.68688 16.385
2455422.68981 16.408
2455422.69274 16.424
2455422.69568 16.46
2455422.69862 16.517
2455422.70155 16.449
2455422.70448 16.481
2455422.71699 16.518
2455422.71993 16.58
2455422.72286 16.484
2455422.7258 16.449
2455422.72873 16.349
2455422.73755 16.337
2455422.7439 16.328
2455422.75566 16.471
2455422.76156 16.53
2455422.76746 16.519
2455422.77041 16.525
2455422.77678 16.404
2455422.77971 16.475
2455422.78267 16.436
2455422.78561 16.394
2455422.7915 16.321
2455422.81546 16.446
2455422.82135 16.549
2455422.82724 16.542
2455422.83018 16.584
2455422.83314 16.486
2455422.83609 16.491
2455422.84242 16.447
2455422.84535 16.41
2455422.84829 16.396
2455422.85123 16.314
2455422.85416 16.303
2455422.8571 16.331
2455422.86004 16.311
2455422.87518 16.491
2455422.87812 16.509
2455422.88105 16.511
2455422.88398 16.472
2455422.88691 16.471
2455422.88986 16.473
2455422.8928 16.46
2455422.89573 16.414
2455422.89866 16.402
2455422.90159 16.375
2455422.90791 16.374
2455422.91084 16.292
2455422.91378 16.305
2455422.9167 16.32
2455422.91963 16.381
2455422.92257 16.415
2455422.9255 16.459
2455422.92843 16.419
2455422.93136 16.434
2455422.93429 16.471
2455422.94353 16.593
2455422.94647 16.571
2455422.9494 16.544
2455422.95234 16.566
2455422.95527 16.444
2455422.96408 16.359
