2453643.65404 1.952
2453643.65631 1.942
2453643.66088 1.896
2453643.66543 1.864
2453643.66771 1.871
2453643.66999 1.819
2453643.67456 1.826
2453643.67684 1.819
2453643.67912 1.916
2453643.6814 1.957
2453643.68368 1.907
2453643.68598 1.966
2453643.69116 2.072
2453643.69343 2.028
2453643.69572 2.099
2453643.70028 2.161
2453643.70484 2.087
2453643.70712 2.103
2453643.70941 2.078
2453643.71397 2.034
2453643.71625 2.007
2453643.71853 1.971
2453643.72081 1.867
2453643.77901 1.896
2453643.78129 1.832
2453643.78357 1.818
2453643.78585 1.814
2453643.82033 2.141
2453643.82945 2.021
2453643.83173 1.977
2453643.83401 1.965
2453643.93253 2.149
2453643.93481 2.18
2453643.93709 2.149
2453643.93937 2.095
2453643.94164 2.136
2453643.94392 2.104
2453643.9462 2.043
2453643.94848 2.064
2453643.95076 2.054
2453643.95304 1.953
2453643.96493 1.794
2453643.96721 1.8
2453643.96949 1.788
2453643.97178 1.82
2453643.97405 1.796
2453643.97633 1.839
2453643.97864 1.849
2453643.98092 1.908
2453643.9832 1.902
2453643.98547 1.889
2453643.98775 1.915
2453643.99003 1.955
2453643.99461 1.992
2453643.99688 2.013
