2456670.79798 17.351
2456670.80388 17.314
2456670.80684 17.305
2456670.80979 17.371
2456670.81866 17.353
2456670.82487 17.466
2456670.82782 17.453
2456670.83077 17.474
2456670.83372 17.442
2456670.83962 17.479
2456670.84258 17.485
2456670.84553 17.457
2456670.84849 17.476
2456670.85144 17.434
2456670.85842 17.299
2456670.86137 17.373
2456670.86432 17.26
2456670.86727 17.31
2456670.87022 17.37
2456670.87318 17.336
2456670.87613 17.294
2456670.87908 17.265
2456670.88204 17.315
2456670.88499 17.302
2456670.89133 17.392
2456670.89428 17.455
2456670.89723 17.412
2456670.90018 17.444
2456670.90314 17.46
2456670.90609 17.494
2456670.90904 17.519
2456670.91199 17.469
2456670.91495 17.461
2456670.9179 17.38
2456670.92827 17.349
2456670.93122 17.31
2456670.93417 17.334
2456670.93712 17.311
2456670.94008 17.342
2456670.94598 17.385
2456670.94893 17.423
2456670.95189 17.435
2456670.95832 17.433
2456670.96127 17.428
2456670.96422 17.451
2456670.96717 17.452
2456670.97012 17.515
2456670.97307 17.506
2456670.97602 17.561
2456670.97897 17.531
2456670.98193 17.482
2456670.98489 17.442
2456670.9925 17.292
2456670.99546 17.298
2456670.99842 17.304
2456671.00138 17.297
2456671.00434 17.319
2456671.0073 17.323
2456671.01025 17.343
2456671.01321 17.305
2456671.01616 17.341
2456671.01912 17.333
2456671.02533 17.35
2456671.02828 17.406
2456671.03123 17.387
2456671.03418 17.413
2456671.03713 17.455
2456671.04009 17.469
2456671.04304 17.462
2456671.046 17.483
2456671.04896 17.46
2456671.05191 17.403
2456671.06023 17.346
2456671.06319 17.313
2456671.06614 17.283
2456671.06909 17.286
2456671.07205 17.307
2456671.075 17.301
