2456667.80158 17.367
2456667.80453 17.314
2456667.80748 17.377
2456667.81339 17.349
2456667.81634 17.34
2456667.81929 17.396
2456667.82224 17.362
2456667.82519 17.427
2456667.82815 17.49
2456667.83449 17.472
2456667.83744 17.551
2456667.84335 17.518
2456667.8463 17.454
2456667.84925 17.387
2456667.8522 17.425
2456667.85515 17.363
2456667.8581 17.393
2456667.86106 17.381
2456667.86814 17.314
2456667.87109 17.335
2456667.87404 17.364
2456667.877 17.413
2456667.87996 17.42
2456667.88291 17.403
2456667.88586 17.44
2456667.88881 17.407
2456667.89178 17.447
2456667.90094 17.508
2456667.90389 17.55
2456667.90685 17.551
2456667.9098 17.56
2456667.91275 17.51
2456667.9157 17.486
2456667.91865 17.42
2456667.92161 17.404
2456667.92456 17.338
2456667.92751 17.334
2456667.93483 17.372
2456667.93779 17.344
2456667.94074 17.351
2456667.94369 17.368
2456667.94664 17.379
2456667.94959 17.373
2456667.95254 17.426
2456667.95549 17.459
2456667.95845 17.517
2456667.9614 17.496
2456667.9677 17.519
2456667.97066 17.536
2456667.97361 17.483
2456667.97656 17.48
2456667.97951 17.506
2456667.98247 17.439
2456667.98543 17.391
2456667.98838 17.389
2456667.99133 17.384
2456667.99429 17.354
2456668.0006 17.367
2456668.00355 17.335
2456668.0065 17.364
2456668.00946 17.371
2456668.01537 17.437
2456668.01832 17.412
2456668.02127 17.454
2456668.02423 17.494
2456668.02718 17.531
2456668.03363 17.528
2456668.03658 17.528
2456668.03953 17.538
2456668.04247 17.561
2456668.04543 17.493
2456668.04838 17.505
2456668.05133 17.441
2456668.05429 17.406
2456668.05724 17.37
2456668.06021 17.343
2456668.06674 17.33
2456668.06969 17.314
2456668.07265 17.316
2456668.07559 17.292
