2454407.64185 1.071
2454407.64791 1.086
2454407.65096 1.079
2454407.65707 1.075
2454407.66314 1.127
2454407.66619 1.102
2454407.66931 1.117
2454407.67236 1.148
2454407.67541 1.147
2454407.67844 1.123
2454407.68135 1.183
2454407.68429 1.194
2454407.69422 1.211
2454407.76403 1.138
2454407.76706 1.145
2454407.77005 1.119
2454407.77307 1.118
2454407.77608 1.113
2454407.77906 1.095
2454407.78213 1.097
2454407.78909 1.106
2454407.79205 1.126
2454407.79499 1.176
2454407.79793 1.155
2454407.80393 1.164
2454407.80985 1.201
2454407.86195 1.174
2454407.86792 1.169
2454407.871 1.141
2454407.87405 1.124
2454407.87708 1.121
2454407.89017 1.103
2454407.89628 1.103
2454407.92958 1.143
2454407.93651 1.171
2454407.93955 1.197
2454407.9425 1.207
2454407.96062 1.222
2454407.96368 1.182
2454407.96981 1.174
2454407.97285 1.165
2454407.97591 1.146
