2454408.5569 0.624
2454408.55995 0.599
2454408.56295 0.607
2454408.56596 0.59
2454408.58406 0.599
2454408.5871 0.581
2454408.59013 0.593
2454408.59979 0.625
2454408.60281 0.605
2454408.60578 0.623
2454408.6088 0.631
2454408.61176 0.627
2454408.61468 0.637
2454408.61772 0.652
2454408.62064 0.649
2454408.62359 0.647
2454408.62657 0.663
2454408.62955 0.672
2454408.6325 0.672
2454408.63559 0.665
2454408.63855 0.673
2454408.64526 0.674
2454408.64835 0.676
2454408.65131 0.639
2454408.65428 0.66
2454408.65725 0.647
2454408.66027 0.648
2454408.66322 0.639
2454408.66618 0.662
2454408.66913 0.649
2454408.67209 0.646
2454408.67498 0.627
2454408.67793 0.615
2454408.68091 0.614
2454408.68385 0.598
2454408.6868 0.614
2454408.69362 0.615
2454408.69656 0.605
2454408.70544 0.576
2454408.70837 0.584
2454408.71129 0.6
2454408.71425 0.596
2454408.72314 0.61
2454408.72613 0.6
2454408.74167 0.669
2454408.76553 0.705
2454408.77442 0.682
2454408.7775 0.693
2454408.78047 0.685
2454408.78347 0.687
2454408.79013 0.663
2454408.79313 0.683
2454408.79608 0.651
2454408.79903 0.657
2454408.80198 0.63
2454408.80494 0.633
2454408.80791 0.623
2454408.81974 0.606
2454408.82271 0.612
2454408.82567 0.6
2454408.83832 0.615
2454408.8444 0.639
2454408.84741 0.636
2454408.85343 0.639
2454408.85948 0.657
2454408.8686 0.657
