2454409.60877 0.946
2454409.61185 0.948
2454409.61496 0.929
2454409.61806 0.948
2454409.62117 0.939
2454409.62427 0.967
2454409.62737 0.97
2454409.63047 0.966
2454409.63357 0.941
2454409.63666 0.963
2454409.63977 0.973
2454409.64285 0.989
2454409.66958 1.016
2454409.67261 1.022
2454409.68711 1.035
2454409.69012 1.058
2454409.69305 1.038
2454409.69601 1.02
2454409.69896 1.019
2454409.70191 1.03
2454409.70487 1.033
2454409.70782 1.026
2454409.71079 1.029
2454409.71374 1.012
2454409.7167 0.993
2454409.71965 1.024
2454409.7226 1.011
2454409.72944 0.967
2454409.73237 0.964
2454409.73541 0.962
2454409.74441 0.955
2454409.74738 0.956
2454409.75042 0.945
2454409.77518 0.951
2454409.78325 0.942
2454409.78626 0.94
2454409.78922 0.958
2454409.7922 0.95
2454409.79517 0.913
2454409.79815 0.918
2454409.80408 0.935
2454409.80705 0.941
2454409.81002 0.982
2454409.81299 0.971
2454409.81599 0.976
2454409.81897 0.958
2454409.82194 0.976
2454409.8249 0.987
2454409.83163 1.024
2454409.84271 1.04
2454409.84567 1.05
2454409.84862 1.018
2454409.8516 1.004
2454409.85456 1.002
2454409.85753 0.995
2454409.86051 0.99
2454409.86946 0.977
2454409.87244 0.978
2454409.8754 0.965
2454409.87837 0.943
2454409.88132 0.952
2454409.88431 0.95
2454409.89101 0.962
2454409.89399 0.965
2454409.89699 0.97
2454409.89996 0.985
2454409.90294 0.971
2454409.92079 0.968
2454409.9268 0.986
2454409.92981 0.987
2454409.93944 1.003
2454409.95129 1.043
2454409.95426 1.037
2454409.95722 1.036
