2455542.62907 16.405
2455542.63207 16.444
2455542.63506 16.461
2455542.63805 16.471
2455542.64104 16.447
2455542.66425 16.372
2455542.66725 16.352
2455542.67322 16.356
2455542.67621 16.382
2455542.67921 16.377
2455542.6822 16.414
2455542.68519 16.438
2455542.68818 16.405
2455542.69117 16.391
2455542.699 16.437
2455542.70199 16.446
2455542.70498 16.442
2455542.70795 16.423
2455542.71992 16.433
2455542.7229 16.421
2455542.72589 16.438
2455542.7343 16.39
2455542.73729 16.393
2455542.74027 16.378
2455542.74328 16.375
2455542.74626 16.366
2455542.75524 16.383
2455542.75823 16.395
2455542.76122 16.417
2455542.76925 16.458
2455542.77225 16.456
2455542.77524 16.428
2455542.77824 16.46
2455542.78122 16.447
2455542.78423 16.394
2455542.78724 16.417
2455542.79021 16.381
2455542.7932 16.39
2455542.81031 16.384
2455542.81331 16.361
2455542.81631 16.366
2455542.81931 16.401
2455542.82229 16.413
2455542.82528 16.426
2455542.82827 16.436
2455542.83127 16.42
2455542.84851 16.436
2455542.8515 16.416
2455542.8545 16.404
2455542.85749 16.442
2455542.86049 16.423
2455542.86349 16.431
2455542.88633 16.372
2455542.88931 16.392
2455542.89231 16.405
2455542.89531 16.416
2455542.89831 16.434
2455542.90131 16.426
2455542.90926 16.464
2455542.91522 16.457
2455542.91821 16.434
2455542.9212 16.441
2455542.92418 16.426
2455542.92718 16.379
2455542.93017 16.392
2455542.94754 16.413
2455542.95351 16.427
2455542.9565 16.45
