2455557.59401 16.424
2455557.597 16.412
2455557.59999 16.35
2455557.60897 16.332
2455557.61196 16.326
2455557.61496 16.305
2455557.61795 16.281
2455557.62856 16.284
2455557.63156 16.33
2455557.63457 16.299
2455557.63757 16.317
2455557.64057 16.351
2455557.64356 16.356
2455557.64655 16.339
2455557.66773 16.375
2455557.67072 16.4
2455557.67372 16.362
2455557.67969 16.334
2455557.6827 16.343
2455557.68569 16.32
2455557.68868 16.319
2455557.69169 16.288
2455557.75647 16.306
2455557.75948 16.301
2455557.7625 16.312
2455557.76552 16.336
2455557.76853 16.32
2455557.78357 16.309
2455557.7918 16.323
2455557.79478 16.349
2455557.79778 16.353
2455557.80077 16.333
2455557.80376 16.389
2455557.80677 16.392
2455557.81277 16.369
2455557.81577 16.328
2455557.81877 16.315
2455557.83749 16.291
2455557.8405 16.297
2455557.8435 16.279
2455557.84649 16.304
2455557.8495 16.336
2455557.8525 16.394
2455557.85549 16.382
2455557.86369 16.375
2455557.86667 16.355
2455557.86967 16.334
2455557.87267 16.317
2455557.87566 16.303
2455557.87866 16.273
2455557.88165 16.259
2455557.88465 16.243
2455557.88765 16.235
2455557.90023 16.308
2455557.90323 16.304
2455557.90622 16.309
2455557.91524 16.319
2455557.91824 16.304
2455557.92124 16.318
2455557.92424 16.3
2455557.92724 16.306
2455557.9357 16.314
2455557.93868 16.348
2455557.94168 16.338
2455557.97146 16.253
2455557.97447 16.246
2455557.97747 16.261
2455557.98049 16.297
2455557.98349 16.309
2455557.98649 16.355
2455557.98948 16.366
2455557.99248 16.378
2455557.99547 16.377
