2456668.79645 17.313
2456668.80235 17.3
2456668.81121 17.338
2456668.81712 17.421
2456668.82007 17.423
2456668.83061 17.524
2456668.83356 17.571
2456668.83651 17.565
2456668.83947 17.531
2456668.84242 17.581
2456668.84538 17.503
2456668.84833 17.551
2456668.85129 17.449
2456668.85425 17.35
2456668.8572 17.339
2456668.86341 17.342
2456668.86636 17.327
2456668.86931 17.357
2456668.89775 17.519
2456668.91841 17.374
2456668.93053 17.324
2456668.93349 17.361
2456668.93644 17.317
2456668.93939 17.344
2456668.94234 17.325
2456668.94529 17.415
2456668.94825 17.357
2456668.9512 17.422
2456668.95415 17.407
2456668.95711 17.43
2456668.96492 17.489
2456668.96787 17.529
2456668.97083 17.506
2456668.97378 17.592
2456668.97673 17.55
2456668.97969 17.47
2456668.98264 17.486
2456668.98559 17.394
2456668.98855 17.424
2456668.9915 17.331
2456668.99771 17.369
2456669.00065 17.353
2456669.00361 17.378
2456669.00656 17.325
2456669.00951 17.33
2456669.01246 17.327
2456669.01541 17.346
2456669.01837 17.345
2456669.02132 17.393
2456669.02428 17.413
2456669.03061 17.504
2456669.03652 17.529
2456669.03949 17.488
2456669.04245 17.526
2456669.0454 17.512
2456669.04836 17.463
2456669.05132 17.455
2456669.05428 17.433
2456669.05724 17.382
2456669.06364 17.319
2456669.0666 17.328
2456669.06955 17.339
2456669.07251 17.338
2456669.07546 17.381
2456669.07842 17.35
