2455555.62179 16.355
2455555.62477 16.382
2455555.62777 16.388
2455555.63078 16.395
2455555.63379 16.404
2455555.63679 16.36
2455555.63979 16.372
2455555.6428 16.401
2455555.6458 16.353
2455555.66054 16.345
2455555.66353 16.348
2455555.66654 16.397
2455555.67253 16.425
2455555.67554 16.429
2455555.67854 16.404
2455555.68154 16.356
2455555.69242 16.339
2455555.69542 16.353
2455555.69841 16.318
2455555.70137 16.293
2455555.70438 16.314
2455555.70738 16.337
2455555.71037 16.345
2455555.7134 16.339
2455555.7164 16.377
2455555.72442 16.414
2455555.72742 16.41
2455555.73042 16.399
2455555.73343 16.389
2455555.73644 16.421
2455555.73943 16.343
2455555.74243 16.316
2455555.74542 16.276
2455555.74842 16.292
2455555.75968 16.346
2455555.76267 16.406
2455555.76568 16.401
2455555.76869 16.399
2455555.7717 16.39
2455555.77469 16.362
2455555.77769 16.385
2455555.7807 16.359
2455555.78369 16.373
2455555.78669 16.366
2455555.79499 16.415
2455555.79799 16.426
2455555.80099 16.431
2455555.80401 16.401
2455555.80701 16.405
2455555.80998 16.392
2455555.81298 16.396
2455555.81598 16.362
2455555.82982 16.326
2455555.83282 16.315
2455555.83583 16.335
2455555.84184 16.353
2455555.90023 16.364
2455555.90322 16.355
2455555.90623 16.357
2455555.90924 16.373
2455555.91225 16.358
2455555.91525 16.365
2455555.91828 16.366
2455555.93561 16.359
2455555.93861 16.345
2455555.94161 16.362
2455555.94462 16.366
2455555.94761 16.334
2455555.95062 16.316
2455555.95362 16.321
2455555.95663 16.324
2455555.97115 16.304
2455555.97415 16.317
2455555.97715 16.341
2455555.98015 16.37
2455555.98315 16.372
2455555.99216 16.362
2455555.99516 16.377
2455555.99814 16.326
2455556.01242 16.322
2455556.01543 16.312
2455556.03346 16.333
2455556.04157 16.389
2455556.04457 16.365
2455556.04758 16.378
