2455543.62227 16.443
2455543.65433 16.423
2455543.65732 16.455
2455543.66328 16.437
2455543.66626 16.412
2455543.66925 16.44
2455543.67222 16.39
2455543.69542 16.374
2455543.69841 16.421
2455543.70139 16.442
2455543.70441 16.467
2455543.70741 16.462
2455543.71535 16.437
2455543.71835 16.412
2455543.72134 16.394
2455543.73337 16.337
2455543.73637 16.31
2455543.73939 16.308
2455543.74241 16.317
2455543.75047 16.351
2455543.75347 16.38
2455543.75648 16.386
2455543.75948 16.379
2455543.76248 16.407
2455543.76551 16.426
2455543.77151 16.412
2455543.77451 16.405
2455543.77751 16.431
2455543.7859 16.409
2455543.7889 16.411
2455543.79189 16.421
2455543.7949 16.442
2455543.7979 16.415
2455543.80092 16.417
2455543.80391 16.393
2455543.80693 16.359
2455543.80994 16.368
2455543.81294 16.345
2455543.82127 16.342
2455543.8243 16.353
2455543.82731 16.367
2455543.8303 16.362
2455543.8333 16.407
2455543.8363 16.395
2455543.8393 16.438
2455543.84231 16.421
2455543.85967 16.382
2455543.86268 16.395
2455543.86568 16.327
2455543.86868 16.315
2455543.89491 16.403
2455543.89792 16.411
2455543.90093 16.407
2455543.90393 16.403
2455543.90693 16.4
2455543.90995 16.427
2455543.91295 16.431
2455543.92708 16.42
2455543.93009 16.431
2455543.93309 16.433
2455543.9361 16.425
2455543.93912 16.378
2455543.94212 16.389
2455543.94512 16.377
2455543.94813 16.336
2455543.95114 16.358
2455543.96226 16.447
2455543.96527 16.463
2455543.97128 16.482
2455543.97429 16.492
2455543.97733 16.46
2455543.98034 16.432
2455543.98333 16.409
2455543.98934 16.394
2455544.0326 16.402
2455544.03561 16.397
2455544.04162 16.414
