2455556.5736 16.331
2455556.5796 16.308
2455556.58259 16.318
2455556.59462 16.327
2455556.60062 16.339
2455556.61855 16.351
2455556.62155 16.328
2455556.62755 16.352
2455556.70426 16.366
2455556.70725 16.376
2455556.73887 16.401
2455556.77757 16.329
2455556.78056 16.375
2455556.80642 16.351
2455556.83138 16.332
2455556.83435 16.352
2455556.86194 16.369
2455556.86493 16.357
2455556.86792 16.366
2455556.87091 16.347
2455556.87688 16.319
2455556.87987 16.339
2455556.88286 16.325
2455556.88586 16.323
2455556.89275 16.247
2455556.89573 16.267
2455556.89872 16.245
2455556.90172 16.233
2455556.90473 16.235
2455556.90773 16.262
2455556.91074 16.263
2455556.91374 16.272
2455556.91672 16.297
2455556.91971 16.316
2455556.92962 16.284
2455556.93261 16.288
2455556.94463 16.247
2455556.94763 16.247
2455556.95064 16.25
2455556.95363 16.242
2455556.96359 16.283
2455556.96659 16.324
2455556.97258 16.311
2455556.98155 16.309
2455556.98452 16.321
2455556.98751 16.291
2455556.99443 16.344
2455556.99743 16.342
2455557.00045 16.329
2455557.00645 16.342
2455557.00945 16.36
2455557.01243 16.359
