2455559.56471 16.312
2455559.56771 16.322
2455559.5707 16.293
2455559.57368 16.328
2455559.57666 16.327
2455559.57966 16.331
2455559.58265 16.317
2455559.58566 16.333
2455559.58866 16.385
2455559.59166 16.354
2455559.60489 16.365
2455559.60787 16.36
2455559.61084 16.359
2455559.61682 16.312
2455559.6258 16.294
2455559.63539 16.324
2455559.64139 16.3
2455559.64439 16.322
2455559.64738 16.307
2455559.65036 16.344
2455559.65336 16.345
2455559.65636 16.345
2455559.66235 16.381
2455559.6695 16.389
2455559.6755 16.393
2455559.68448 16.352
2455559.68749 16.316
2455559.6905 16.338
2455559.6935 16.317
2455559.69649 16.302
2455559.73797 16.345
2455559.74097 16.33
2455559.74398 16.293
2455559.74698 16.272
2455559.74999 16.26
2455559.75299 16.289
2455559.756 16.264
2455559.759 16.271
2455559.76201 16.312
2455559.76501 16.295
2455559.77524 16.3
2455559.7842 16.328
2455559.78721 16.333
2455559.79022 16.334
2455559.79323 16.348
2455559.79624 16.356
2455559.79925 16.349
2455559.80653 16.382
2455559.81249 16.412
2455559.8155 16.382
2455559.82452 16.327
2455559.83052 16.343
2455559.84478 16.332
2455559.86134 16.386
2455559.86435 16.356
2455559.86736 16.379
