2455114.63214 1.984
2455114.63291 2.02
2455114.63368 1.992
2455114.63601 2.07
2455114.63832 2.067
2455114.6391 2.127
2455114.63987 2.136
2455114.64064 2.084
2455114.64142 2.068
2455114.64219 2.077
2455114.64296 2.075
2455114.64374 2.064
2455114.64528 2.091
2455114.64605 2.114
2455114.6476 2.035
2455114.64915 2.076
2455114.65301 2.08
2455114.65533 2.063
2455114.65611 2.004
2455114.65843 2.003
2455114.6592 2.044
2455114.66075 2.016
2455114.66229 2.002
2455114.66307 1.994
2455114.66461 1.982
2455114.66539 1.998
2455114.66616 1.975
2455114.66693 1.996
2455114.6677 1.949
2455114.66848 1.958
2455114.66925 1.969
2455114.67234 1.987
2455114.67311 1.99
2455114.67389 2.034
2455114.67543 2.022
2455114.67621 2.015
2455114.67698 2.022
2455114.67853 2.049
2455114.6793 2.023
2455114.68007 2.01
2455114.68084 2.003
2455114.68239 2.029
2455114.68394 2.06
2455114.68471 1.97
2455114.68625 1.962
2455114.68934 2.092
2455114.69012 2.018
2455114.69166 2.023
2455114.69244 2.045
2455114.69398 2.065
2455114.69475 2.042
2455114.69707 2.09
2455114.69785 2.025
2455114.69939 2.033
2455114.70016 2.086
2455114.70171 2.07
2455114.70403 2.049
2455114.7048 2.003
2455114.70557 2.012
2455114.70712 1.985
2455114.70789 2.003
2455114.70867 2.039
2455114.70944 1.99
2455114.71021 1.982
2455114.71176 1.949
2455114.71253 1.978
2455114.71408 1.966
2455114.71562 1.963
2455114.71717 1.971
2455114.71949 1.939
2455114.72258 1.912
2455114.72335 1.942
2455114.7249 1.908
2455114.72722 1.927
2455114.72799 1.945
2455114.72954 1.98
2455114.73031 1.978
2455114.73108 1.946
2455114.73185 1.908
2455114.73263 1.88
2455114.7334 1.918
2455114.73417 1.914
2455114.73572 1.942
2455114.73649 1.931
2455114.73726 1.938
2455114.73804 1.907
2455114.73881 1.942
2455114.73958 1.932
2455114.74036 1.926
2455114.74113 1.916
2455114.7419 1.933
2455114.74267 1.952
2455114.74345 1.91
2455114.74499 1.888
2455114.74731 1.954
2455114.74886 1.922
2455114.7504 1.958
2455114.75118 1.988
2455114.75272 2.009
2455114.75427 2.042
2455114.75504 2.021
2455114.75582 2.057
2455114.75659 2.1
2455114.75814 2.082
2455114.75891 2.085
2455114.76046 2.095
2455114.76123 2.016
2455114.762 2.119
2455114.76277 2.136
2455114.76355 2.103
2455114.76432 2.095
2455114.76509 2.065
2455114.76587 2.099
2455114.76664 2.058
2455114.76818 1.992
2455114.76896 2.018
2455114.76973 2.059
2455114.77128 2.056
2455114.77205 2.026
2455114.77282 2.06
2455114.7736 2.043
2455114.77437 2.016
2455114.77514 2.015
2455114.77592 1.98
2455114.77669 2.011
2455114.77823 2.046
2455114.77901 1.986
2455114.78055 1.975
2455114.7821 1.971
2455114.78365 1.998
2455114.78442 1.977
2455114.78519 1.958
2455114.78597 2.022
2455114.78906 2.015
2455114.79138 2.011
2455114.79292 1.998
2455114.7937 1.966
2455114.79447 1.995
2455114.79524 2.022
2455114.79601 2.011
2455114.79679 2.067
2455114.79756 2.013
2455114.79833 1.981
2455114.79911 2.034
2455114.79988 2.046
2455114.80066 2.053
2455114.8022 2.007
2455114.80452 2.003
2455114.80607 1.998
2455114.80684 1.964
2455114.80916 1.975
2455114.80993 1.972
2455114.81225 2.073
2455114.8138 2.03
2455114.81535 2.072
2455114.81922 2.029
2455114.82231 2.068
2455114.82463 2.006
2455114.82772 1.981
2455114.82927 2.0
2455114.83082 1.984
2455114.83159 1.975
2455114.83236 1.948
2455114.83314 1.97
2455114.83546 1.98
2455114.83623 1.959
2455114.83778 1.9
2455114.83855 1.933
2455114.83932 1.965
2455114.8401 1.936
2455114.84087 1.947
2455114.84164 1.903
2455114.84242 1.921
2455114.84319 1.912
2455114.84473 1.923
2455114.84551 1.894
2455114.84706 1.982
2455114.84862 1.938
2455114.85016 1.94
2455114.85249 1.946
2455114.85558 1.92
2455114.85635 1.933
2455114.8579 1.934
2455114.86022 1.875
2455114.86099 1.908
2455114.86177 1.918
2455114.86254 1.888
2455114.86409 1.917
2455114.86564 1.924
2455114.86641 1.897
2455114.86719 1.958
2455114.86796 1.908
2455114.86873 1.948
2455114.8695 1.961
2455114.87106 1.985
2455114.8726 1.973
2455114.87338 2.025
2455114.87415 2.013
2455114.87492 2.035
2455114.87569 2.049
2455114.87647 2.078
2455114.87801 2.095
2455114.87879 2.073
2455114.88111 2.086
2455114.88188 2.072
2455114.88343 2.128
2455114.8842 2.103
2455114.88498 2.059
2455114.88575 2.028
2455114.88884 2.052
2455114.88962 2.073
2455114.89116 2.067
2455114.9043 1.943
2455114.90508 2.018
2455114.9074 1.967
2455114.92982 2.016
2455114.9306 1.948
2455114.93137 2.099
2455114.93214 1.972
2455114.93291 2.064
2455114.9708 1.897
2455114.97158 1.961
2455114.97235 1.9
2455114.97312 1.961
2455114.97467 1.931
2455114.97621 1.908
2455114.97699 1.94
2455114.98549 1.919
