2455103.6624 3.302
2455103.66318 3.377
2455103.66395 3.348
2455103.66627 3.346
2455103.66781 3.356
2455103.66859 3.325
2455103.67013 3.375
2455103.6709 3.323
2455103.67322 3.398
2455103.67399 3.364
2455103.67554 3.328
2455103.67631 3.373
2455103.6794 3.335
2455103.68172 3.344
2455103.68249 3.282
2455103.68327 3.341
2455103.6879 3.378
2455103.69099 3.335
2455103.69254 3.289
2455103.69331 3.287
2455103.69563 3.303
2455103.69641 3.337
2455103.69795 3.338
2455103.70104 3.317
2455103.70337 3.389
2455103.70492 3.377
2455103.70723 3.39
2455103.70801 3.36
2455103.70878 3.37
2455103.70955 3.457
2455103.71032 3.399
2455103.7111 3.506
2455103.71264 3.443
2455103.71496 3.509
2455103.71574 3.422
2455103.71651 3.513
2455103.71728 3.435
2455103.71806 3.445
2455103.72037 3.481
2455103.72115 3.511
2455103.72192 3.465
2455103.72424 3.393
2455103.72501 3.442
2455103.72578 3.413
2455103.72656 3.392
2455103.72733 3.452
2455103.72965 3.465
2455103.7312 3.428
2455103.73429 3.353
2455103.73833 3.38
2455103.73987 3.313
2455103.74065 3.371
2455103.74374 3.428
2455103.74606 3.364
2455103.7476 3.415
2455103.74838 3.457
2455103.74915 3.359
2455103.75147 3.409
2455103.75224 3.431
2455103.75379 3.377
2455103.75456 3.38
2455103.75533 3.413
2455103.75688 3.397
2455103.75765 3.407
2455103.75842 3.345
2455103.7592 3.426
2455103.75997 3.486
2455103.76074 3.385
2455103.76229 3.448
2455103.76384 3.443
2455103.76461 3.416
2455103.76538 3.36
2455103.76616 3.432
2455103.7677 3.405
2455103.76848 3.412
2455103.77003 3.414
2455103.77158 3.483
2455103.77312 3.441
2455103.7739 3.442
2455103.77544 3.457
2455103.77622 3.44
2455103.77699 3.449
2455103.77853 3.408
2455103.77931 3.41
2455103.78085 3.393
2455103.78163 3.386
2455103.7824 3.31
2455103.78395 3.342
2455103.78472 3.344
2455103.78627 3.281
2455103.78704 3.316
2455103.78781 3.311
2455103.78858 3.346
2455103.79013 3.285
2455103.7909 3.297
2455103.79168 3.302
2455103.79245 3.383
2455103.79322 3.327
2455103.79399 3.374
2455103.79632 3.3
2455103.79709 3.293
2455103.79786 3.323
2455103.79941 3.333
2455103.80095 3.355
2455103.80173 3.322
2455103.80328 3.302
2455103.80405 3.307
2455103.80483 3.31
2455103.80947 3.361
2455103.81256 3.333
2455103.81333 3.359
2455103.81411 3.347
2455103.81565 3.355
2455103.81952 3.346
2455103.82029 3.325
2455103.82184 3.366
2455103.82339 3.35
2455103.82416 3.395
2455103.82493 3.387
2455103.82571 3.414
2455103.82648 3.354
2455103.82725 3.408
2455103.83035 3.445
2455103.83112 3.468
2455103.83189 3.452
2455103.83267 3.493
2455103.83499 3.438
2455103.83654 3.515
2455103.83731 3.499
2455103.83808 3.41
2455103.83963 3.499
2455103.8404 3.51
2455103.84195 3.481
2455103.8435 3.487
2455103.84504 3.479
2455103.84582 3.506
2455103.84737 3.464
2455103.84814 3.457
2455103.84891 3.448
2455103.85046 3.385
2455103.85124 3.375
2455103.85201 3.441
2455103.85278 3.397
2455103.85355 3.439
2455103.85433 3.354
2455103.8551 3.366
2455103.85665 3.352
2455103.85742 3.374
2455103.85819 3.316
2455103.85897 3.361
2455103.85974 3.318
2455103.86051 3.354
2455103.86206 3.416
2455103.86283 3.37
2455103.86361 3.39
2455103.86438 3.369
2455103.86515 3.409
2455103.86593 3.396
2455103.86748 3.357
2455103.86826 3.454
2455103.86981 3.396
2455103.87058 3.411
2455103.87135 3.397
2455103.8729 3.412
2455103.87522 3.399
2455103.87599 3.416
2455103.87676 3.384
2455103.8783 3.4
2455103.87908 3.385
2455103.87985 3.438
2455103.88062 3.348
2455103.8814 3.397
2455103.88217 3.407
2455103.88372 3.372
2455103.88449 3.353
2455103.88527 3.454
2455103.88604 3.349
2455103.88681 3.421
2455103.88758 3.435
2455103.88836 3.439
2455103.8899 3.445
2455103.89068 3.405
2455103.89145 3.392
2455103.89222 3.422
2455103.893 3.42
2455103.89377 3.452
2455103.89532 3.454
2455103.89609 3.4
2455103.89686 3.415
2455103.89763 3.383
2455103.89841 3.387
2455103.89918 3.386
2455103.90073 3.378
2455103.9015 3.358
2455103.90304 3.357
2455103.90459 3.316
2455103.90614 3.338
2455103.90691 3.336
2455103.90845 3.325
2455103.90923 3.336
2455103.91 3.342
2455103.91155 3.3
2455103.91232 3.327
2455103.91387 3.317
2455103.91464 3.316
2455103.91541 3.308
2455103.91696 3.301
2455103.91773 3.337
2455103.91928 3.307
2455103.92082 3.283
2455103.9216 3.277
2455103.92314 3.32
2455103.92392 3.325
2455103.92469 3.343
2455103.92546 3.274
2455103.92623 3.268
2455103.92701 3.322
2455103.92933 3.293
2455103.9301 3.306
2455103.93087 3.3
2455103.93164 3.28
2455103.93242 3.318
2455103.93396 3.288
2455103.93628 3.285
2455103.93705 3.324
2455103.93783 3.263
2455103.93937 3.254
2455103.94015 3.282
2455103.94169 3.267
2455103.94324 3.289
2455103.94478 3.362
2455103.94556 3.339
2455103.94633 3.303
2455103.94711 3.295
2455103.94788 3.407
2455103.94865 3.365
2455103.9502 3.379
2455103.95097 3.395
2455103.95252 3.448
2455103.95329 3.484
2455103.95407 3.48
2455103.95639 3.478
2455103.95793 3.457
2455103.95871 3.455
2455103.95948 3.448
2455103.96025 3.435
2455103.96257 3.358
2455103.96334 3.452
2455103.96412 3.415
2455103.96489 3.346
2455103.96566 3.4
2455103.96798 3.436
2455103.96953 3.291
2455103.9703 3.387
2455103.97107 3.399
2455103.97262 3.348
2455103.97339 3.351
2455103.97494 3.326
2455103.97571 3.341
2455103.97649 3.327
2455103.97803 3.278
2455103.97958 3.301
2455103.98035 3.348
2455103.98112 3.307
2455103.9819 3.292
2455103.98422 3.417
2455103.98654 3.381
2455103.98731 3.354
2455103.98808 3.315
2455103.98963 3.311
2455103.9904 3.373
2455103.99195 3.329
2455103.99349 3.3
2455103.99658 3.334
2455103.99813 3.335
