2455100.67253 2.368
2455100.67717 2.378
2455100.67794 2.42
2455100.68103 2.335
2455100.68181 2.354
2455100.68335 2.366
2455100.68413 2.397
2455100.6849 2.339
2455100.68567 2.345
2455100.68644 2.383
2455100.68722 2.319
2455100.68953 2.442
2455100.69031 2.397
2455100.69263 2.317
2455100.69417 2.386
2455100.69494 2.387
2455100.69727 2.314
2455100.70113 2.343
2455100.7019 2.408
2455100.70577 2.417
2455100.70654 2.41
2455100.70732 2.439
2455100.70809 2.461
2455100.70886 2.512
2455100.70964 2.495
2455100.71041 2.531
2455100.71118 2.496
2455100.71273 2.496
2455100.7135 2.564
2455100.71427 2.433
2455100.71504 2.489
2455100.71659 2.547
2455100.71736 2.591
2455100.71813 2.527
2455100.71891 2.498
2455100.71968 2.471
2455100.72045 2.59
2455100.722 2.507
2455100.72277 2.536
2455100.72432 2.49
2455100.72509 2.509
2455100.72586 2.513
2455100.72741 2.455
2455100.72818 2.465
2455100.72973 2.423
2455100.7305 2.454
2455100.73127 2.463
2455100.73282 2.443
2455100.73514 2.442
2455100.73591 2.414
2455100.73669 2.458
2455100.73746 2.412
2455100.73901 2.353
2455100.73978 2.446
2455100.74055 2.368
2455100.74132 2.449
2455100.7421 2.453
2455100.74287 2.441
2455100.74364 2.406
2455100.74442 2.439
2455100.74519 2.487
2455100.74596 2.437
2455100.74673 2.478
2455100.74751 2.438
2455100.74828 2.43
2455100.7506 2.485
2455100.75137 2.48
2455100.75292 2.458
2455100.75369 2.46
2455100.75524 2.471
2455100.75601 2.417
2455100.75756 2.461
2455100.75833 2.475
2455100.7591 2.461
2455100.76065 2.469
2455100.76142 2.496
2455100.76297 2.447
2455100.76452 2.481
2455100.76606 2.511
2455100.76838 2.51
2455100.76915 2.502
2455100.76993 2.445
2455100.77302 2.522
2455100.77379 2.493
2455100.77457 2.456
2455100.77534 2.429
2455100.77611 2.445
2455100.77689 2.482
2455100.77766 2.472
2455100.77843 2.452
2455100.77921 2.465
2455100.77998 2.482
2455100.78075 2.428
2455100.78152 2.439
2455100.78307 2.5
2455100.78384 2.471
2455100.78462 2.402
2455100.78539 2.379
2455100.78616 2.432
2455100.78693 2.455
2455100.78848 2.412
2455100.78925 2.437
2455100.7908 2.384
2455100.79157 2.367
2455100.79234 2.385
2455100.79389 2.377
2455100.79466 2.406
2455100.79621 2.397
2455100.79698 2.432
2455100.7993 2.407
2455100.80162 2.389
2455100.80239 2.36
2455100.80316 2.454
2455100.80471 2.385
2455100.80548 2.409
2455100.80625 2.418
2455100.80703 2.404
2455100.8078 2.389
2455100.80857 2.423
2455100.80934 2.408
2455100.81012 2.368
2455100.81089 2.365
2455100.81166 2.411
2455100.81244 2.367
2455100.81321 2.428
2455100.81398 2.44
2455100.81475 2.379
2455100.81707 2.385
2455100.81785 2.326
2455100.81862 2.364
2455100.81939 2.359
2455100.82016 2.396
2455100.82248 2.384
2455100.82326 2.362
2455100.82403 2.402
2455100.82557 2.415
2455100.82712 2.464
2455100.82789 2.468
2455100.82944 2.469
2455100.83021 2.51
2455100.83098 2.492
2455100.8333 2.602
2455100.83485 2.531
2455100.83639 2.595
2455100.83717 2.58
2455100.83871 2.539
2455100.84025 2.528
2455100.84103 2.537
2455100.8418 2.582
2455100.84257 2.5
2455100.84412 2.548
2455100.84489 2.534
2455100.84567 2.522
2455100.84644 2.501
2455100.84721 2.501
2455100.84798 2.471
2455100.8503 2.492
2455100.85107 2.523
2455100.85185 2.427
2455100.85262 2.474
2455100.85339 2.439
2455100.85571 2.45
2455100.85726 2.421
2455100.85803 2.384
2455100.86035 2.431
2455100.86112 2.389
2455100.86267 2.435
2455100.86344 2.407
2455100.86421 2.44
2455100.86576 2.433
2455100.86808 2.507
2455100.86885 2.515
2455100.86962 2.455
2455100.8704 2.454
2455100.87117 2.467
2455100.87194 2.515
2455100.87349 2.444
2455100.87426 2.491
2455100.87503 2.495
2455100.87581 2.475
2455100.87658 2.496
2455100.87735 2.5
2455100.87813 2.438
2455100.8789 2.517
2455100.88045 2.46
2455100.88122 2.434
2455100.88354 2.491
2455100.88431 2.49
2455100.88508 2.522
2455100.88585 2.503
2455100.88817 2.532
2455100.89049 2.563
2455100.89127 2.53
2455100.89204 2.49
2455100.89358 2.455
2455100.89436 2.527
2455100.8959 2.455
2455100.89745 2.448
2455100.89899 2.423
2455100.89977 2.485
2455100.90131 2.418
2455100.90208 2.479
2455100.90286 2.401
2455100.90518 2.429
2455100.90595 2.423
2455100.90672 2.439
2455100.9075 2.429
2455100.90827 2.4
2455100.90904 2.442
2455100.91136 2.359
2455100.91213 2.386
2455100.91291 2.432
2455100.91368 2.385
2455100.91445 2.412
2455100.91677 2.377
2455100.91832 2.363
2455100.91909 2.369
2455100.91986 2.433
2455100.92141 2.449
2455100.92218 2.396
2455100.92373 2.356
2455100.9245 2.387
2455100.92682 2.412
2455100.92759 2.389
2455100.92914 2.447
2455100.92991 2.375
2455100.93068 2.422
2455100.93223 2.345
2455100.933 2.359
2455100.93455 2.355
2455100.9361 2.35
2455100.93764 2.388
2455100.93841 2.38
2455100.93919 2.304
2455100.93996 2.362
2455100.94073 2.323
2455100.94151 2.397
2455100.94228 2.337
2455100.9446 2.388
2455100.94537 2.421
2455100.94614 2.387
2455100.94692 2.389
2455100.94769 2.413
2455100.94924 2.439
2455100.95001 2.417
2455100.95155 2.471
2455100.95233 2.448
2455100.9531 2.48
2455100.95465 2.499
2455100.95697 2.471
2455100.95774 2.517
2455100.96006 2.466
2455100.96083 2.394
2455100.96238 2.448
2455100.96315 2.429
2455100.96392 2.391
2455100.96547 2.374
2455100.96779 2.381
2455100.96933 2.365
2455100.97011 2.392
2455100.97165 2.464
2455100.97243 2.371
2455100.9732 2.419
2455100.97397 2.401
2455100.97475 2.369
2455100.97552 2.351
2455100.97706 2.382
2455100.97784 2.348
2455100.97861 2.382
2455100.98016 2.371
2455100.98093 2.434
2455100.98325 2.434
2455100.9848 2.444
2455100.98557 2.398
2455100.98634 2.454
2455100.98789 2.487
2455100.98866 2.45
2455100.99021 2.389
2455100.9933 2.471
2455100.99407 2.479
2455100.99562 2.416
2455100.99639 2.464
2455100.99717 2.432
2455100.99871 2.418
2455100.99949 2.428
2455101.00103 2.486
2455101.00258 2.462
2455101.00335 2.453
2455101.00412 2.428
2455101.0049 2.44
2455101.00799 2.392
2455101.00876 2.488
