2455122.60437 2.617
2455122.60833 2.549
2455122.6091 2.586
2455122.60988 2.59
2455122.61065 2.598
2455122.6122 2.596
2455122.61374 2.658
2455122.61452 2.657
2455122.61606 2.646
2455122.61683 2.574
2455122.61761 2.65
2455122.61838 2.582
2455122.61915 2.615
2455122.61993 2.612
2455122.6207 2.615
2455122.62147 2.669
2455122.62302 2.567
2455122.62379 2.637
2455122.62534 2.581
2455122.62611 2.588
2455122.62688 2.57
2455122.62843 2.591
2455122.6292 2.568
2455122.62997 2.546
2455122.63075 2.585
2455122.63152 2.578
2455122.63307 2.543
2455122.63461 2.546
2455122.63616 2.556
2455122.63693 2.562
2455122.6377 2.518
2455122.63848 2.531
2455122.64003 2.518
2455122.64157 2.503
2455122.64234 2.506
2455122.64544 2.501
2455122.64621 2.476
2455122.64775 2.507
2455122.64853 2.467
2455122.6493 2.492
2455122.65084 2.485
2455122.65162 2.525
2455122.65239 2.525
2455122.65316 2.495
2455122.65471 2.484
2455122.65548 2.529
2455122.65625 2.51
2455122.65702 2.51
2455122.65857 2.472
2455122.65934 2.511
2455122.66012 2.469
2455122.66166 2.482
2455122.66244 2.506
2455122.66398 2.469
2455122.66476 2.497
2455122.66553 2.495
2455122.6663 2.487
2455122.66785 2.456
2455122.6694 2.512
2455122.67171 2.503
2455122.67326 2.528
2455122.67558 2.537
2455122.67635 2.576
2455122.67713 2.606
2455122.67867 2.623
2455122.67945 2.599
2455122.68099 2.631
2455122.68254 2.653
2455122.68409 2.657
2455122.68486 2.647
2455122.68563 2.626
2455122.6864 2.694
2455122.68795 2.664
2455122.68872 2.647
2455122.6895 2.685
2455122.69028 2.672
2455122.69182 2.624
2455122.6926 2.619
2455122.69337 2.653
2455122.69414 2.651
2455122.69492 2.609
2455122.69569 2.598
2455122.69724 2.616
2455122.69801 2.58
2455122.69878 2.531
2455122.7011 2.578
2455122.70265 2.592
2455122.70497 2.527
2455122.70652 2.558
2455122.70806 2.568
2455122.70884 2.565
2455122.70961 2.538
2455122.71038 2.574
2455122.71193 2.554
2455122.7127 2.527
2455122.71347 2.579
2455122.71656 2.614
2455122.71734 2.601
2455122.71811 2.604
2455122.71889 2.575
2455122.72043 2.629
2455122.72121 2.592
2455122.72198 2.564
2455122.72275 2.614
2455122.72353 2.553
2455122.72507 2.616
2455122.72584 2.582
2455122.72662 2.606
2455122.72894 2.543
2455122.72971 2.576
2455122.73048 2.6
2455122.73126 2.613
2455122.7328 2.642
2455122.73435 2.608
2455122.73589 2.637
2455122.73667 2.57
2455122.73976 2.588
2455122.7413 2.645
2455122.74208 2.618
2455122.74362 2.601
2455122.74517 2.608
2455122.74594 2.665
2455122.74749 2.619
2455122.74826 2.622
2455122.74904 2.59
2455122.74981 2.557
2455122.75058 2.572
2455122.75136 2.602
2455122.75213 2.551
2455122.7529 2.581
2455122.75367 2.544
2455122.75445 2.561
2455122.75599 2.538
2455122.75677 2.581
2455122.75754 2.582
2455122.75831 2.509
2455122.75909 2.545
2455122.75986 2.562
2455122.7614 2.516
2455122.76218 2.502
2455122.76295 2.491
2455122.76372 2.5
2455122.7645 2.492
2455122.76604 2.456
2455122.76682 2.452
2455122.76759 2.464
2455122.76914 2.49
2455122.76991 2.479
2455122.77068 2.536
2455122.77146 2.495
2455122.773 2.501
2455122.77455 2.513
2455122.77533 2.487
2455122.77687 2.511
2455122.77842 2.495
2455122.77919 2.514
2455122.78074 2.554
2455122.78229 2.484
2455122.78383 2.451
2455122.78461 2.493
2455122.78538 2.464
2455122.78615 2.519
2455122.7877 2.461
2455122.78848 2.461
2455122.78925 2.51
2455122.79002 2.491
2455122.7908 2.484
2455122.79157 2.47
2455122.79235 2.468
2455122.79312 2.517
2455122.79389 2.484
2455122.79467 2.534
2455122.79544 2.577
2455122.79622 2.549
2455122.797 2.555
2455122.79777 2.588
2455122.79854 2.615
2455122.79932 2.649
2455122.80009 2.537
2455122.80086 2.67
2455122.80241 2.66
2455122.80319 2.672
2455122.80396 2.709
2455122.80473 2.653
2455122.80628 2.656
2455122.80783 2.683
2455122.8086 2.645
2455122.81015 2.65
2455122.8117 2.638
2455122.81402 2.654
2455122.81479 2.603
2455122.81557 2.616
2455122.81711 2.618
2455122.81789 2.598
2455122.81866 2.587
2455122.81944 2.553
2455122.82099 2.566
2455122.82253 2.524
2455122.82331 2.537
2455122.82485 2.535
2455122.82563 2.533
2455122.8264 2.559
2455122.82795 2.539
2455122.82872 2.506
2455122.82949 2.582
2455122.83027 2.541
2455122.83104 2.56
2455122.83181 2.509
2455122.83414 2.549
2455122.83568 2.578
2455122.83646 2.561
2455122.838 2.55
2455122.83878 2.556
2455122.83955 2.602
2455122.8411 2.56
2455122.84187 2.59
2455122.84342 2.564
2455122.84497 2.568
2455122.84574 2.583
2455122.84651 2.561
2455122.84729 2.568
2455122.84883 2.578
2455122.85038 2.611
2455122.85115 2.539
2455122.8527 2.592
2455122.85347 2.596
2455122.85425 2.555
2455122.85502 2.551
2455122.85579 2.602
2455122.85657 2.588
2455122.85812 2.629
2455122.85889 2.61
2455122.85966 2.643
2455122.86044 2.642
2455122.86121 2.596
2455122.86198 2.591
2455122.86276 2.611
2455122.86353 2.616
2455122.8643 2.657
2455122.86508 2.59
2455122.86663 2.557
2455122.8674 2.55
2455122.86817 2.544
2455122.86894 2.555
2455122.86972 2.561
2455122.87049 2.537
2455122.87126 2.601
2455122.87281 2.525
2455122.87436 2.563
2455122.87513 2.499
2455122.87591 2.531
2455122.87822 2.533
2455122.87977 2.475
2455122.88054 2.514
2455122.88209 2.476
2455122.88286 2.501
2455122.88364 2.48
2455122.88441 2.475
2455122.88518 2.476
2455122.88596 2.452
2455122.88673 2.491
2455122.8875 2.48
2455122.88827 2.444
2455122.88905 2.461
2455122.88982 2.457
2455122.89059 2.505
2455122.89137 2.504
2455122.89214 2.486
2455122.89291 2.506
2455122.89369 2.511
2455122.89446 2.496
2455122.89523 2.487
2455122.89601 2.508
2455122.89678 2.477
2455122.89755 2.483
2455122.89833 2.558
2455122.8991 2.514
2455122.90064 2.483
2455122.90219 2.504
2455122.90296 2.474
2455122.90374 2.465
2455122.90451 2.491
2455122.90606 2.43
2455122.90761 2.423
2455122.90838 2.512
2455122.90993 2.478
2455122.91148 2.535
2455122.91225 2.425
2455122.91303 2.462
2455122.9138 2.533
2455122.91457 2.502
2455122.91534 2.489
2455122.91689 2.545
2455122.91844 2.573
2455122.91921 2.636
2455122.92076 2.624
2455122.92307 2.698
2455122.92385 2.632
2455122.92462 2.662
2455122.92849 2.581
2455122.92926 2.626
2455122.93003 2.657
2455122.93158 2.587
2455122.93236 2.595
2455122.93313 2.564
2455122.9339 2.604
2455122.93468 2.564
2455122.93545 2.628
2455122.93622 2.585
2455122.937 2.54
2455122.93777 2.538
2455122.93932 2.532
2455122.94086 2.567
2455122.94164 2.552
2455122.94241 2.531
2455122.94318 2.574
2455122.94473 2.554
2455122.9455 2.475
2455122.94705 2.578
2455122.94782 2.486
2455122.94859 2.479
2455122.95014 2.502
