2456864.971921 +15.214
2456864.988171 +15.039
2456864.991956 +15.029
2456865.008079 +15.192
2456865.011852 +15.215
2456865.027905 +15.259
2456865.031667 +15.221
2456865.083935 +15.243
2456865.102732 +15.098
2456865.108912 +15.069
2456865.112963 +15.061
2456865.129109 +15.198
2456865.132778 +15.234
2456865.136447 +15.280
2456865.152546 +15.194
2456865.156215 +15.178
2456865.160046 +15.176
2456865.176250 +15.160
2456865.179919 +15.193
2456865.183588 +15.228
2456865.246551 +15.245
2456865.250220 +15.277
2456865.253889 +15.305
2456865.270081 +15.270
2456865.273750 +15.241
2456865.277419 +15.186
