2456900.861656 +15.908
2456900.866035 +15.859
2456900.870405 +15.838
2456900.874777 +15.847
2456900.879143 +15.872
2456900.883511 +15.905
2456900.887878 +15.954
2456900.898119 +15.973
2456900.902486 +15.971
2456900.906854 +15.971
2456900.911224 +15.910
2456900.916622 +15.825
2456900.920990 +15.734
2456900.925360 +15.713
2456900.929730 +15.706
2456900.934095 +15.703
2456900.938467 +15.732
2456900.942831 +15.774
2456900.956351 +15.966
2456900.960715 +15.951
2456900.965085 +15.919
2456900.971356 +15.857
2456900.975723 +15.839
2456900.980099 +15.797
2456900.984468 +15.787
2456900.988838 +15.769
2456900.993212 +15.802
2456900.997585 +15.804
2456901.001958 +15.847
2456901.006603 +15.899
2456901.025326 +15.900
2456901.029692 +15.904
2456901.034060 +15.865
2456901.038437 +15.780
2456901.042807 +15.735
2456901.047178 +15.698
2456901.051541 +15.661
2456901.116825 +15.853
2456901.121201 +15.837
2456901.125575 +15.859
2456901.129944 +15.915
2456901.134320 +15.950
2456901.138688 +15.948
