2456874.937728 +15.265
2456874.942091 +15.256
2456874.946455 +15.232
2456874.950823 +15.202
2456874.955189 +15.150
2456874.959558 +15.087
2456874.963935 +15.071
2456874.968301 +15.112
2456874.977561 +15.164
2456874.981929 +15.231
2456875.000134 +15.311
2456875.004502 +15.267
2456875.008869 +15.228
2456875.013239 +15.189
2456875.017604 +15.170
2456875.021968 +15.163
2456875.026333 +15.169
2456875.030702 +15.164
2456875.035071 +15.188
2456875.039437 +15.217
2456875.043801 +15.255
2456875.048165 +15.255
2456875.065270 +15.267
2456875.069635 +15.232
2456875.074004 +15.169
2456875.078372 +15.107
2456875.082740 +15.081
2456875.087107 +15.073
2456875.091474 +15.073
2456875.095838 +15.113
2456875.100208 +15.190
2456875.104574 +15.201
2456875.110380 +15.241
2456875.114745 +15.242
2456875.131134 +15.184
2456875.135502 +15.143
2456875.139872 +15.116
2456875.144234 +15.113
2456875.148600 +15.124
2456875.152964 +15.153
2456875.157336 +15.165
2456875.161703 +15.187
2456875.166069 +15.240
2456875.170435 +15.234
2456875.174800 +15.259
2456875.179167 +15.274
2456875.195802 +15.161
2456875.200168 +15.104
2456875.204534 +15.059
2456875.208898 +15.080
2456875.213262 +15.092
2456875.217629 +15.138
2456875.221992 +15.196
2456875.230733 +15.259
2456875.235100 +15.302
2456875.239466 +15.305
2456875.243832 +15.296
