2455311.6601 0.474
2455311.66228 0.422
2455311.66446 0.43
2455311.66664 0.53
2455311.66881 0.553
2455311.67099 0.591
2455311.67563 0.67
2455311.67781 0.63
2455311.67999 0.617
2455311.68217 0.62
2455311.68435 0.563
2455311.68653 0.573
2455311.69199 0.492
2455311.69417 0.486
2455311.69635 0.486
2455311.69857 0.464
2455311.70074 0.442
2455311.70292 0.449
2455311.70766 0.486
2455311.70983 0.508
2455311.71201 0.492
2455311.71419 0.534
2455311.71637 0.528
2455311.71864 0.512
2455311.72413 0.495
2455311.72631 0.488
2455311.72849 0.512
2455311.73067 0.548
2455311.73284 0.666
2455311.73503 0.647
2455311.73973 0.604
2455311.74191 0.615
2455311.74409 0.643
2455311.74632 0.611
2455311.7485 0.606
2455311.75068 0.548
2455311.75577 0.549
2455311.75795 0.585
2455311.76024 0.536
2455311.76242 0.553
2455311.7646 0.578
2455311.76678 0.542
2455311.77152 0.539
2455311.77371 0.541
2455311.77589 0.471
2455311.77807 0.506
2455311.78024 0.484
2455311.78249 0.535
2455311.78782 0.663
2455311.79 0.65
2455311.79221 0.618
2455311.79439 0.676
2455311.79657 0.659
2455311.79875 0.639
2455311.80348 0.517
2455311.80566 0.489
2455311.80784 0.48
2455311.81002 0.474
2455311.8122 0.478
2455311.8145 0.454
2455311.81959 0.446
2455311.82178 0.464
2455311.82395 0.479
2455311.82613 0.463
2455311.82838 0.527
2455311.83056 0.515
2455311.83531 0.527
2455311.83748 0.541
2455311.83966 0.548
2455311.84185 0.594
2455311.84403 0.626
2455311.84621 0.592
2455311.85138 0.751
2455311.85356 0.72
2455311.85574 0.675
2455311.85792 0.682
2455311.8601 0.669
2455311.86228 0.577
2455311.86694 0.583
2455311.86912 0.554
2455311.87142 0.547
2455311.87359 0.519
2455311.87577 0.515
2455311.87795 0.521
2455311.88332 0.511
2455311.8855 0.486
2455311.88768 0.452
2455311.88986 0.448
2455311.89204 0.443
2455311.89422 0.53
2455311.89896 0.575
2455311.90114 0.569
2455311.90332 0.665
2455311.90549 0.626
2455311.90767 0.645
2455311.90985 0.668
2455311.91501 0.666
2455311.91719 0.638
2455311.91937 0.515
2455311.92155 0.523
2455311.92373 0.495
2455311.92591 0.46
2455311.93066 0.469
2455311.93284 0.443
2455311.93513 0.508
2455311.9373 0.507
2455311.93948 0.458
2455311.94166 0.49
