2455317.64607 0.442
2455317.64894 0.441
2455317.65182 0.406
2455317.65469 0.472
2455317.6579 0.529
2455317.66078 0.548
2455317.66365 0.639
2455317.66653 0.636
2455317.67018 0.64
2455317.67306 0.637
2455317.67593 0.579
2455317.67881 0.54
2455317.68202 0.518
2455317.6849 0.521
2455317.68777 0.476
2455317.69065 0.467
2455317.6943 0.433
2455317.69718 0.433
2455317.70005 0.424
2455317.70293 0.427
2455317.70623 0.445
2455317.70911 0.457
2455317.71199 0.547
2455317.71486 0.586
2455317.71852 0.636
2455317.7215 0.639
2455317.72438 0.658
2455317.72726 0.608
2455317.73047 0.547
2455317.73335 0.506
2455317.73622 0.463
2455317.7391 0.448
2455317.74277 0.418
2455317.74565 0.421
2455317.74852 0.442
2455317.7514 0.444
2455317.75461 0.455
2455317.75749 0.46
2455317.76048 0.468
2455317.76335 0.499
2455317.767 0.525
2455317.76987 0.534
2455317.77275 0.603
2455317.77574 0.604
2455317.77894 0.642
2455317.78182 0.677
2455317.78469 0.652
2455317.78756 0.657
2455317.79147 0.581
2455317.79446 0.547
2455317.79733 0.524
2455317.8002 0.531
2455317.80341 0.518
2455317.80629 0.486
2455317.80916 0.463
2455317.81204 0.435
2455317.8157 0.42
2455317.81858 0.418
2455317.82145 0.437
2455317.82433 0.493
2455317.82754 0.534
2455317.83042 0.558
2455317.83338 0.633
2455317.83626 0.633
2455317.83992 0.659
2455317.84279 0.645
2455317.84567 0.582
2455317.84869 0.526
2455317.8519 0.474
2455317.85477 0.46
2455317.85765 0.438
2455317.86053 0.439
2455317.86422 0.426
2455317.8671 0.466
2455317.86997 0.447
2455317.87285 0.452
2455317.87605 0.476
2455317.87892 0.475
2455317.8818 0.497
2455317.88474 0.527
2455317.8884 0.576
2455317.89127 0.622
2455317.89415 0.651
2455317.89702 0.687
