2457278.272639 +16.255
2457278.275475 +16.219
2457278.278299 +16.191
2457278.281123 +16.187
2457278.286806 +16.167
2457278.289630 +16.136
2457278.292465 +16.105
2457278.295289 +16.033
2457278.298125 +16.030
2457278.300949 +16.033
2457278.303773 +16.048
2457278.307164 +16.047
2457278.310000 +16.065
2457278.312824 +16.057
2457278.315648 +16.075
2457278.318484 +16.136
2457278.321308 +16.185
2457278.324143 +16.194
2457278.329803 +16.227
2457278.354120 +16.149
2457278.356944 +16.153
2457278.359780 +16.144
2457278.365440 +16.143
2457278.368264 +16.155
2457278.371100 +16.172
2457278.373924 +16.177
2457278.376748 +16.180
2457278.379572 +16.247
2457278.382407 +16.237
2457278.385232 +16.233
2457278.398079 +16.242
2457278.400903 +16.251
2457278.403738 +16.225
2457278.406563 +16.196
2457278.409398 +16.172
2457278.412222 +16.165
2457278.415058 +16.090
2457278.417882 +16.074
2457278.420706 +16.089
2457278.423542 +16.085
2457278.426366 +16.085
2457278.429190 +16.072
2457278.442107 +16.183
2457278.444977 +16.224
2457278.447812 +16.274
2457278.450637 +16.276
2457278.453461 +16.275
2457278.456296 +16.281
2457278.459120 +16.294
2457278.461956 +16.292
2457278.464780 +16.318
2457278.467616 +16.301
2457278.473275 +16.246
2457278.501100 +16.225
2457278.503924 +16.236
2457278.506759 +16.240
2457278.509583 +16.266
2457278.512419 +16.282
2457278.520903 +16.273
2457278.523738 +16.256
2457278.526562 +16.232
2457278.529387 +16.221
2457278.532222 +16.177
2457278.535590 +16.166
2457278.541250 +16.099
2457278.546910 +16.072
2457278.552569 +16.078
2457278.555393 +16.134
2457278.561053 +16.133
2457278.563877 +16.164
2457278.566713 +16.198
2457278.572917 +16.225
2457278.575741 +16.230
2457278.578565 +16.243
2457278.581400 +16.248
2457278.584225 +16.239
2457278.587049 +16.277
2457278.589884 +16.264
2457278.592708 +16.274
2457278.595544 +16.251
2457278.598368 +16.213
2457278.601192 +16.176
2457278.604560 +16.144
2457278.607384 +16.129
2457278.610220 +16.138
2457278.613044 +16.120
2457278.618704 +16.138
2457278.624352 +16.213
2457278.630012 +16.224
