2457274.266609 +16.263
2457274.269433 +16.281
2457274.272268 +16.287
2457274.275093 +16.319
2457274.277928 +16.308
2457274.280752 +16.334
2457274.283588 +16.302
2457274.286968 +16.303
2457274.289792 +16.243
2457274.292616 +16.222
2457274.295451 +16.173
2457274.298275 +16.155
2457274.301100 +16.149
2457274.303935 +16.170
2457274.306759 +16.180
2457274.309595 +16.185
2457274.312419 +16.223
2457274.315255 +16.230
2457274.318079 +16.259
2457274.321447 +16.301
2457274.372280 +16.119
2457274.375104 +16.158
2457274.377928 +16.164
2457274.380764 +16.194
2457274.383588 +16.197
2457274.386424 +16.284
2457274.389248 +16.267
2457274.392072 +16.295
2457274.394907 +16.288
2457274.397732 +16.291
2457274.400567 +16.260
2457274.403391 +16.276
2457274.419734 +16.161
2457274.422569 +16.157
2457274.425393 +16.130
2457274.428218 +16.150
2457274.431053 +16.135
2457274.433877 +16.168
2457274.436701 +16.174
2457274.442361 +16.241
2457274.448021 +16.266
2457274.450845 +16.260
2457274.474271 +16.271
2457274.477107 +16.163
2457274.479931 +16.128
2457274.482755 +16.096
2457274.485590 +16.090
2457274.488414 +16.049
2457274.491238 +16.054
2457274.494074 +16.063
2457274.530324 +16.189
2457274.533148 +16.169
2457274.535984 +16.198
2457274.538808 +16.187
2457274.543646 +16.151
2457274.546482 +16.121
2457274.549306 +16.119
2457274.552141 +16.134
2457274.554965 +16.143
2457274.563449 +16.186
2457274.566285 +16.242
2457274.569109 +16.228
2457274.571933 +16.227
2457274.574768 +16.248
2457274.578125 +16.246
2457274.580961 +16.255
2457274.583796 +16.275
2457274.586620 +16.254
2457274.589456 +16.249
2457274.592280 +16.214
2457274.595116 +16.155
2457274.597940 +16.151
2457274.600764 +16.114
2457274.603600 +16.068
2457274.606424 +16.064
2457274.609259 +16.039
2457274.612616 +16.065
2457274.618264 +16.073
