2457273.280266 +16.189
2457273.283090 +16.232
2457273.285914 +16.221
2457273.288750 +16.255
2457273.291574 +16.232
2457273.294398 +16.259
2457273.297234 +16.286
2457273.300058 +16.229
2457273.302882 +16.209
2457273.305718 +16.183
2457273.308542 +16.181
2457273.342512 +16.213
2457273.345336 +16.233
2457273.348160 +16.259
2457273.350995 +16.241
2457273.356655 +16.251
2457273.359479 +16.230
2457273.362315 +16.223
2457273.365139 +16.206
2457273.367963 +16.175
2457273.370799 +16.143
2457273.373623 +16.092
2457273.395822 +16.127
2457273.398657 +16.170
2457273.401482 +16.201
2457273.404317 +16.225
2457273.407141 +16.234
2457273.409977 +16.251
2457273.412801 +16.268
2457273.415637 +16.275
2457273.418472 +16.274
2457273.421296 +16.294
2457273.424120 +16.267
2457273.426956 +16.247
2457273.449375 +16.209
2457273.452199 +16.213
2457273.455035 +16.225
2457273.457859 +16.260
2457273.460683 +16.267
2457273.469178 +16.308
2457273.520949 +16.130
2457273.523785 +16.173
2457273.526609 +16.250
2457273.529444 +16.310
2457273.532268 +16.320
2457273.535093 +16.358
2457273.537928 +16.423
2457273.543681 +16.349
2457273.546505 +16.328
2457273.549340 +16.346
2457273.552164 +16.307
2457273.555000 +16.274
2457273.557824 +16.219
2457273.560648 +16.239
2457273.563484 +16.222
2457273.566308 +16.232
2457273.569143 +16.238
2457273.571968 +16.269
2457273.574803 +16.298
2457273.578160 +16.303
2457273.580995 +16.291
2457273.583831 +16.313
2457273.586655 +16.339
2457273.589491 +16.358
2457273.592315 +16.335
2457273.595139 +16.385
2457273.597975 +16.391
2457273.600799 +16.452
2457273.603634 +16.423
