2455241.62794 18.929
2455241.63996 18.779
2455241.65028 18.734
2455241.66266 18.908
2455241.67475 19.028
2455241.68686 19.096
2455241.71311 18.822
2455241.72541 18.724
2455241.73769 18.822
2455241.75002 18.887
2455241.76238 19.056
2455241.77481 19.006
2455241.78730 18.806
2455241.79976 18.755
2455241.81231 18.850
2455241.82490 18.993
2455241.83753 19.171
2455241.85014 18.985
2455241.86276 18.851
2455241.87545 18.846
2455241.88817 18.987
2455241.92001 18.884
2455241.93156 18.921
2455241.94322 18.895
2455241.95487 18.793
2455241.96660 18.764
2455241.97831 19.153
