2453647.56927 1.165
2453647.57724 1.152
2453647.57988 1.146
2453647.58253 1.134
2453647.58517 1.149
2453647.58778 1.146
2453647.6093 1.109
2453647.61194 1.104
2453647.61459 1.115
2453647.61724 1.135
2453647.61992 1.143
2453647.62259 1.163
2453647.62523 1.171
2453647.62791 1.192
2453647.6305 1.185
2453647.63581 1.156
2453647.63845 1.131
2453647.6411 1.137
2453647.64375 1.112
2453647.64639 1.122
2453647.6548 1.118
2453647.65746 1.119
2453647.66013 1.109
2453647.66278 1.115
2453647.66543 1.117
2453647.6734 1.129
2453647.67871 1.141
2453647.69502 1.167
2453647.69769 1.172
2453647.70033 1.167
2453647.70299 1.159
2453647.70567 1.168
2453647.70831 1.163
2453647.71095 1.151
2453647.71889 1.145
2453647.81834 1.141
2453647.82364 1.13
2453647.83464 1.105
2453647.8373 1.117
2453647.83995 1.106
2453647.84259 1.102
2453647.85585 1.085
2453647.85849 1.076
2453647.86114 1.095
2453647.86379 1.088
2453647.86644 1.09
2453647.87215 1.084
2453647.8748 1.091
2453647.87747 1.115
2453647.88277 1.113
2453647.88544 1.121
2453647.88809 1.118
2453647.89338 1.133
2453647.8987 1.126
2453647.90137 1.132
2453647.90402 1.118
2453647.90666 1.116
2453647.91922 1.099
2453647.92186 1.104
2453647.92451 1.093
2453647.93245 1.093
2453647.9351 1.081
