2453667.61404 1.321
2453667.62461 1.297
2453667.62728 1.308
2453667.62991 1.306
2453667.63258 1.294
2453667.63527 1.262
2453667.63794 1.286
2453667.64062 1.268
2453667.64328 1.265
2453667.64595 1.241
2453667.64861 1.243
2453667.65128 1.251
2453667.65395 1.257
2453667.65661 1.273
2453667.66307 1.316
2453667.66574 1.288
2453667.66841 1.338
2453667.67108 1.323
2453667.67375 1.334
2453667.6791 1.315
2453667.68177 1.32
2453667.71202 1.359
2453667.71467 1.347
2453667.72257 1.339
2453667.73048 1.323
2453667.73574 1.313
2453667.73838 1.318
2453667.74102 1.32
2453667.74366 1.301
2453667.76024 1.296
2453667.76287 1.283
2453667.76551 1.271
2453667.76815 1.285
2453667.77079 1.316
2453667.77343 1.317
2453667.77607 1.303
2453667.77871 1.335
2453667.78133 1.302
2453667.78396 1.31
2453667.7866 1.303
2453667.79262 1.251
2453667.79526 1.247
2453667.7979 1.259
2453667.80316 1.27
2453667.80843 1.265
2453667.8137 1.277
2453667.81896 1.343
2453667.82161 1.353
2453667.82425 1.343
2453667.82689 1.327
2453667.82953 1.326
2453667.83821 1.295
2453667.84084 1.298
2453667.84873 1.284
2453667.85136 1.293
2453667.85399 1.283
2453667.85662 1.289
