2453657.57414 1.597
2453657.57673 1.579
2453657.58191 1.566
2453657.58462 1.628
2453657.58727 1.585
2453657.5899 1.613
2453657.59254 1.664
2453657.59518 1.639
2453657.59783 1.664
2453657.60467 1.656
2453657.63494 1.654
2453657.63758 1.655
2453657.64022 1.683
2453657.64288 1.719
2453657.64547 1.704
2453657.64807 1.66
2453657.65067 1.679
2453657.6533 1.633
2453657.65596 1.642
2453657.6586 1.626
2453657.68053 1.598
2453657.68318 1.604
2453657.68582 1.567
2453657.68846 1.566
2453657.69111 1.595
2453657.69377 1.641
2453657.69645 1.634
2453657.69909 1.65
2453657.70173 1.62
2453657.70439 1.62
2453657.70966 1.634
2453657.72207 1.596
2453657.72572 1.563
2453657.72872 1.576
2453657.73242 1.571
2453657.73544 1.585
2453657.7381 1.584
2453657.74074 1.578
2453657.74339 1.603
2453657.74603 1.589
2453657.74868 1.618
2453657.75132 1.626
2453657.75396 1.633
2453657.75661 1.645
2453657.75925 1.627
2453657.76499 1.62
2453657.76765 1.625
2453657.7703 1.611
2453657.77293 1.602
2453657.80206 1.662
2453657.80776 1.689
2453657.81041 1.639
2453657.81306 1.681
2453657.8157 1.699
2453657.81835 1.657
2453657.82102 1.634
2453657.85329 1.605
2453657.85596 1.629
2453657.86389 1.609
2453657.87185 1.601
2453657.87449 1.606
2453657.87713 1.578
2453657.87977 1.599
2453657.88242 1.582
2453657.88772 1.592
2453657.89347 1.586
