2455450.60456 16.065
2455450.60757 16.073
2455450.61057 16.106
2455450.61357 16.093
2455450.61657 16.094
2455450.61957 16.137
2455450.62258 16.133
2455450.62558 16.131
2455450.63259 16.155
2455450.63559 16.121
2455450.63859 16.112
2455450.64159 16.112
2455450.6446 16.107
2455450.64761 16.097
2455450.65061 16.094
2455450.65361 16.077
2455450.65961 16.086
2455450.67394 16.142
2455450.67695 16.124
2455450.67995 16.103
2455450.68294 16.099
2455450.68594 16.086
2455450.68895 16.086
2455450.69195 16.058
2455450.69796 16.073
2455450.70797 16.081
2455450.71097 16.083
2455450.71398 16.088
2455450.71698 16.082
2455450.71998 16.088
2455450.72298 16.127
2455450.72598 16.107
2455450.72898 16.122
2455450.73198 16.153
2455450.73498 16.123
2455450.74178 16.117
2455450.74478 16.124
2455450.74777 16.088
2455450.75078 16.11
2455450.75378 16.079
2455450.75678 16.073
2455450.75979 16.062
2455450.76279 16.049
2455450.76578 16.068
2455450.76878 16.079
2455450.79082 16.07
2455450.79381 16.076
2455450.79682 16.084
2455450.79981 16.065
2455450.80281 16.073
2455450.81282 16.074
2455450.81582 16.079
2455450.81883 16.07
2455450.82183 16.071
2455450.82483 16.076
2455450.82783 16.092
2455450.83083 16.123
2455450.84988 16.132
2455450.85287 16.101
2455450.85588 16.104
2455450.85888 16.099
2455450.86189 16.089
2455450.8649 16.085
2455450.86792 16.081
2455450.87845 16.083
2455450.88447 16.121
2455450.88748 16.105
2455450.8905 16.144
2455450.8935 16.112
2455450.89952 16.105
2455450.90253 16.094
2455450.91855 16.087
2455450.92155 16.074
2455450.92457 16.064
2455450.92757 16.091
2455450.93058 16.084
2455450.93358 16.101
2455450.93659 16.115
2455450.93959 16.141
2455450.94664 16.138
2455450.95263 16.129
2455450.95564 16.15
2455450.95865 16.11
2455450.96166 16.107
2455450.96466 16.082
2455450.96767 16.063
2455450.97068 16.063
2455450.97369 16.062
2455450.98069 16.108
2455450.98369 16.119
