2453651.63131 1.652
2453651.63396 1.663
2453651.63659 1.672
2453651.64501 1.686
2453651.64765 1.68
2453651.65029 1.673
2453651.65296 1.681
2453651.65562 1.663
2453651.65826 1.652
2453651.66091 1.652
2453651.6662 1.643
2453651.69423 1.672
2453651.71016 1.647
2453651.72852 1.633
2453651.73117 1.624
2453651.7391 1.638
2453651.74175 1.655
2453651.74439 1.666
2453651.74698 1.653
2453651.74964 1.632
2453651.75762 1.617
2453651.76028 1.613
2453651.79528 1.652
2453651.79792 1.659
2453651.80056 1.662
2453651.80585 1.665
2453651.81163 1.655
2453651.8143 1.577
2453651.81688 1.575
2453651.81948 1.576
2453651.82206 1.577
2453651.82737 1.582
2453651.83529 1.587
2453651.84048 1.598
2453651.84566 1.616
2453651.84825 1.666
2453651.85373 1.639
2453651.85637 1.62
2453651.85902 1.649
2453651.86167 1.633
2453651.86431 1.626
2453651.86697 1.619
2453651.87228 1.597
2453651.87759 1.583
2453651.88553 1.591
2453651.88819 1.594
2453651.89084 1.607
2453651.89733 1.656
2453651.90669 1.645
2453651.91197 1.636
2453651.91726 1.627
2453651.91993 1.623
2453651.9226 1.624
2453651.92793 1.612
2453651.93058 1.602
