2455449.6091 16.128
2455449.6121 16.115
2455449.61511 16.131
2455449.61811 16.12
2455449.62111 16.158
2455449.62412 16.161
2455449.62712 16.139
2455449.65215 16.076
2455449.65515 16.092
2455449.65816 16.114
2455449.66115 16.09
2455449.66415 16.128
2455449.66716 16.134
2455449.67016 16.152
2455449.69214 16.145
2455449.71118 16.113
2455449.71419 16.157
2455449.71719 16.126
2455449.72019 16.128
2455449.72319 16.138
2455449.7292 16.131
2455449.73221 16.133
2455449.73522 16.155
2455449.73823 16.111
2455449.74523 16.131
2455449.74822 16.107
2455449.75123 16.082
2455449.76025 16.114
2455449.76327 16.129
2455449.76627 16.122
2455449.76928 16.163
2455449.77228 16.163
2455449.77931 16.178
2455449.78231 16.194
2455449.78531 16.152
2455449.78832 16.173
2455449.79132 16.147
2455449.79432 16.187
2455449.79731 16.178
2455449.80031 16.157
2455449.80331 16.162
2455449.80632 16.138
2455449.81333 16.136
2455449.81632 16.137
2455449.81933 16.121
2455449.82233 16.141
2455449.82533 16.188
2455449.82833 16.179
2455449.83132 16.166
2455449.83432 16.177
2455449.83733 16.178
2455449.84033 16.146
2455449.84734 16.151
2455449.85034 16.114
2455449.86536 16.128
2455449.86835 16.138
2455449.88138 16.183
2455449.88739 16.182
2455449.89339 16.171
2455449.89641 16.142
2455449.89942 16.134
2455449.90243 16.13
2455449.90543 16.142
2455449.90844 16.13
2455449.92199 16.108
2455449.931 16.135
2455449.934 16.136
2455449.94002 16.13
2455449.94303 16.117
2455449.9505 16.138
2455449.95651 16.087
2455449.96251 16.114
2455449.96852 16.12
2455449.97154 16.126
