2453650.28601 16.329
2453650.28717 16.348
2453650.28834 16.339
2453650.29067 16.338
2453650.29182 16.304
2453650.29299 16.299
2453650.29415 16.312
2453650.29645 16.302
2453650.29761 16.319
2453650.29877 16.354
2453650.29994 16.342
2453650.30108 16.347
2453650.30225 16.367
2453650.30341 16.358
2453650.30457 16.317
2453650.30572 16.353
2453650.30689 16.367
2453650.315 16.356
2453650.31732 16.349
2453650.31848 16.369
2453650.32081 16.368
2453650.32312 16.338
2453650.32543 16.333
2453650.32775 16.341
2453650.32892 16.405
2453650.33008 16.369
2453650.33122 16.403
2453650.33239 16.386
2453650.33935 16.377
2453650.34516 16.322
2453650.34631 16.329
2453650.34862 16.322
2453650.34979 16.343
2453650.35094 16.331
2453650.3521 16.342
2453650.35326 16.36
2453650.35442 16.343
2453650.35559 16.319
2453650.35674 16.339
2453650.35907 16.335
2453650.36024 16.373
2453650.36256 16.377
2453650.36373 16.366
2453650.36722 16.402
2453650.36839 16.392
2453650.36953 16.379
2453650.3707 16.387
2453650.37186 16.358
2453650.37302 16.354
2453650.37417 16.347
2453650.37649 16.352
2453650.37766 16.362
2453650.37881 16.344
2453650.37997 16.345
2453650.38113 16.348
2453650.3823 16.373
2453650.38462 16.362
2453650.38579 16.347
2453650.38696 16.343
2453650.38812 16.355
2453650.38928 16.343
2453650.39045 16.342
2453650.3916 16.352
2453650.39277 16.332
2453650.39509 16.34
2453650.39626 16.343
2453650.39741 16.331
2453650.39856 16.352
2453650.39973 16.327
2453650.40089 16.343
2453650.40204 16.344
2453650.40321 16.332
2453650.40437 16.348
2453650.40553 16.323
2453650.4067 16.338
2453650.40785 16.333
2453650.40901 16.349
2453650.41135 16.347
2453650.41252 16.372
2453650.41368 16.363
2453650.41483 16.381
2453650.416 16.377
2453650.41716 16.376
2453650.41832 16.391
2453650.41949 16.387
2453650.42064 16.395
2453650.4218 16.393
2453650.42296 16.38
2453650.42412 16.383
2453650.42528 16.371
2453650.42644 16.365
2453650.4276 16.341
2453650.42875 16.353
2453650.42991 16.369
2453650.43107 16.349
2453650.43224 16.373
2453650.4334 16.347
2453650.43457 16.37
2453650.43572 16.359
2453650.43689 16.353
2453650.43805 16.339
2453650.43921 16.342
2453650.44037 16.332
2453650.44153 16.369
2453650.4427 16.343
2453650.44386 16.348
2453650.44502 16.328
2453650.44618 16.341
2453650.44734 16.355
2453650.4485 16.308
2453650.44966 16.344
2453650.45083 16.34
2453650.45199 16.338
2453650.45314 16.325
2453650.46707 16.375
2453650.46824 16.359
2453650.46939 16.368
2453650.47056 16.374
2453650.47172 16.384
2453650.47289 16.397
2453650.47406 16.416
2453650.47522 16.389
2453650.47638 16.382
2453650.47755 16.396
2453650.47871 16.391
2453650.47987 16.358
2453650.48104 16.345
2453650.48221 16.362
2453650.48336 16.346
2453650.48452 16.334
2453650.48569 16.332
2453650.48685 16.371
2453650.48802 16.356
2453650.48917 16.335
2453650.49034 16.312
2453650.4915 16.338
2453650.49267 16.347
2453650.49498 16.324
2453650.49615 16.351
2453650.49732 16.335
2453650.49848 16.331
2453650.49962 16.336
2453650.50079 16.304
2453650.50195 16.313
2453650.50311 16.332
2453650.50543 16.325
2453650.50776 16.308
2453650.50892 16.299
2453650.51008 16.319
2453650.51122 16.317
2453650.51239 16.321
2453650.51356 16.341
2453650.51472 16.337
2453650.51587 16.337
2453650.51743 16.331
2453650.51858 16.346
2453650.51974 16.364
2453650.52091 16.373
2453650.52208 16.413
2453650.52324 16.4
2453650.5244 16.361
2453650.52556 16.392
2453650.52672 16.373
2453650.52788 16.366
2453650.52905 16.382
2453650.5302 16.373
2453650.53137 16.355
2453650.53252 16.402
2453650.53368 16.365
2453650.53484 16.37
2453650.536 16.417
2453650.53717 16.351
