2453665.50521 1.259
2453665.50685 1.274
2453665.50848 1.283
2453665.51017 1.271
2453665.51182 1.245
2453665.51861 1.259
2453665.52026 1.236
2453665.5219 1.226
2453665.52354 1.21
2453665.52519 1.217
2453665.5303 1.218
2453665.53196 1.228
2453665.5336 1.186
2453665.53523 1.214
2453665.53688 1.208
2453665.53852 1.232
2453665.54369 1.186
2453665.54534 1.225
2453665.54698 1.225
2453665.54861 1.226
2453665.55026 1.233
2453665.5519 1.226
2453665.5588 1.256
2453665.56044 1.274
2453665.56208 1.238
2453665.56373 1.242
2453665.56537 1.242
2453665.58211 1.233
2453665.58369 1.218
2453665.58532 1.21
2453665.58697 1.215
2453665.5886 1.18
2453665.59023 1.209
2453665.59478 1.19
2453665.59635 1.207
2453665.598 1.213
2453665.59963 1.273
2453665.60127 1.258
2453665.60291 1.261
2453665.60741 1.271
2453665.60899 1.274
2453665.61064 1.264
2453665.61228 1.238
2453665.61391 1.247
2453665.61556 1.268
2453665.62083 1.279
2453665.62242 1.264
2453665.62405 1.238
2453665.63578 1.193
2453665.63743 1.23
2453665.63907 1.203
2453665.64072 1.196
2453665.64236 1.218
2453665.64401 1.205
2453665.65093 1.196
2453665.65256 1.21
2453665.6542 1.219
2453665.65583 1.22
2453665.65747 1.23
2453665.66395 1.292
2453665.66558 1.285
2453665.66722 1.276
2453665.66885 1.282
2453665.68355 1.199
2453665.68823 1.22
2453665.6898 1.218
2453665.69145 1.216
2453665.69309 1.2
2453665.69472 1.189
2453665.69637 1.201
2453665.70111 1.241
2453665.70269 1.223
2453665.70433 1.271
2453665.70596 1.238
2453665.7076 1.241
2453665.70925 1.256
2453665.72698 1.264
2453665.74568 1.223
2453665.74733 1.242
2453665.75382 1.242
2453665.75546 1.267
2453665.7571 1.217
2453665.75874 1.275
2453665.76037 1.275
2453665.76201 1.295
