2455242.70165 17.515
2455242.72566 17.383
2455242.73773 17.340
2455242.74988 17.295
2455242.76206 17.267
2455242.77425 17.338
2455242.78651 17.435
2455242.81112 17.478
2455242.83589 17.324
2455242.84831 17.326
2455242.86079 17.387
2455242.87331 17.511
2455242.88591 17.468
2455242.89849 17.420
2455242.91113 17.370
2455242.95883 17.382
2455242.97050 17.466
2455242.98217 17.459
2455242.99395 17.451
2455243.00427 17.341
2455243.00927 17.329
2455243.01260 17.328
2455243.01593 17.328
2455243.01928 17.302
2455243.02263 17.304
2455243.02430 17.327
2455243.02598 17.326
2455243.02766 17.341
2455243.02934 17.387
2455243.03101 17.360
2455243.03270 17.436
2455243.03438 17.439
2455243.03606 17.440
2455243.03775 17.463
2455243.03944 17.456
2455243.04113 17.505
2455243.04281 17.512
2455243.04450 17.510
2455243.04622 17.491
2455243.04791 17.488
2455243.04960 17.528
2455243.05129 17.494
2455243.05298 17.481
