2455241.69215 17.411
2455241.70439 17.395
2455241.71662 17.336
2455241.72891 17.306
2455241.74120 17.354
2455241.75353 17.423
2455241.76591 17.458
2455241.77835 17.496
2455241.79084 17.446
2455241.80333 17.361
2455241.81588 17.334
2455241.85373 17.474
2455241.86638 17.423
2455241.87908 17.398
2455241.91170 17.347
2455241.92330 17.453
2455241.93487 17.488
2455241.94658 17.514
2455241.95820 17.470
2455241.96995 17.409
2455241.98168 17.318
2455242.01575 17.462
2455242.01915 17.448
2455242.02255 17.535
2455242.02597 17.481
2455242.02767 17.535
2455242.02938 17.452
2455242.03108 17.462
2455242.03279 17.451
2455242.03450 17.441
2455242.03621 17.432
2455242.03792 17.395
2455242.04825 17.362
2455242.04996 17.362
2455242.05168 17.417
2455242.05340 17.373
2455242.05512 17.361
