2455048.63905 2.25
2455048.64221 2.265
2455048.67161 2.294
2455048.67477 2.351
2455048.67791 2.394
2455048.68424 2.429
2455048.6874 2.399
2455048.71685 2.134
2455048.72632 2.21
2455048.74322 2.392
2455048.76216 2.23
2455048.76531 2.203
2455048.77251 2.197
2455048.77566 2.199
2455048.77883 2.206
2455048.78198 2.215
2455048.78512 2.243
2455048.78828 2.225
2455048.79143 2.252
2455048.80175 2.403
2455048.8049 2.436
2455048.83018 2.192
2455048.83442 2.159
2455048.83758 2.188
2455048.84072 2.212
2455048.84391 2.186
2455048.84706 2.252
2455048.8502 2.287
2455048.85335 2.343
2455048.85656 2.387
2455048.85971 2.405
2455048.87007 2.325
2455048.87955 2.264
2455048.88271 2.212
2455048.88587 2.163
2455048.88902 2.143
2455048.89216 2.154
2455048.89531 2.138
2455048.89933 2.199
2455048.90248 2.259
2455048.90562 2.234
2455048.90878 2.274
2455048.91194 2.276
2455048.91509 2.326
2455048.91825 2.384
2455048.92461 2.366
2455048.93184 2.297
2455048.95079 2.147
2455048.95395 2.14
2455048.95711 2.177
