2455051.63087 1.568
2455051.63404 1.57
2455051.63719 1.601
2455051.64035 1.613
2455051.64351 1.592
2455051.64667 1.553
2455051.64982 1.576
2455051.65298 1.547
2455051.65613 1.529
2455051.66045 1.52
2455051.6636 1.483
2455051.66675 1.467
2455051.66991 1.481
2455051.67306 1.527
2455051.67621 1.543
2455051.67936 1.538
2455051.68251 1.55
2455051.71527 1.473
2455051.71844 1.476
2455051.72159 1.433
2455051.72598 1.465
2455051.72913 1.47
2455051.73545 1.488
2455051.7386 1.496
2455051.74176 1.573
2455051.7449 1.577
2455051.74805 1.589
2455051.7512 1.629
2455051.75435 1.665
2455051.76161 1.595
2455051.76475 1.563
2455051.78687 1.496
2455051.79097 1.498
2455051.80676 1.643
2455051.80993 1.704
2455051.81309 1.752
2455051.81625 1.759
2455051.8194 1.704
2455051.8235 1.581
2455051.82666 1.603
2455051.82985 1.549
2455051.83303 1.468
2455051.83619 1.466
2455051.83934 1.466
2455051.84249 1.446
2455051.84564 1.417
2455051.86232 1.58
2455051.86546 1.642
2455051.86861 1.624
2455051.87176 1.665
2455051.87492 1.628
2455051.87807 1.614
2455051.88122 1.551
2455051.88439 1.511
2455051.88848 1.496
2455051.89164 1.53
2455051.89481 1.489
2455051.89797 1.491
2455051.90115 1.482
2455051.90431 1.529
2455051.90746 1.509
2455051.91062 1.537
2455051.91378 1.605
2455051.91694 1.622
2455051.92102 1.597
2455051.92418 1.666
2455051.92735 1.658
2455051.93049 1.663
2455051.93366 1.684
2455051.93682 1.639
