2456039.62424 16.295
2456039.6279 16.279
2456039.63158 16.265
2456039.63525 16.262
2456039.63893 16.284
2456039.6426 16.238
2456039.64627 16.229
2456039.64995 16.22
2456039.65362 16.221
2456039.65729 16.208
2456039.66705 16.145
2456039.67072 16.186
2456039.6744 16.145
2456039.67806 16.143
2456039.68173 16.131
2456039.68539 16.099
2456039.68907 16.11
2456039.69275 16.062
2456039.69642 16.07
2456039.70009 16.08
2456039.71088 16.013
2456039.71456 16.029
2456039.71824 16.003
2456039.72191 15.965
2456039.72558 15.969
2456039.72925 15.984
2456039.73293 15.945
2456039.7366 15.954
2456039.74023 15.917
2456039.7439 15.948
2456039.75224 15.905
2456039.7559 15.877
2456039.75958 15.86
2456039.76325 15.883
2456039.76693 15.849
2456039.77059 15.847
2456039.77426 15.829
2456039.77793 15.817
2456039.7816 15.806
2456039.78528 15.795
2456039.795 15.749
2456039.79867 15.773
2456039.80234 15.782
2456039.806 15.769
2456039.80966 15.709
2456039.81333 15.711
2456039.817 15.697
2456039.82067 15.679
2456039.82433 15.664
2456039.82799 15.665
2456039.83649 15.642
2456039.84016 15.634
2456039.84383 15.617
2456039.84749 15.612
2456039.85116 15.605
2456039.85482 15.597
2456039.85848 15.595
2456039.86215 15.576
2456039.86583 15.563
2456039.86949 15.56
2456039.89495 15.486
2456039.89862 15.501
2456039.90228 15.492
2456039.90595 15.487
2456039.90962 15.483
2456039.91328 15.472
2456039.92276 15.446
2456039.92642 15.473
2456039.9301 15.465
2456039.93376 15.458
2456039.93743 15.477
2456039.9411 15.486
2456039.94476 15.445
2456039.94843 15.427
