2456038.62299 15.547
2456038.62666 15.57
2456038.63034 15.566
2456038.634 15.576
2456038.63767 15.566
2456038.64133 15.572
2456038.64503 15.586
2456038.6487 15.583
2456038.65237 15.607
2456038.65603 15.642
2456038.66552 15.68
2456038.66918 15.688
2456038.67284 15.737
2456038.67651 15.705
2456038.68017 15.725
2456038.68384 15.733
2456038.6875 15.749
2456038.69116 15.776
2456038.69483 15.774
2456038.6985 15.807
2456038.70859 15.877
2456038.71226 15.883
2456038.71592 15.914
2456038.71959 15.896
2456038.72325 15.929
2456038.72691 15.943
2456038.73058 15.953
2456038.73424 15.964
2456038.73791 16.008
2456038.74157 16.021
2456038.75072 16.03
2456038.75438 16.081
2456038.75805 16.085
2456038.76171 16.102
2456038.76538 16.1
2456038.76905 16.107
2456038.77271 16.166
2456038.77638 16.159
2456038.78005 16.196
2456038.78371 16.199
2456038.79271 16.209
2456038.7964 16.232
2456038.80006 16.257
2456038.80372 16.229
2456038.80739 16.248
2456038.81105 16.245
2456038.84313 16.183
2456038.84679 16.191
2456038.85046 16.202
2456038.85413 16.187
2456038.85779 16.157
2456038.86145 16.171
2456038.86514 16.174
2456038.86879 16.111
2456038.87877 16.065
2456038.88242 16.074
2456038.88608 16.057
2456038.88975 16.075
2456038.89342 16.05
2456038.89708 16.006
2456038.90075 16.016
2456038.90442 15.985
2456038.90808 15.987
2456038.91174 15.968
2456038.92273 15.891
2456038.9264 15.906
2456038.93007 15.904
2456038.93373 15.914
2456038.9374 15.899
2456038.94107 15.85
2456038.94473 15.839
2456038.9484 15.832
2456038.95207 15.822
2456038.95573 15.824
