2456041.65652 15.299
2456041.66018 15.302
2456041.66383 15.305
2456041.6675 15.304
2456041.67116 15.316
2456041.67482 15.309
2456041.67848 15.318
2456041.68214 15.32
2456041.68581 15.331
2456041.68947 15.326
2456041.70987 15.347
2456041.71349 15.378
2456041.71713 15.361
2456041.72076 15.368
2456041.72439 15.389
2456041.72801 15.379
2456041.73164 15.385
2456041.73527 15.397
2456041.73889 15.442
2456041.74251 15.456
2456041.79283 15.529
2456041.79645 15.524
2456041.80008 15.548
2456041.80371 15.553
2456041.80733 15.61
2456041.81096 15.603
2456041.81459 15.597
2456041.81821 15.592
2456041.82184 15.623
2456041.82549 15.628
2456041.83581 15.656
2456041.83944 15.693
2456041.84307 15.69
2456041.84669 15.704
2456041.85032 15.705
2456041.85394 15.73
2456041.85756 15.764
2456041.86119 15.747
2456041.86481 15.771
2456041.86844 15.79
2456041.87959 15.842
2456041.88321 15.857
2456041.88684 15.886
2456041.89047 15.866
2456041.89409 15.903
2456041.90499 15.986
2456041.90861 15.989
2456041.91224 16.025
2456041.92051 16.05
2456041.92414 16.084
2456041.92777 16.1
2456041.9314 16.143
2456041.93502 16.151
2456041.93865 16.148
2456041.94227 16.117
2456041.9459 16.141
2456041.94953 16.167
2456041.95317 16.122
