2456040.61975 15.525
2456040.62341 15.537
2456040.62708 15.491
2456040.63075 15.485
2456040.63442 15.486
2456040.63809 15.47
2456040.64176 15.481
2456040.64543 15.457
2456040.6491 15.446
2456040.65876 15.457
2456040.66244 15.442
2456040.6661 15.434
2456040.66977 15.398
2456040.67345 15.409
2456040.67713 15.397
2456040.68079 15.393
2456040.68446 15.378
2456040.68813 15.364
2456040.6918 15.37
2456040.70818 15.327
2456040.71186 15.323
2456040.71552 15.327
2456040.7192 15.353
2456040.72287 15.331
2456040.72654 15.318
2456040.73022 15.322
2456040.7339 15.336
2456040.7442 15.321
2456040.74788 15.294
2456040.75154 15.288
2456040.7552 15.303
2456040.75887 15.291
2456040.76254 15.283
2456040.76621 15.28
2456040.76987 15.269
2456040.77353 15.274
2456040.7772 15.284
2456040.78649 15.295
2456040.79016 15.291
2456040.79383 15.306
2456040.79749 15.281
2456040.80116 15.274
2456040.80482 15.27
2456040.80849 15.261
2456040.81216 15.28
2456040.81583 15.273
2456040.8195 15.267
2456040.83007 15.255
2456040.83373 15.264
2456040.8374 15.282
2456040.84107 15.274
2456040.84474 15.261
2456040.84841 15.273
2456040.85208 15.26
2456040.85575 15.249
2456040.85942 15.281
2456040.8631 15.268
2456040.9155 15.355
2456040.91916 15.327
2456040.92283 15.311
2456040.92649 15.313
2456040.93017 15.364
2456040.93383 15.353
2456040.93749 15.361
2456040.94116 15.373
2456040.94483 15.353
2456040.94848 15.349
2456040.95848 15.383
2456040.96215 15.377
