2453833.64618 1.346
2453833.64874 1.347
2453833.6513 1.354
2453833.65396 1.343
2453833.65655 1.33
2453833.65912 1.334
2453833.66423 1.373
2453833.66935 1.443
2453833.67447 1.445
2453833.67703 1.445
2453833.67959 1.403
2453833.68215 1.412
2453833.68471 1.363
2453833.68727 1.335
2453833.68983 1.343
2453833.69239 1.299
2453833.69495 1.316
2453833.69751 1.328
2453833.70006 1.323
2453833.70262 1.302
2453833.70518 1.328
2453833.70774 1.341
2453833.7103 1.321
2453833.71286 1.367
2453833.71541 1.327
2453833.71798 1.352
2453833.72053 1.375
2453833.72309 1.404
2453833.72565 1.435
2453833.72821 1.46
2453833.73077 1.461
2453833.73333 1.436
2453833.73845 1.409
2453833.741 1.444
2453833.74357 1.404
2453833.75636 1.298
2453833.76148 1.338
2453833.76404 1.344
2453833.7666 1.351
2453833.76916 1.36
2453833.77171 1.306
2453833.78195 1.302
2453833.78451 1.355
2453833.78707 1.316
2453833.78963 1.383
2453833.79218 1.428
2453833.79475 1.409
2453833.7973 1.437
2453833.79987 1.42
2453833.80242 1.418
2453833.80498 1.407
2453833.8101 1.342
2453833.81522 1.343
2453833.82034 1.351
2453833.84081 1.368
2453833.84336 1.404
2453833.84593 1.451
2453833.84848 1.431
2453833.85105 1.485
2453833.8536 1.506
2453833.85616 1.51
2453833.85872 1.5
2453833.86128 1.454
2453833.86384 1.412
2453833.8664 1.424
2453833.86896 1.399
2453833.87152 1.362
2453833.87407 1.322
2453833.87664 1.304
2453833.87919 1.329
2453833.88175 1.324
2453833.88431 1.35
2453833.88687 1.338
2453833.88943 1.367
2453833.89199 1.324
2453833.89455 1.351
2453833.89711 1.306
2453833.89967 1.364
2453833.90223 1.384
2453833.90479 1.347
2453833.91246 1.436
2453833.92014 1.467
2453833.9227 1.434
2453833.92782 1.364
2453833.93294 1.351
2453833.94829 1.311
2453833.95085 1.281
2453833.95341 1.377
2453833.95597 1.362
2453833.95853 1.363
2453833.96108 1.401
2453833.96364 1.364
2453833.96876 1.435
