2455393.87428 2.36
2455393.87703 2.317
2455393.87972 2.318
2455393.88354 2.439
2455393.88624 2.377
2455393.89207 2.303
2455393.90353 2.319
2455393.91835 2.279
2455393.92105 2.321
2455393.92374 2.325
2455393.92684 2.294
2455393.92956 2.282
2455393.93226 2.315
2455393.93536 2.31
2455393.93808 2.381
2455393.94082 2.314
2455393.94402 2.356
2455394.09398 2.224
2455394.09668 2.25
2455394.1096 2.331
2455394.11234 2.332
2455394.11501 2.299
2455394.12806 2.426
2455394.13068 2.43
2455394.13347 2.425
2455394.14649 2.28
2455394.14913 2.278
2455394.15177 2.26
2455394.16466 2.345
2455394.16737 2.341
2455394.17001 2.309
2455394.18299 2.351
2455394.18575 2.426
2455394.18839 2.496
2455394.20126 2.35
2455394.20397 2.324
2455394.20661 2.321
2455394.21949 2.286
2455394.22221 2.313
2455394.2249 2.315
2455394.24306 2.398
2455394.25616 2.351
2455394.25887 2.327
2455394.26159 2.292
