2453829.63514 1.183
2453829.63878 1.182
2453829.64447 1.222
2453829.64813 1.225
2453829.65747 1.267
2453829.66031 1.246
2453829.66965 1.164
2453829.68182 1.105
2453829.68833 1.142
2453829.69117 1.093
2453829.69482 1.159
2453829.69766 1.177
2453829.7005 1.136
2453829.70416 1.161
2453829.7135 1.23
2453829.72284 1.224
2453829.72568 1.208
2453829.72852 1.137
2453829.73218 1.125
2453829.73502 1.065
2453829.73786 1.124
2453829.74151 1.098
2453829.74435 1.104
2453829.79387 1.104
2453829.80125 1.143
2453829.8106 1.148
2453829.81344 1.198
2453829.81711 1.106
2453829.81995 1.217
2453829.82279 1.151
2453829.82644 1.24
2453829.82928 1.271
2453829.83212 1.326
2453829.83578 1.311
2453829.83862 1.295
2453829.84146 1.261
2453829.84513 1.239
2453829.84797 1.216
2453829.85081 1.168
2453829.85447 1.095
2453829.85731 1.147
2453829.86015 1.095
2453829.86381 1.057
2453829.86665 1.113
2453829.86949 1.103
2453829.87315 1.083
2453829.87599 1.098
2453829.87883 1.122
2453829.88249 1.086
2453829.88533 1.083
2453829.88818 1.104
2453829.89184 1.177
2453829.89752 1.255
2453829.90119 1.266
2453829.90686 1.161
2453829.91053 1.121
2453829.91337 1.067
