2455392.8902 3.183
2455392.89351 3.17
2455392.89677 3.103
2455392.91933 3.283
2455392.93564 3.096
2455392.93903 3.119
2455392.94235 3.167
2455392.95885 3.225
2455392.96214 3.216
2455392.96543 3.241
2455392.98159 3.212
2455392.98488 3.19
2455392.98821 3.22
2455393.00432 3.321
2455393.00758 3.26
2455393.01085 3.251
2455393.03006 3.451
2455393.03332 3.413
2455393.04913 3.307
2455393.05534 3.195
2455393.05867 3.205
2455393.10137 3.286
2455393.10464 3.249
2455393.12075 3.18
2455393.12402 3.148
2455393.12728 3.148
2455393.1464 3.213
2455393.14973 3.244
2455393.15354 3.277
2455393.16038 3.249
2455393.16406 3.232
2455393.16752 3.178
2455393.17079 3.188
2455393.17463 3.175
2455393.17789 3.156
2455393.18116 3.183
2455393.18484 3.207
2455393.18819 3.225
2455393.21617 3.254
2455393.21948 3.281
2455393.22296 3.275
2455393.22671 3.208
2455393.22998 3.223
2455393.23324 3.183
2455393.2369 3.195
2455393.24016 3.145
2455393.24343 3.119
2455393.24714 3.107
2455393.25056 3.064
2455393.25382 3.094
2455393.25762 3.134
2455393.26088 3.08
2455393.26416 3.141
2455393.2678 3.273
2455393.27123 3.267
2455393.27449 3.3
2455393.27832 3.37
