2455385.89573 2.951
2455385.89906 2.906
2455385.9024 2.952
2455385.91624 2.864
2455385.9196 2.813
2455385.92294 2.773
2455385.93735 2.785
2455385.94066 2.812
2455385.94399 2.839
2455385.95841 2.913
2455385.96174 2.981
2455385.96505 3.021
2455385.97916 2.907
2455385.98242 2.801
2455385.98574 2.765
2455385.99994 2.892
2455386.00326 2.888
2455386.00669 2.878
2455386.02096 2.862
2455386.02427 2.817
2455386.02758 2.936
2455386.04175 2.831
2455386.04507 2.826
2455386.04839 2.794
2455386.08281 2.915
2455386.08623 2.935
2455386.08968 2.997
2455386.10382 2.873
2455386.10708 2.799
2455386.11035 2.794
2455386.12421 2.789
2455386.12748 2.853
2455386.13074 2.826
2455386.14475 2.926
2455386.14801 2.941
2455386.15129 3.054
