2455398.86826 4.04
2455398.87089 4.03
2455398.87406 4.139
2455398.87677 4.131
2455398.87943 4.033
2455398.88254 4.044
2455398.88517 3.96
2455398.88781 3.955
2455398.89087 3.955
2455398.89352 3.902
2455398.89616 3.899
2455398.89919 3.898
2455398.90182 3.916
2455398.90453 3.897
2455398.90762 3.975
2455398.91028 3.953
2455398.91292 3.976
2455398.93818 4.048
2455398.94124 4.045
2455398.9803 4.067
2455398.98347 3.954
2455398.98617 3.907
2455398.98881 3.922
2455399.01877 3.956
2455399.02149 3.941
2455399.02423 3.949
2455399.03692 3.968
2455399.03956 3.945
2455399.04219 3.911
2455399.05521 4.088
2455399.05785 4.138
2455399.06049 4.13
2455399.07361 4.036
2455399.07626 4.012
2455399.0789 4.009
2455399.09167 3.931
2455399.09431 3.925
2455399.09697 3.891
2455399.10979 3.936
2455399.11249 3.909
2455399.11517 3.958
2455399.12795 3.993
2455399.13065 3.876
2455399.1333 3.887
2455399.14626 3.836
2455399.1489 3.851
2455399.15153 3.892
2455399.16442 3.863
2455399.16706 3.863
2455399.18281 4.042
2455399.18546 4.09
2455399.18811 3.932
2455399.20351 3.907
2455399.20615 3.915
2455399.21928 3.994
2455399.22193 3.969
2455399.2246 3.971
2455399.23751 4.162
2455399.24019 4.12
2455399.24289 4.186
2455399.25582 3.944
2455399.25847 3.929
2455399.26111 3.976
