2455241.62283 19.481
2455241.63479 19.202
2455241.63655 19.210
2455241.64513 19.158
2455241.64684 19.145
2455241.65577 19.248
2455241.66784 19.231
2455241.66957 19.267
2455241.69390 19.506
2455241.69563 19.638
2455241.70613 19.315
2455241.71840 19.061
2455241.72015 19.118
2455241.73066 19.197
2455241.73241 19.170
2455241.74296 19.316
2455241.74472 19.411
2455241.76944 19.420
2455241.78195 19.180
2455241.79440 19.121
2455241.80690 19.116
2455241.83210 19.549
2455241.84473 19.641
2455241.85736 19.289
2455241.87002 19.068
2455241.88272 19.153
2455241.91504 19.686
2455241.92659 19.369
2455241.93826 19.365
2455241.94988 19.204
