2455240.62423 19.489
2455240.77362 19.542
2455240.77529 19.623
2455240.78543 19.573
2455240.78712 19.538
2455240.79731 19.316
2455240.79900 19.444
2455240.80923 19.199
2455240.81092 19.205
2455240.82116 19.088
2455240.82287 19.150
2455240.83316 19.199
2455240.83487 19.326
2455240.84524 19.606
2455240.84699 19.589
2455240.85741 19.686
2455240.85915 19.459
2455240.88366 19.158
2455240.89599 19.100
2455240.90836 19.209
2455240.92076 19.623
2455240.93320 19.708
2455240.94569 19.366
2455240.95817 19.234
2455240.96887 19.292
2455240.97065 19.019
