2455508.5505 16.831
2455508.55351 16.863
2455508.55653 16.818
2455508.55953 16.781
2455508.56255 16.795
2455508.56555 16.653
2455508.56859 16.608
2455508.5716 16.538
2455508.57459 16.496
2455508.5776 16.467
2455508.58441 16.369
2455508.58741 16.342
2455508.59042 16.305
2455508.60166 16.366
2455508.60467 16.445
2455508.60768 16.428
2455508.61068 16.469
2455508.62873 16.569
2455508.63558 16.675
2455508.63859 16.681
2455508.64158 16.676
2455508.64459 16.674
2455508.64758 16.623
2455508.65058 16.634
2455508.65359 16.637
2455508.6566 16.639
2455508.6596 16.504
2455508.66261 16.57
2455508.66954 16.465
2455508.70878 16.43
2455508.71179 16.469
2455508.7148 16.473
2455508.71783 16.619
2455508.72084 16.675
2455508.72774 16.8
2455508.73077 16.787
2455508.73378 16.961
2455508.73681 16.961
2455508.73983 16.915
2455508.74284 16.911
2455508.74585 16.891
2455508.74885 16.82
2455508.75187 16.794
2455508.75487 16.73
2455508.76176 16.627
2455508.76477 16.507
2455508.76778 16.388
2455508.80771 16.491
2455508.81071 16.512
2455508.81371 16.615
2455508.81671 16.654
2455508.81971 16.679
2455508.82272 16.72
2455508.82957 16.82
2455508.83257 16.766
2455508.83559 16.727
2455508.83859 16.741
2455508.84463 16.542
2455508.84763 16.546
2455508.85063 16.453
2455508.85364 16.454
2455508.86357 16.371
2455508.86657 16.351
2455508.86958 16.361
2455508.87259 16.279
2455508.88759 16.413
2455508.90383 16.611
2455508.90683 16.593
2455508.90983 16.641
2455508.91283 16.629
2455508.91884 16.711
2455508.92183 16.765
2455508.92484 16.825
2455508.93465 16.867
2455508.95273 16.748
2455508.95573 16.498
2455508.95876 16.429
2455508.96561 16.549
2455508.96862 16.472
2455508.99957 16.529
2455509.00258 16.536
2455509.01159 16.665
2455509.01762 16.748
