2455505.57879 16.786
2455505.58183 16.752
2455505.58487 16.724
2455505.58791 16.674
2455505.59096 16.645
2455505.59402 16.687
2455505.60403 16.47
2455505.61007 16.467
2455505.61311 16.394
2455505.61617 16.4
2455505.62529 16.429
2455505.62834 16.454
2455505.63139 16.451
2455505.65652 16.624
2455505.65956 16.642
2455505.6626 16.781
2455505.66564 16.79
2455505.66868 16.813
2455505.67173 16.733
2455505.71828 16.495
2455505.72826 16.532
2455505.73129 16.491
2455505.73435 16.557
2455505.7374 16.727
2455505.74043 16.689
2455505.78496 16.716
2455505.78801 16.734
2455505.79106 16.632
2455505.7941 16.544
2455505.79714 16.558
2455505.80627 16.484
2455505.80927 16.436
2455505.8223 16.459
2455505.82533 16.454
2455505.83143 16.537
2455505.83448 16.54
2455505.83752 16.507
2455505.84057 16.583
2455505.84666 16.588
2455505.85367 16.642
2455505.8567 16.757
2455505.86279 16.71
2455505.92244 16.41
2455505.92547 16.477
2455505.92851 16.531
2455505.93155 16.594
2455505.93459 16.671
2455505.93762 16.705
2455505.94066 16.783
2455505.9437 16.73
2455505.94676 16.785
2455505.9498 16.789
2455505.95676 16.85
2455505.97505 16.716
2455506.00993 16.393
2455506.01298 16.395
2455506.01602 16.422
