2455506.56909 16.445
2455506.57214 16.433
2455506.57518 16.484
2455506.57823 16.445
2455506.58128 16.518
2455506.58432 16.489
2455506.59175 16.494
2455506.59478 16.525
2455506.59784 16.491
2455506.63552 16.888
2455506.63856 16.911
2455506.64161 16.805
2455506.64467 16.891
2455506.64772 16.964
2455506.65075 16.848
2455506.6538 16.823
2455506.67027 16.553
2455506.67332 16.528
2455506.67636 16.518
2455506.67941 16.427
2455506.68246 16.463
2455506.6855 16.426
2455506.68854 16.515
2455506.78922 16.433
2455506.79227 16.486
2455506.79532 16.537
2455506.79836 16.54
2455506.8014 16.553
2455506.80867 16.556
2455506.81171 16.611
2455506.81475 16.74
2455506.81779 16.824
2455506.82081 16.953
2455506.82386 17.049
2455506.8269 17.027
2455506.82995 16.982
2455506.83298 16.958
2455506.83602 16.869
2455506.84292 16.767
2455506.84597 16.707
2455506.84901 16.671
2455506.85205 16.6
2455506.85508 16.542
2455506.85812 16.534
2455506.86116 16.513
2455506.86421 16.479
2455506.86726 16.493
2455506.8703 16.425
2455506.87761 16.565
2455506.88066 16.41
2455506.8837 16.516
2455506.88674 16.617
2455506.88979 16.604
2455506.89284 16.775
2455506.89587 16.734
2455506.89892 16.738
2455506.90196 16.856
2455506.91188 16.878
2455506.91492 16.771
2455506.91797 16.786
2455506.92101 16.79
2455506.92405 16.704
2455506.92709 16.735
2455506.93015 16.669
2455506.93319 16.687
2455506.93622 16.612
2455506.93926 16.609
2455506.94617 16.489
2455506.94921 16.455
2455506.95225 16.418
2455507.00179 16.542
2455507.00485 16.579
2455507.0079 16.784
2455507.01476 17.055
2455507.0178 17.029
2455507.02085 17.076
