2456410.683177 +17.222
2456410.690849 +17.285
2456410.694672 +17.208
2456410.698516 +17.283
2456410.702342 +17.306
2456410.706184 +17.274
2456410.713869 +17.275
2456410.717699 +17.288
2456410.733043 +17.216
2456410.736869 +17.142
2456410.740703 +17.156
2456410.744524 +17.157
2456410.748359 +17.200
2456410.752183 +17.247
2456410.756008 +17.198
2456410.763673 +17.173
2456410.771337 +17.178
2456410.775244 +17.153
2456410.779089 +17.204
2456410.782911 +17.204
2456410.786763 +17.197
2456410.790587 +17.183
2456410.798248 +17.202
2456410.802086 +17.223
2456410.805916 +17.249
2456410.809741 +17.290
2456410.813572 +17.278
2456410.817391 +17.317
2456410.821230 +17.221
2456410.825048 +17.178
2456410.828888 +17.166
2456410.832710 +17.211
2456410.836537 +17.237
2456410.840362 +17.264
2456410.844191 +17.218
2456410.851846 +17.261
2456410.855663 +17.248
2456410.859500 +17.272
2456410.863327 +17.198
2456410.874883 +17.213
2456410.882543 +17.226
2456410.886360 +17.190
2456410.890194 +17.210
2456410.894017 +17.159
2456410.897854 +17.154
2456410.901672 +17.186
2456410.909327 +17.180
2456410.913155 +17.257
2456410.916978 +17.172
2456410.920813 +17.215
2456410.924640 +17.188
2456410.928478 +17.205
2456410.932301 +17.205
2456410.936130 +17.189
2456410.939970 +17.175
2456410.943791 +17.219
2456410.947620 +17.179
2456410.951443 +17.212
2456410.955273 +17.147
