2456403.722859 +17.229
2456403.726683 +17.281
2456403.730523 +17.265
2456403.734347 +17.233
2456403.738187 +17.301
2456403.742019 +17.271
2456403.745854 +17.233
2456403.749685 +17.273
2456403.753614 +17.197
2456403.757448 +17.199
2456403.761266 +17.190
2456403.765106 +17.248
2456403.768926 +17.202
2456403.772757 +17.220
2456403.776575 +17.201
2456403.780402 +17.241
2456403.784223 +17.197
2456403.788060 +17.199
2456403.799535 +17.127
2456403.803461 +17.110
2456403.807288 +17.142
2456403.811125 +17.128
2456403.814945 +17.104
2456403.818776 +17.119
2456403.822613 +17.089
2456403.826431 +17.087
2456403.830266 +17.114
2456403.834093 +17.093
2456403.837918 +17.112
2456403.841735 +17.151
2456403.845574 +17.123
2456403.849396 +17.169
2456403.853222 +17.096
2456403.857045 +17.066
2456403.860876 +17.160
2456403.868531 +17.115
2456403.872352 +17.153
2456403.876187 +17.089
2456403.880011 +17.146
2456403.883847 +17.114
2456403.887673 +17.094
2456403.891500 +17.090
2456403.895328 +17.102
2456403.899254 +17.092
2456403.903081 +17.116
2456403.906914 +17.161
2456403.910738 +17.154
2456403.914573 +17.173
2456403.922235 +17.139
2456403.926051 +17.137
2456403.929870 +17.119
2456403.937520 +17.124
2456403.941348 +17.102
2456403.945167 +17.092
2456403.949000 +17.105
2456403.952818 +17.123
2456403.960489 +17.102
2456403.968140 +17.112
2456403.971970 +17.123
2456403.975787 +17.096
2456403.983439 +17.113
2456403.987265 +17.116
2456403.991090 +17.082
