2456400.723432 +17.199
2456400.727268 +17.228
2456400.731102 +17.217
2456400.734930 +17.272
2456400.742610 +17.254
2456400.746445 +17.249
2456400.750272 +17.218
2456400.754114 +17.199
2456400.757939 +17.227
2456400.777103 +17.251
2456400.780947 +17.223
2456400.784776 +17.156
2456400.788610 +17.125
2456400.792440 +17.149
2456400.796274 +17.158
2456400.800103 +17.146
2456400.803938 +17.101
2456400.807765 +17.105
2456400.811587 +17.131
2456400.815527 +17.113
2456400.819365 +17.141
2456400.823193 +17.126
2456400.827016 +17.148
2456400.830838 +17.172
2456400.834678 +17.155
2456400.838493 +17.186
2456400.842334 +17.169
2456400.846152 +17.112
2456400.849990 +17.146
2456400.857651 +17.152
2456400.861489 +17.161
2456400.865314 +17.185
2456400.869139 +17.175
2456400.872968 +17.145
2456400.876797 +17.176
2456400.880618 +17.162
2456400.884456 +17.167
2456400.888281 +17.145
2456400.892114 +17.155
2456400.895932 +17.174
2456400.899763 +17.215
2456400.903580 +17.204
2456400.907403 +17.164
2456400.915175 +17.191
2456400.918999 +17.185
2456400.922825 +17.166
2456400.926649 +17.136
2456400.930488 +17.140
2456400.953411 +17.159
2456400.961061 +17.217
2456400.964887 +17.185
2456400.968724 +17.189
2456400.972549 +17.186
2456400.991707 +17.182
2456400.995535 +17.167
2456400.999349 +17.167
2456401.003185 +17.167
