2456401.719332 +17.300
2456401.723124 +17.273
2456401.726929 +17.209
2456401.734508 +17.236
2456401.738289 +17.252
2456401.742086 +17.254
2456401.745880 +17.282
2456401.749667 +17.263
2456401.757254 +17.289
2456401.761061 +17.277
2456401.764848 +17.248
2456401.768637 +17.225
2456401.772422 +17.235
2456401.776219 +17.283
2456401.780006 +17.216
2456401.783797 +17.201
2456401.787587 +17.174
2456401.791375 +17.135
2456401.795159 +17.167
2456401.798945 +17.164
2456401.802752 +17.166
2456401.806543 +17.195
2456401.810455 +17.200
2456401.814252 +17.235
2456401.818048 +17.237
2456401.821835 +17.200
2456401.825628 +17.197
2456401.829414 +17.190
2456401.833210 +17.127
2456401.836988 +17.130
2456401.840779 +17.135
2456401.852148 +17.193
2456401.855927 +17.176
2456401.859725 +17.125
2456401.878670 +17.157
2456401.882472 +17.171
2456401.886253 +17.171
2456401.890045 +17.136
2456401.893829 +17.127
2456401.897626 +17.113
2456401.901413 +17.107
2456401.912855 +17.148
2456401.916641 +17.155
2456401.920423 +17.111
2456401.924213 +17.130
2456401.927995 +17.137
2456401.931783 +17.125
2456401.935570 +17.123
2456401.939366 +17.205
2456401.943153 +17.197
2456401.946941 +17.210
2456401.950716 +17.165
2456401.954496 +17.201
2456401.958295 +17.132
2456401.962074 +17.152
2456401.965866 +17.157
2456401.969652 +17.210
2456401.977212 +17.158
2456401.981003 +17.149
2456401.984779 +17.186
2456401.992338 +17.111
2456401.996117 +17.184
2456401.999995 +17.178
2456402.007570 +17.131
