2454713.60812 2.891
2454713.61425 2.943
2454713.61733 2.884
2454713.62342 2.894
2454713.62952 2.9
2454713.63257 2.987
2454713.63561 2.926
2454713.63866 2.934
2454713.65391 2.963
2454713.71488 2.983
2454713.724 2.966
2454713.73619 2.914
2454713.73923 2.944
2454713.74227 2.952
2454713.74532 2.877
2454713.74836 2.875
2454713.7514 2.895
2454713.75446 2.933
2454713.7575 2.885
2454713.76054 2.842
2454713.76359 2.868
2454713.76661 2.903
2454713.76965 2.854
2454713.77267 2.909
2454713.78176 2.897
2454713.7848 2.91
2454713.78784 2.855
2454713.79085 2.925
2454713.79391 2.894
2454713.79694 2.899
2454713.80604 2.97
2454713.80908 2.942
2454713.83025 2.979
2454713.8363 2.916
2454713.83935 2.93
2454713.84237 2.902
2454713.84541 2.965
2454713.84843 2.915
2454713.85145 2.96
2454713.85448 2.971
2454713.86668 2.894
2454713.86988 2.923
2454713.87306 2.901
2454713.87621 2.934
2454713.87931 2.927
2454713.88318 2.892
2454713.88625 2.89
2454713.89842 2.894
2454713.90146 2.898
2454713.90449 2.92
2454713.90755 2.913
2454713.9106 2.932
2454713.91667 2.933
2454713.91972 2.939
2454713.92275 2.952
2454713.92579 2.916
2454713.92882 2.944
2454713.93187 2.927
2454713.93492 2.948
2454713.93797 2.946
2454713.94102 2.943
2454713.94407 2.898
2454713.94711 2.974
2454713.95015 2.934
2454713.95318 2.89
2454713.95623 2.926
2454713.95927 2.889
2454713.96231 2.898
