2455858.64686 17.136
2455858.65054 17.091
2455858.65424 17.059
2455858.66159 17.022
2455858.68553 17.094
2455858.68921 17.154
2455858.6929 17.207
2455858.69658 17.16
2455858.70024 17.132
2455858.70392 17.129
2455858.70759 17.126
2455858.71126 17.082
2455858.71495 17.09
2455858.71864 17.074
2455858.72752 17.091
2455858.73119 17.164
2455858.73487 17.157
2455858.73854 17.177
2455858.74223 17.163
2455858.7459 17.172
2455858.75693 17.165
2455858.76062 17.134
2455858.79125 17.081
2455858.79493 17.122
2455858.80228 17.151
2455858.81046 17.222
2455858.81413 17.195
2455858.8178 17.165
2455858.82147 17.225
2455858.82516 17.155
2455858.82884 17.2
2455858.83251 17.088
2455858.83619 17.098
2455858.87551 17.134
2455858.87918 17.2
2455858.88285 17.098
2455858.88654 17.142
2455858.92693 17.151
2455858.9306 17.168
