2454123.6222 1.22
2454123.62542 1.226
2454123.62864 1.218
2454123.63507 1.17
2454123.63834 1.146
2454123.64158 1.126
2454123.65128 1.079
2454123.65773 1.06
2454123.66102 1.063
2454123.67426 1.143
2454123.6775 1.159
2454123.68393 1.196
2454123.68717 1.212
2454123.69043 1.189
2454123.69365 1.195
2454123.6969 1.165
2454123.70012 1.132
2454123.70335 1.116
2454123.70656 1.118
2454123.71006 1.074
2454123.71329 1.059
2454123.71656 1.033
2454123.71984 1.044
2454123.72305 1.009
2454123.72632 1.0
2454123.72953 1.014
2454123.7328 1.008
2454123.73603 1.02
2454123.73924 1.047
2454123.74247 1.089
2454123.74568 1.124
2454123.74889 1.162
2454123.75218 1.187
2454123.75562 1.219
2454123.7589 1.238
2454123.7621 1.224
2454123.76533 1.211
2454123.76859 1.181
2454123.77185 1.154
2454123.77509 1.117
2454123.78156 1.086
2454123.78478 1.075
2454123.788 1.052
2454123.79128 1.041
2454123.79454 1.053
2454123.79775 1.061
2454123.80126 1.074
2454123.80447 1.087
2454123.81096 1.132
2454123.81746 1.158
2454123.82072 1.206
2454123.82394 1.184
2454123.82715 1.182
2454123.83038 1.167
2454123.83361 1.158
2454123.83682 1.143
2454123.84003 1.093
2454123.84331 1.087
2454123.86721 1.003
2454123.87369 1.024
2454123.8769 1.031
2454123.88011 1.072
2454123.88333 1.111
2454123.88655 1.163
2454123.88982 1.186
2454123.89309 1.214
2454123.89636 1.241
2454123.89964 1.224
2454123.90285 1.222
2454123.90608 1.163
2454123.9093 1.138
2454123.91251 1.102
2454123.91606 1.095
2454123.92255 1.075
2454123.92582 1.042
2454123.92904 1.044
2454123.93231 1.05
2454123.93555 1.082
2454123.93877 1.064
2454123.94525 1.095
2454123.94848 1.114
2454123.95178 1.138
2454123.95499 1.155
2454123.95822 1.18
2454123.96168 1.182
2454123.96491 1.184
2454123.96819 1.158
2454123.97141 1.117
2454123.97464 1.104
2454123.97784 1.12
2454123.98107 1.069
2454123.9875 1.056
2454123.99073 1.064
2454123.99725 1.012
2454124.00046 1.006
2454124.00369 1.016
