2455853.58322 16.454
2455853.58621 16.502
2455853.59219 16.499
2455853.60115 16.467
2455853.60414 16.438
2455853.61495 16.314
2455853.61793 16.236
2455853.62091 16.227
2455853.62389 16.224
2455853.62688 16.223
2455853.62988 16.238
2455853.63287 16.281
2455853.63586 16.278
2455853.63885 16.319
2455853.64673 16.466
2455853.64972 16.492
2455853.65271 16.514
2455853.6557 16.517
2455853.65868 16.487
2455853.66167 16.478
2455853.66466 16.42
2455853.66765 16.401
2455853.67064 16.349
2455853.67362 16.32
2455853.68223 16.262
2455853.6852 16.282
2455853.68818 16.255
2455853.69115 16.262
2455853.69415 16.276
2455853.69714 16.246
2455853.70013 16.313
2455853.70311 16.321
2455853.7061 16.343
2455853.70909 16.371
2455853.71788 16.449
2455853.72086 16.492
2455853.72384 16.468
2455853.72683 16.492
2455853.72981 16.5
2455853.73279 16.494
2455853.73579 16.498
2455853.73878 16.465
2455853.74176 16.409
2455853.74475 16.396
2455853.75541 16.241
2455853.75841 16.261
2455853.76139 16.232
2455853.76438 16.224
2455853.76738 16.252
2455853.77038 16.259
2455853.77336 16.298
2455853.77635 16.303
2455853.77934 16.389
2455853.78668 16.498
2455853.78968 16.52
2455853.79271 16.52
2455853.79575 16.457
2455853.79878 16.458
2455853.8018 16.436
2455853.80482 16.399
2455853.80784 16.367
2455853.81088 16.329
2455853.81391 16.304
2455853.82719 16.245
2455853.8302 16.245
2455853.83322 16.232
2455853.83624 16.255
2455853.83928 16.304
2455853.8423 16.323
2455853.84534 16.336
2455853.84838 16.41
2455853.85854 16.456
2455853.86158 16.475
2455853.86461 16.459
2455853.86763 16.477
2455853.87368 16.452
2455853.87672 16.451
2455853.87975 16.423
2455853.88276 16.355
2455853.89646 16.21
2455853.89949 16.198
2455853.9025 16.228
2455853.91159 16.272
2455853.91461 16.345
2455853.91763 16.377
2455853.92496 16.493
2455853.928 16.494
2455853.93103 16.484
2455853.93407 16.485
2455853.9371 16.428
2455853.9401 16.413
