2455854.57944 16.27
2455854.58839 16.212
2455854.59138 16.239
2455854.59436 16.297
2455854.59734 16.329
2455854.62247 16.46
2455854.64495 16.261
2455854.65094 16.272
2455854.65393 16.271
2455854.6599 16.302
2455854.66289 16.321
2455854.66588 16.353
2455854.67185 16.393
2455854.68057 16.478
2455854.68356 16.5
2455854.68655 16.493
2455854.68953 16.491
2455854.69251 16.489
2455854.70148 16.411
2455854.70446 16.422
2455854.70744 16.293
2455854.71508 16.246
2455854.71807 16.229
2455854.72106 16.192
2455854.72405 16.225
2455854.73002 16.223
2455854.733 16.297
2455854.73598 16.319
2455854.73898 16.342
2455854.74197 16.455
2455854.75633 16.492
2455854.75932 16.485
2455854.76828 16.379
2455854.77425 16.314
2455854.77724 16.296
2455854.78505 16.28
2455854.78803 16.247
2455854.79101 16.227
2455854.794 16.223
2455854.79699 16.235
2455854.79998 16.294
2455854.80297 16.33
2455854.80595 16.359
2455854.80894 16.367
2455854.81191 16.413
2455854.82547 16.474
2455854.82846 16.449
2455854.83145 16.457
2455854.83444 16.434
2455854.83743 16.412
2455854.84041 16.341
2455854.8434 16.311
2455854.84639 16.263
2455854.85376 16.251
2455854.85674 16.2
2455854.85973 16.172
2455854.86274 16.198
2455854.86573 16.226
2455854.86872 16.228
2455854.87171 16.276
2455854.87471 16.352
2455854.87771 16.377
2455854.88069 16.444
2455854.88827 16.462
2455854.89126 16.492
2455854.89425 16.456
2455854.89724 16.415
2455854.90024 16.406
2455854.90322 16.358
2455854.9062 16.346
2455854.91217 16.299
2455854.92572 16.233
2455854.93466 16.256
2455854.93766 16.282
