2454700.64981 1.543
2454700.65323 1.541
2454700.65648 1.513
2454700.65975 1.517
2454700.663 1.482
2454700.66626 1.495
2454700.66952 1.509
2454700.67276 1.513
2454700.67603 1.536
2454700.67929 1.555
2454700.68257 1.59
2454700.68599 1.635
2454700.68927 1.681
2454700.69258 1.713
2454700.69588 1.723
2454700.69915 1.687
2454700.70244 1.679
2454700.70568 1.635
2454700.70895 1.594
2454700.7122 1.571
2454700.71545 1.549
2454700.71882 1.529
2454700.72208 1.501
2454700.72534 1.503
2454700.7286 1.484
2454700.73184 1.522
2454700.73511 1.563
2454700.73837 1.572
2454700.74161 1.587
2454700.74491 1.623
2454700.74816 1.653
2454700.75156 1.643
2454700.7548 1.623
2454700.75808 1.608
2454700.76135 1.62
2454700.76461 1.608
2454700.78084 1.537
2454700.78425 1.511
2454700.78749 1.489
2454700.79076 1.472
2454700.79404 1.47
2454700.7973 1.491
2454700.80055 1.497
2454700.80384 1.504
2454700.80708 1.532
2454700.81033 1.544
2454700.81362 1.59
2454700.81699 1.651
2454700.82025 1.681
2454700.82348 1.738
2454700.82676 1.742
2454700.83003 1.723
2454700.83328 1.679
2454700.83656 1.682
2454700.83983 1.6
2454700.84311 1.579
2454700.84636 1.537
2454700.84974 1.505
2454700.85302 1.479
2454700.85625 1.494
2454700.8595 1.495
2454700.86276 1.51
2454700.86601 1.526
2454700.86925 1.555
2454700.87253 1.583
2454700.87579 1.647
2454700.87905 1.654
2454700.88244 1.642
2454700.88571 1.641
2454700.88899 1.649
2454700.89222 1.608
2454700.8955 1.618
2454700.89878 1.594
2454700.90204 1.572
2454700.90537 1.538
2454700.90862 1.511
2454700.91185 1.5
2454700.91522 1.514
2454700.91847 1.483
2454700.92172 1.485
