2454692.64424 2.029
2454692.64751 2.041
2454692.65079 2.017
2454692.65404 2.019
2454692.65732 2.086
2454692.66055 2.081
2454692.66379 2.143
2454692.66705 2.161
2454692.67033 2.209
2454692.67375 2.174
2454692.67696 2.201
2454692.68024 2.192
2454692.6835 2.167
2454692.68675 2.181
2454692.69003 2.146
2454692.69326 2.114
2454692.69647 2.103
2454692.69974 2.075
2454692.70296 2.073
2454692.70637 2.035
2454692.7096 2.026
2454692.72575 2.007
2454692.729 2.059
2454692.73225 2.032
2454692.73551 2.062
2454692.73891 2.089
2454692.79884 2.183
2454692.80209 2.213
2454692.80534 2.202
2454692.80859 2.18
2454692.81184 2.195
2454692.81511 2.195
2454692.81837 2.186
2454692.82486 2.162
2454692.82813 2.123
2454692.83154 2.11
2454692.8348 2.102
2454692.83804 2.093
2454692.8413 2.067
2454692.84453 2.032
2454692.84778 2.03
2454692.85104 2.026
2454692.8543 2.028
2454692.85756 2.037
2454692.86083 2.063
2454692.8642 2.078
2454692.86745 2.139
2454692.87066 2.192
2454692.87392 2.235
2454692.87717 2.265
2454692.88043 2.277
2454692.88369 2.271
2454692.88697 2.247
2454692.89022 2.2
2454692.89346 2.179
2454692.89684 2.124
2454692.9001 2.103
2454692.90336 2.079
2454692.90993 2.035
