2453256.63345 1.815
2453256.63486 1.869
2453256.63767 1.86
2453256.63906 1.876
2453256.64326 1.906
2453256.64466 1.924
2453256.64747 1.915
2453256.65025 1.964
2453256.65165 1.963
2453256.65938 1.92
2453256.66078 1.922
2453256.66358 1.917
2453256.66636 1.871
2453256.66917 1.871
2453256.67476 1.869
2453256.68668 1.794
2453256.68811 1.792
2453256.6909 1.822
2453256.6923 1.804
2453256.69372 1.836
2453256.69513 1.806
2453256.69939 1.818
2453256.70302 1.83
2453256.70444 1.878
2453256.70726 1.887
2453256.71154 1.923
2453256.71721 1.982
2453256.71864 1.98
2453256.72006 1.985
2453256.7279 1.96
2453256.73208 1.972
2453256.73771 1.853
2453256.74055 1.871
2453256.74195 1.826
2453256.74334 1.809
2453256.78139 1.854
2453256.79638 1.869
2453256.79779 1.891
2453256.79921 1.941
2453256.80488 1.887
2453256.82119 1.845
2453256.82402 1.824
2453256.82545 1.849
2453256.8283 1.849
2453256.82973 1.816
2453256.83114 1.881
2453256.83256 1.947
2453256.83399 1.828
2453256.83542 1.839
2453256.83683 1.896
2453256.86028 1.965
2453256.86651 1.895
2453256.86793 1.897
2453256.87219 1.786
2453256.8793 1.796
2453256.89624 1.894
2453256.92917 1.869
2453256.9306 1.885
2453256.93201 1.892
2453256.93343 1.849
2453256.94702 1.769
