2453614.68536 0.287
2453614.68736 0.297
2453614.68937 0.286
2453614.69132 0.302
2453614.69328 0.295
2453614.69523 0.323
2453614.69719 0.325
2453614.70606 0.366
2453614.71799 0.433
2453614.71999 0.435
2453614.72199 0.413
2453614.724 0.405
2453614.726 0.388
2453614.728 0.39
2453614.73 0.354
2453614.75502 0.32
2453614.75703 0.32
2453614.75903 0.358
2453614.76101 0.368
2453614.76502 0.382
2453614.76702 0.384
2453614.77102 0.377
2453614.77302 0.374
2453614.81802 0.434
2453614.82002 0.438
2453614.82201 0.45
2453614.826 0.456
2453614.87801 0.376
2453614.88 0.374
2453614.884 0.353
2453614.88599 0.334
2453614.91394 0.353
2453614.91594 0.387
2453614.92091 0.406
2453614.92292 0.414
2453614.92495 0.429
2453614.92694 0.452
2453614.92893 0.469
2453614.93093 0.449
2453614.93293 0.452
2453614.93493 0.431
2453614.93693 0.424
2453614.93893 0.39
2453614.94092 0.371
2453614.94291 0.365
2453614.9449 0.344
2453614.94686 0.341
2453614.94886 0.32
2453614.95085 0.308
2453614.95285 0.301
2453614.95485 0.297
2453614.95684 0.29
2453614.95883 0.297
2453614.96377 0.314
2453614.96577 0.329
2453614.96777 0.355
2453614.96976 0.327
2453614.97176 0.355
2453614.97375 0.359
2453614.97776 0.375
