2455504.5543 16.774
2455504.55732 16.718
2455504.56033 16.567
2455504.56334 16.501
2455504.56637 16.439
2455504.6009 16.642
2455504.62028 16.811
2455504.6233 16.836
2455504.62631 16.793
2455504.62933 16.732
2455504.63235 16.682
2455504.63536 16.534
2455504.63838 16.553
2455504.6414 16.498
2455504.64442 16.501
2455504.65175 16.422
2455504.65476 16.421
2455504.66687 16.519
2455504.67291 16.669
2455504.67593 16.734
2455504.67895 16.701
2455504.68642 16.863
2455504.68943 16.87
2455504.69549 16.815
2455504.6985 16.838
2455504.70152 16.673
2455504.76435 16.814
2455504.76737 16.792
2455504.81313 16.561
2455504.81615 16.578
2455504.81918 16.569
2455504.82222 16.615
2455504.82526 16.671
2455504.82828 16.711
2455504.8313 16.758
2455504.83433 16.817
2455504.83734 16.838
2455504.84035 16.799
2455504.84767 16.627
2455504.85068 16.598
2455504.8537 16.481
2455504.85671 16.479
2455504.85972 16.403
2455504.86276 16.383
2455504.86577 16.377
2455504.8688 16.357
2455504.87182 16.381
2455504.87483 16.358
2455504.91958 16.667
2455504.92259 16.652
2455504.9256 16.579
2455504.92865 16.551
2455504.93166 16.502
2455504.93467 16.456
2455504.93769 16.434
2455504.9407 16.417
2455504.94372 16.446
2455504.95109 16.463
2455504.95411 16.484
2455504.95714 16.551
2455504.96016 16.595
2455504.96317 16.564
2455504.9662 16.667
2455504.96924 16.635
2455504.97226 16.757
2455504.97528 16.772
2455504.97829 16.796
2455505.00072 16.572
2455505.00376 16.499
2455505.00679 16.539
