2455507.55592 16.487
2455507.5589 16.499
2455507.56494 16.528
2455507.56795 16.564
2455507.57099 16.604
2455507.57401 16.644
2455507.57703 16.639
2455507.58456 16.797
2455507.58758 16.84
2455507.59059 16.857
2455507.59361 16.869
2455507.60871 16.686
2455507.61173 16.618
2455507.61922 16.559
2455507.62224 16.504
2455507.62526 16.485
2455507.6313 16.543
2455507.63432 16.531
2455507.64038 16.54
2455507.6434 16.649
2455507.64642 16.685
2455507.65392 16.723
2455507.65694 16.742
2455507.65993 16.809
2455507.66592 16.91
2455507.66895 16.86
2455507.67197 16.831
2455507.67498 16.831
2455507.678 16.779
2455507.68102 16.691
2455507.68856 16.594
2455507.69158 16.558
2455507.6946 16.53
2455507.69764 16.482
2455507.70067 16.434
2455507.70371 16.489
2455507.70672 16.47
2455507.70974 16.527
2455507.71276 16.584
2455507.71578 16.633
2455507.72931 16.808
2455507.73833 16.91
2455507.74135 16.908
2455507.74437 16.912
2455507.7474 16.848
2455507.75041 16.787
2455507.75781 16.595
2455507.76083 16.529
2455507.76384 16.472
2455507.76687 16.494
2455507.76989 16.454
2455507.7729 16.46
2455507.77594 16.461
2455507.785 16.495
2455507.79246 16.505
2455507.79547 16.64
2455507.79849 16.626
2455507.80151 16.613
2455507.80453 16.651
2455507.80755 16.683
2455507.81054 16.712
2455507.81356 16.733
2455507.81658 16.835
2455507.8196 16.77
2455507.83026 16.59
2455507.83328 16.54
2455507.83629 16.444
2455507.83931 16.461
2455507.84233 16.467
2455507.84539 16.471
2455507.84841 16.373
2455507.85143 16.407
2455507.85445 16.487
2455507.86481 16.558
2455507.87088 16.674
2455507.87389 16.629
2455507.87691 16.808
2455507.87995 16.774
2455507.88297 16.836
