2455531.53658 16.676
2455531.53958 16.713
2455531.54259 16.841
2455531.5456 16.804
2455531.54861 16.861
2455531.55164 16.908
2455531.55464 17.017
2455531.55765 17.006
2455531.56067 17.027
2455531.57073 16.968
2455531.57374 16.86
2455531.57673 16.879
2455531.57973 16.74
2455531.58275 16.65
2455531.58576 16.607
2455531.58876 16.604
2455531.59178 16.55
2455531.59481 16.501
2455531.59783 16.529
2455531.60802 16.687
2455531.61104 16.701
2455531.61406 16.768
2455531.61707 16.802
2455531.62008 16.861
2455531.62311 16.9
2455531.62613 16.884
2455531.62916 16.973
2455531.6322 17.008
2455531.63938 16.891
2455531.64241 16.828
2455531.64542 16.83
2455531.64842 16.879
2455531.65145 16.711
2455531.65447 16.75
2455531.6737 16.676
2455531.6767 16.738
2455531.67971 16.651
2455531.68272 16.69
2455531.68574 16.715
2455531.68878 16.772
2455531.69178 16.811
2455531.6948 16.834
2455531.69782 16.893
2455531.70083 16.96
2455531.70961 17.108
2455531.71263 17.036
2455531.71566 16.928
2455531.71869 16.863
2455531.72171 16.824
2455531.72473 16.745
2455531.72775 16.69
2455531.73079 16.572
2455531.73382 16.579
2455531.73684 16.57
2455531.7447 16.585
2455531.74771 16.583
2455531.75073 16.592
2455531.75375 16.624
2455531.75676 16.648
2455531.75978 16.711
2455531.76281 16.832
2455531.76584 16.796
2455531.76887 16.889
2455531.77189 16.926
2455531.78208 16.897
2455531.78509 16.912
2455531.78811 16.965
2455531.79112 16.858
2455531.79415 16.756
2455531.79719 16.733
2455531.80024 16.756
2455531.80326 16.665
2455531.8063 16.649
2455531.81347 16.627
2455531.8165 16.572
2455531.81952 16.646
2455531.82252 16.691
2455531.82555 16.726
2455531.82853 16.783
2455531.83156 16.761
