2455526.5642 16.652
2455526.56722 16.59
2455526.57025 16.567
2455526.57327 16.533
2455526.57629 16.546
2455526.5793 16.537
2455526.5823 16.5
2455526.58532 16.486
2455526.58834 16.513
2455526.59136 16.528
2455526.59847 16.57
2455526.60449 16.659
2455526.6075 16.696
2455526.61053 16.729
2455526.61352 16.782
2455526.61653 16.844
2455526.61955 16.904
2455526.62257 16.931
2455526.62559 16.903
2455526.63274 16.799
2455526.63575 16.735
2455526.63877 16.673
2455526.64177 16.615
2455526.64479 16.586
2455526.6478 16.531
2455526.65082 16.478
2455526.65382 16.513
2455526.65681 16.459
2455526.65983 16.497
2455526.66694 16.568
2455526.67294 16.616
2455526.67591 16.632
2455526.68495 16.701
2455526.68797 16.751
2455526.69098 16.805
2455526.69398 16.856
2455526.70108 16.909
2455526.7041 16.871
2455526.70711 16.797
2455526.71013 16.706
2455526.71315 16.607
2455526.71616 16.604
2455526.72219 16.506
2455526.72521 16.491
2455526.73535 16.497
2455526.73836 16.559
2455526.74137 16.535
2455526.74439 16.565
2455526.75646 16.692
2455526.76248 16.793
2455526.76966 16.949
2455526.77269 16.941
2455526.77571 16.939
2455526.77873 16.764
2455526.78174 16.697
2455526.78476 16.647
2455526.78773 16.564
2455526.79076 16.51
2455526.7968 16.455
2455526.80473 16.455
2455526.80776 16.468
2455526.81077 16.522
2455526.81378 16.523
2455526.8168 16.586
2455526.81982 16.635
2455526.82283 16.671
2455526.82584 16.665
2455526.82881 16.701
2455526.83177 16.692
2455526.83888 16.828
2455526.8419 16.919
2455526.8449 16.871
2455526.84792 16.822
2455526.85096 16.812
2455526.85397 16.656
2455526.85698 16.611
2455526.86 16.554
2455526.86301 16.524
2455526.86603 16.481
2455526.87379 16.452
2455526.8768 16.481
2455526.87981 16.455
2455526.88283 16.496
2455526.88585 16.513
2455526.88887 16.58
2455526.89189 16.559
2455526.89492 16.667
2455526.89793 16.673
2455526.90096 16.738
2455526.90852 16.837
2455526.91154 16.931
2455526.91455 16.872
2455526.9176 16.957
2455526.92063 16.931
2455526.92364 16.813
2455526.92666 16.799
2455526.92968 16.754
2455526.93269 16.61
2455526.9357 16.53
2455526.94282 16.52
