2455508.55524 16.597
2455508.56128 16.53
2455508.5643 16.432
2455508.56733 16.444
2455508.57038 16.396
2455508.57342 16.392
2455508.57643 16.397
2455508.57946 16.399
2455508.58677 16.492
2455508.5898 16.529
2455508.59282 16.561
2455508.59585 16.589
2455508.59888 16.664
2455508.60189 16.734
2455508.60491 16.692
2455508.60793 16.732
2455508.61095 16.798
2455508.62219 16.695
2455508.62824 16.554
2455508.63125 16.487
2455508.63428 16.438
2455508.6373 16.351
2455508.64033 16.379
2455508.64335 16.417
2455508.64636 16.396
2455508.64938 16.407
2455508.65659 16.407
2455508.65961 16.531
2455508.66564 16.564
2455508.66868 16.533
2455508.67471 16.66
2455508.69102 16.682
2455508.69403 16.633
2455508.69705 16.581
2455508.70007 16.585
2455508.70309 16.549
2455508.70611 16.471
2455508.7182 16.428
2455508.74359 16.692
2455508.74955 16.7
2455508.75258 16.775
2455508.76889 16.732
2455508.77187 16.648
2455508.77489 16.511
2455508.77791 16.516
2455508.78692 16.433
2455508.80329 16.51
2455508.80631 16.49
2455508.80935 16.494
2455508.81238 16.555
2455508.83173 16.693
2455508.83477 16.691
2455508.83779 16.711
2455508.84382 16.582
2455508.84683 16.512
2455508.86324 16.362
2455508.86927 16.374
2455508.89044 16.609
2455508.89777 16.697
2455508.90684 16.748
2455508.91892 16.484
2455508.92195 16.483
2455508.92497 16.432
2455508.93228 16.325
2455508.93529 16.333
