2455506.55723 16.711
2455506.56025 16.734
2455506.56324 16.71
2455506.56625 16.786
2455506.56924 16.838
2455506.57227 16.815
2455506.57529 16.906
2455506.5783 16.947
2455506.58433 16.9
2455506.59185 16.693
2455506.59489 16.655
2455506.59791 16.559
2455506.60093 16.507
2455506.60394 16.571
2455506.60696 16.498
2455506.61604 16.477
2455506.61906 16.522
2455506.62652 16.626
2455506.62953 16.705
2455506.63255 16.653
2455506.63559 16.704
2455506.63861 16.735
2455506.64165 16.729
2455506.64467 16.762
2455506.6477 16.846
2455506.65074 16.843
2455506.65376 16.863
2455506.66122 16.83
2455506.66423 16.804
2455506.66725 16.664
2455506.67027 16.633
2455506.67328 16.563
2455506.67929 16.509
2455506.6823 16.465
2455506.68532 16.489
2455506.68834 16.466
2455506.69573 16.563
2455506.69874 16.594
2455506.70176 16.627
2455506.70478 16.643
2455506.7078 16.64
2455506.71082 16.681
2455506.71383 16.742
2455506.71685 16.822
2455506.71987 16.831
2455506.72291 16.88
2455506.73332 16.762
2455506.73635 16.733
2455506.73938 16.61
2455506.74241 16.566
2455506.74543 16.509
2455506.74847 16.479
2455506.75149 16.4
2455506.7545 16.411
2455506.75752 16.4
2455506.76492 16.457
2455506.76797 16.508
2455506.771 16.493
2455506.77402 16.528
2455506.77703 16.545
2455506.78005 16.611
2455506.78308 16.651
2455506.79973 16.756
2455506.80275 16.772
2455506.80577 16.725
2455506.80879 16.676
2455506.81182 16.643
2455506.81484 16.576
2455506.81786 16.505
2455506.82088 16.461
2455506.8239 16.468
2455506.82692 16.421
2455506.83436 16.415
2455506.83737 16.466
2455506.84039 16.494
2455506.8434 16.502
2455506.84642 16.548
2455506.84944 16.611
2455506.85246 16.617
2455506.85547 16.674
2455506.85849 16.72
2455506.86151 16.731
2455506.87017 16.814
2455506.87322 16.815
2455506.87625 16.812
2455506.87928 16.766
2455506.8823 16.642
2455506.88532 16.506
2455506.88837 16.483
2455506.89139 16.524
2455506.89443 16.441
2455506.89749 16.449
2455506.90497 16.415
2455506.91706 16.513
2455506.92008 16.595
2455506.92312 16.598
2455506.92614 16.688
2455506.92916 16.708
2455506.93221 16.702
2455506.93969 16.715
2455506.9427 16.75
2455506.96694 16.477
2455506.97443 16.46
2455506.97747 16.431
2455506.9805 16.465
2455506.98352 16.462
2455506.98654 16.492
2455506.98958 16.543
2455506.99261 16.541
2455506.99565 16.606
2455506.99867 16.651
2455507.00168 16.688
2455507.00969 16.795
2455507.01271 16.773
2455507.01573 16.87
2455507.01876 16.839
