2455530.59899 16.943
2455530.60202 16.989
2455530.60504 16.992
2455530.60806 17.014
2455530.61108 17.048
2455530.61412 17.058
2455530.6171 17.069
2455530.6273 17.043
2455530.63034 17.004
2455530.63335 16.95
2455530.63637 16.838
2455530.63939 16.811
2455530.64241 16.783
2455530.64539 16.777
2455530.65447 16.729
2455530.66167 16.824
2455530.67375 16.923
2455530.67678 17.018
2455530.6798 17.011
2455530.68584 17.136
2455530.68886 17.142
2455530.69954 17.058
2455530.70257 16.848
2455530.70559 16.868
2455530.70862 16.791
2455530.71166 16.713
2455530.71467 16.68
2455530.71769 16.669
2455530.72072 16.656
2455530.72376 16.669
2455530.73095 16.633
2455530.73398 16.658
2455530.737 16.745
2455530.74002 16.774
2455530.74305 16.842
2455530.7461 16.824
2455530.74913 16.901
2455530.75216 16.927
2455530.75519 16.922
2455530.75821 17.003
2455530.7654 17.026
2455530.76843 17.001
2455530.77146 16.996
2455530.77448 16.962
2455530.7775 16.899
2455530.78054 16.84
2455530.78358 16.768
2455530.7866 16.738
2455530.7896 16.74
2455530.79262 16.715
2455530.79977 16.7
2455530.8028 16.706
2455530.80581 16.711
2455530.80884 16.752
2455530.81185 16.848
2455530.81487 16.816
2455530.81789 16.892
2455530.82093 16.909
2455530.82395 16.958
2455530.8402 16.908
2455530.84322 16.886
2455530.84625 16.943
2455530.84928 16.906
2455530.85233 16.805
2455530.85536 16.757
2455530.85838 16.719
2455530.8614 16.621
2455530.86906 16.571
2455530.87208 16.586
2455530.8751 16.569
2455530.87813 16.654
2455530.88117 16.695
2455530.8842 16.662
2455530.88722 16.721
2455530.89328 16.827
2455530.89632 16.875
2455530.90346 16.948
2455530.90948 16.979
2455530.9125 16.973
2455530.91554 16.985
2455530.91858 16.879
2455530.92161 16.895
2455530.92766 16.765
