2455503.5692 16.47
2455503.57223 16.457
2455503.57526 16.483
2455503.57963 16.54
2455503.58263 16.617
2455503.58567 16.617
2455503.58869 16.692
2455503.59171 16.695
2455503.59473 16.711
2455503.59776 16.737
2455503.60077 16.779
2455503.60381 16.734
2455503.60683 16.762
2455503.61415 16.675
2455503.61717 16.593
2455503.62019 16.511
2455503.6232 16.481
2455503.62622 16.46
2455503.62924 16.436
2455503.63225 16.391
2455503.63529 16.413
2455503.63832 16.36
2455503.64134 16.388
2455503.64865 16.477
2455503.68924 16.547
2455503.69227 16.515
2455503.69529 16.444
2455503.70133 16.393
2455503.70434 16.385
2455503.70737 16.381
2455503.7177 16.414
2455503.72071 16.459
2455503.72373 16.533
2455503.72674 16.573
2455503.72978 16.615
2455503.7328 16.662
2455503.73584 16.72
2455503.73887 16.71
2455503.74189 16.76
2455503.74491 16.747
2455503.75828 16.658
2455503.7613 16.63
2455503.76433 16.562
2455503.76734 16.454
2455503.77945 16.389
2455503.78677 16.38
2455503.87097 16.524
2455503.87401 16.553
2455503.87703 16.571
2455503.89137 16.788
2455503.89435 16.784
2455503.89734 16.755
2455503.90036 16.716
