2456047.64787 17.1
2456047.65156 17.08
2456047.66263 17.078
2456047.66633 17.08
2456047.67003 17.11
2456047.67371 17.112
2456047.67741 17.114
2456047.68111 17.08
2456047.69089 17.01
2456047.69457 17.032
2456047.69825 17.017
2456047.70193 17.034
2456047.70561 17.04
2456047.7093 17.082
2456047.71298 17.062
2456047.71665 17.056
2456047.72032 17.104
2456047.72401 17.076
2456047.73319 17.038
2456047.73686 17.02
2456047.74054 17.044
2456047.74423 17.064
2456047.74791 17.073
2456047.75159 17.076
2456047.75527 17.083
2456047.76631 17.113
2456047.77567 17.092
2456047.77934 17.094
2456047.78303 17.083
2456047.78671 17.077
2456047.79039 17.067
2456047.79407 17.031
2456047.79774 17.021
2456047.80143 16.996
2456047.80511 17.006
2456047.8088 17.031
2456047.81788 17.083
2456047.82157 17.104
2456047.82523 17.072
2456047.82891 17.045
2456047.83259 17.007
2456047.84362 17.04
2456047.85097 17.062
2456047.86715 17.087
2456047.87083 17.08
2456047.87452 17.075
2456047.87819 17.071
2456047.88188 17.045
2456047.88556 17.034
2456047.88924 17.039
2456047.89292 17.058
2456047.90236 16.998
