2456057.63538 17.22
2456057.63837 17.156
2456057.64134 17.165
2456057.64433 17.157
2456057.64732 17.2
2456057.6503 17.198
2456057.65328 17.157
2456057.65926 17.176
2456057.66224 17.179
2456057.6706 17.19
2456057.67358 17.18
2456057.67657 17.204
2456057.67956 17.25
2456057.68254 17.233
2456057.68552 17.209
2456057.6885 17.188
2456057.69148 17.181
2456057.69447 17.183
2456057.70435 17.154
2456057.70732 17.159
2456057.7103 17.195
2456057.71329 17.237
2456057.71627 17.202
2456057.71924 17.23
2456057.72222 17.242
2456057.72523 17.215
2456057.7282 17.255
2456057.73119 17.236
2456057.7422 17.16
2456057.74518 17.201
2456057.77629 17.201
2456057.77928 17.173
2456057.78226 17.2
2456057.78524 17.163
2456057.78821 17.202
2456057.79118 17.205
2456057.79716 17.165
2456057.80013 17.19
2456057.81029 17.175
2456057.81327 17.228
2456057.81625 17.203
2456057.81923 17.22
2456057.82222 17.215
2456057.82522 17.232
2456057.82819 17.201
2456057.83117 17.207
2456057.83416 17.22
2456057.84113 17.197
2456057.84411 17.173
2456057.84709 17.143
2456057.85007 17.163
2456057.85304 17.151
2456057.85603 17.158
2456057.85901 17.118
2456057.862 17.175
