2456222.55627 16.906
2456222.55991 16.858
2456222.56355 16.904
2456222.56718 16.928
2456222.57081 16.915
2456222.57444 16.89
2456222.57808 16.863
2456222.58173 16.9
2456222.58537 16.885
2456222.589 16.851
2456222.60631 17.114
2456222.60994 17.145
2456222.61359 16.986
2456222.61722 16.897
2456222.62085 16.875
2456222.62448 16.844
2456222.62811 16.843
2456222.63174 16.871
2456222.63537 16.911
2456222.639 16.868
2456222.64769 16.903
2456222.65132 16.913
2456222.65495 16.931
2456222.65858 16.934
2456222.66221 16.944
2456222.66585 16.917
2456222.66947 16.914
2456222.6731 16.947
2456222.67673 16.915
2456222.68037 16.945
2456222.68893 16.921
2456222.69256 16.906
2456222.69618 16.903
2456222.69982 16.898
2456222.70346 16.868
2456222.7071 16.824
2456222.71073 16.846
2456222.71436 16.867
2456222.718 16.987
2456222.72163 16.891
2456222.72986 16.835
2456222.73349 16.816
2456222.73712 16.848
2456222.74076 16.872
2456222.74439 16.881
2456222.74802 16.886
2456222.75166 16.842
2456222.75532 16.825
2456222.75895 16.879
2456222.76258 16.869
2456222.77113 16.915
2456222.77476 16.955
2456222.77839 16.941
2456222.78202 16.919
2456222.78565 16.895
2456222.78928 16.862
2456222.79291 16.922
2456222.79654 16.891
2456222.80018 16.854
2456222.82665 16.867
2456222.83027 16.866
2456222.8339 16.85
2456222.83753 16.832
2456222.84115 16.797
2456222.84478 16.836
2456222.85339 17.004
2456222.85702 17.001
2456222.86065 16.927
2456222.86428 16.906
2456222.86791 16.914
2456222.87154 16.908
2456222.87517 16.918
2456222.8788 16.944
2456222.88243 16.925
2456222.88606 16.943
2456222.89446 16.896
2456222.89808 16.905
2456222.90172 16.914
