2456243.55651 17.218
2456243.56013 17.212
2456243.56374 17.191
2456243.56736 17.173
2456243.57098 17.136
2456243.5746 17.205
2456243.57826 17.187
2456243.58189 17.196
2456243.58553 17.194
2456243.58916 17.177
2456243.59843 17.26
2456243.60206 17.231
2456243.60569 17.231
2456243.60931 17.204
2456243.61294 17.229
2456243.61655 17.151
2456243.62019 17.15
2456243.62382 17.159
2456243.62744 17.15
2456243.63106 17.129
2456243.63986 17.218
2456243.64348 17.219
2456243.64712 17.242
2456243.65075 17.239
2456243.65799 17.261
2456243.66162 17.226
2456243.66523 17.256
2456243.66885 17.243
2456243.67247 17.252
2456243.68163 17.253
2456243.68525 17.272
2456243.68887 17.291
2456243.69249 17.329
2456243.69611 17.312
2456243.69976 17.252
2456243.70338 17.255
2456243.707 17.213
2456243.71061 17.233
2456243.71423 17.276
2456243.72326 17.128
2456243.72691 17.138
2456243.73054 17.156
2456243.73417 17.141
2456243.7378 17.15
2456243.74145 17.183
2456243.74508 17.219
2456243.74869 17.224
2456243.75232 17.203
2456243.75593 17.2
2456243.76404 17.192
2456243.76767 17.258
2456243.77131 17.22
2456243.77493 17.232
2456243.77855 17.203
2456243.78217 17.196
2456243.78579 17.199
2456243.78942 17.18
2456243.79304 17.178
2456243.79666 17.177
2456243.80544 17.155
2456243.80906 17.202
2456243.81268 17.245
2456243.81631 17.247
2456243.81993 17.253
2456243.82355 17.212
2456243.82717 17.179
2456243.8308 17.231
