2456223.60342 17.007
2456223.60705 17.041
2456223.61068 17.043
2456223.61431 17.068
2456223.61794 17.023
2456223.62157 16.99
2456223.6252 17.011
2456223.62882 17.041
2456223.63245 16.994
2456223.63608 17.031
2456223.64525 17.022
2456223.6525 16.973
2456223.65613 16.973
2456223.65976 16.922
2456223.6634 16.956
2456223.66704 16.958
2456223.67066 16.983
2456223.67429 17.055
2456223.67792 17.056
2456223.68723 16.969
2456223.69086 16.934
2456223.69449 16.952
2456223.69813 16.993
2456223.70176 16.924
2456223.70539 16.967
2456223.70901 16.879
2456223.71265 16.907
2456223.71628 16.939
2456223.71992 16.976
2456223.72848 17.053
2456223.73211 17.082
2456223.73574 17.056
2456223.73937 17.069
2456223.743 17.033
2456223.74663 16.973
2456223.75028 16.92
2456223.75391 16.99
2456223.75755 17.021
2456223.76119 17.096
2456223.77 17.006
2456223.77363 16.976
2456223.77726 16.95
2456223.78089 16.958
2456223.78451 16.955
2456223.78815 16.948
2456223.79178 16.896
2456223.79542 16.927
2456223.79905 16.894
2456223.80268 16.938
2456223.81114 16.921
2456223.81477 16.936
2456223.81839 16.984
2456223.82202 17.035
2456223.82565 17.017
2456223.82928 16.942
2456223.83291 16.973
2456223.83655 16.973
2456223.84018 16.957
2456223.84381 16.96
2456223.85255 17.02
2456223.85618 17.056
2456223.85981 17.055
2456223.86344 17.059
2456223.86708 17.042
2456223.8707 16.993
2456223.87433 16.932
2456223.87797 16.899
2456223.88158 16.888
2456223.88521 16.909
2456223.89349 17.022
2456223.89712 17.004
