2456208.5756 16.715
2456208.58382 16.706
2456208.58746 16.727
2456208.5911 16.758
2456208.59474 16.737
2456208.59838 16.727
2456208.60202 16.721
2456208.60565 16.727
2456208.60929 16.707
2456208.61292 16.739
2456208.61656 16.716
2456208.62463 16.703
2456208.64165 16.688
2456208.6453 16.678
2456208.64895 16.752
2456208.65259 16.747
2456208.65623 16.749
2456208.65986 16.726
2456208.66714 16.656
2456208.68553 16.675
2456208.68916 16.716
2456208.6928 16.743
2456208.69644 16.759
2456208.70007 16.751
2456208.7037 16.735
2456208.70734 16.734
2456208.71096 16.717
2456208.7146 16.699
2456208.72634 16.747
2456208.72997 16.76
2456208.73361 16.762
2456208.73724 16.767
2456208.74088 16.761
2456208.74452 16.707
2456208.74816 16.665
2456208.75179 16.708
2456208.75542 16.735
2456208.75905 16.761
2456208.77426 16.661
2456208.77789 16.669
2456208.78153 16.681
2456208.78517 16.678
2456208.79606 16.701
2456208.80974 16.737
2456208.82427 16.74
2456208.8352 16.75
2456208.83883 16.724
2456208.85465 16.718
2456208.86192 16.769
2456208.86556 16.761
2456208.86919 16.709
2456208.87283 16.7
2456208.88377 16.685
2456208.89258 16.648
2456208.89623 16.674
2456208.89986 16.669
2456208.90349 16.707
2456208.90711 16.725
2456208.91074 16.731
2456208.91438 16.758
2456208.91801 16.747
2456208.92165 16.741
2456208.92529 16.712
2456208.93453 16.754
2456208.93816 16.738
2456208.94181 16.704
