2456211.71325 16.837
2456211.7278 16.851
2456211.73143 16.836
2456211.73507 16.819
2456211.73871 16.852
2456211.74235 16.857
2456211.74598 16.819
2456211.75548 16.754
2456211.75911 16.77
2456211.76636 16.758
2456211.76998 16.748
2456211.77726 16.755
2456211.7809 16.8
2456211.78453 16.868
2456211.78816 16.848
2456211.79665 16.841
2456211.8003 16.859
2456211.80393 16.88
2456211.80755 16.86
2456211.81119 16.818
2456211.81484 16.825
2456211.81847 16.843
2456211.82575 16.897
2456211.82939 16.896
2456211.83804 16.853
2456211.84168 16.853
2456211.84532 16.863
2456211.84894 16.89
2456211.85258 16.874
2456211.85621 16.808
2456211.85985 16.826
2456211.86349 16.85
2456211.86712 16.804
2456211.87076 16.787
2456211.87954 16.859
2456211.88317 16.875
2456211.88681 16.887
2456211.89045 16.902
2456211.89408 16.983
2456211.89772 16.916
2456211.90136 16.971
2456211.905 16.923
2456211.90863 16.945
2456211.91228 16.937
2456211.92111 16.902
2456211.92837 16.944
2456211.93202 16.942
2456211.93565 16.984
2456211.93929 16.999
2456211.94293 16.935
