2455615.689500 +26.680
2455615.691140 +26.705
2455615.694400 +26.679
2455615.696030 +26.698
2455615.697660 +26.726
2455615.700920 +26.721
2455615.702550 +26.727
2455615.705810 +26.748
2455615.709070 +26.816
2455615.712340 +26.895
2455615.713960 +26.888
2455615.717230 +26.924
2455615.718860 +26.939
2455615.720490 +26.902
2455615.722120 +26.901
2455615.723750 +26.861
2455615.725380 +26.878
2455615.728640 +26.854
2455615.730270 +26.837
2455615.733530 +26.817
2455615.735170 +26.803
2455615.738430 +26.790
2455615.740060 +26.760
2455615.744960 +26.746
2455615.746590 +26.685
2455615.748220 +26.689
2455615.749850 +26.675
2455615.751480 +26.673
2455615.753110 +26.710
2455615.756380 +26.695
2455615.758010 +26.702
2455615.759640 +26.690
2455615.761270 +26.714
2455615.762900 +26.703
2455615.764530 +26.737
2455615.766160 +26.713
2455615.767790 +26.731
2455615.773050 +26.764
2455615.774680 +26.810
2455615.776310 +26.776
2455615.777940 +26.818
2455615.779570 +26.826
2455615.781200 +26.867
2455615.782830 +26.895
2455615.786100 +26.933
2455615.789360 +26.940
2455615.792620 +26.903
2455615.794380 +26.875
2455615.796010 +26.829
2455615.797640 +26.835
2455615.799280 +26.793
2455615.800910 +26.838
2455615.802540 +26.828
2455615.805800 +26.764
2455615.807430 +26.760
2455615.809060 +26.719
2455615.810690 +26.756
2455615.812320 +26.712
2455615.813960 +26.752
2455615.817220 +26.711
2455615.818850 +26.719
2455615.820480 +26.713
2455615.823740 +26.678
2455615.825370 +26.682
2455615.827000 +26.677
2455615.828630 +26.673
2455615.830260 +26.701
2455615.833530 +26.719
2455615.835170 +26.713
2455615.836800 +26.711
2455615.838430 +26.752
2455615.840060 +26.730
2455615.841690 +26.792
2455615.843320 +26.784
2455615.844950 +26.812
2455615.846580 +26.867
2455615.848210 +26.842
2455615.849850 +26.863
2455615.855440 +26.929
2455615.857070 +26.886
2455615.858700 +26.892
2455615.860330 +26.884
2455615.861960 +26.860
2455615.863590 +26.875
2455615.865220 +26.832
2455615.866850 +26.838
2455615.868480 +26.790
2455615.870110 +26.796
2455615.871740 +26.772
2455615.873370 +26.760
2455615.875000 +26.781
2455615.876640 +26.747
2455615.878270 +26.770
2455615.879930 +26.736
2455615.884840 +26.697
2455615.886470 +26.700
2455615.888100 +26.677
2455615.889730 +26.669
2455615.894630 +26.717
2455615.896260 +26.690
2455615.897900 +26.688
2455615.899530 +26.685
2455615.901160 +26.705
2455615.902790 +26.753
2455615.906050 +26.720
2455615.909320 +26.749
2455615.910950 +26.785
2455615.912580 +26.782
2455615.914210 +26.852
2455615.915850 +26.844
2455615.917480 +26.849
2455615.922380 +26.919
2455615.924010 +26.879
2455615.925640 +26.840
2455615.927270 +26.871
2455615.928910 +26.836
2455615.933810 +26.816
2455615.939030 +26.782
2455615.943930 +26.785
2455615.945560 +26.742
2455615.947190 +26.733
2455615.948820 +26.693
2455615.950460 +26.719
2455615.952090 +26.710
2455615.956980 +26.678
2455615.958610 +26.661
2455615.960250 +26.672
2455615.961880 +26.667
2455615.965140 +26.679
2455615.966770 +26.732
2455615.968410 +26.722
2455615.970040 +26.730
2455615.971670 +26.780
2455615.973300 +26.788
2455615.974930 +26.771
