2455620.670570 +27.038
2455620.672200 +27.049
2455620.675460 +27.019
2455620.677090 +27.054
2455620.678720 +27.016
2455620.680350 +26.995
2455620.681980 +26.974
2455620.683610 +27.001
2455620.686880 +26.946
2455620.688510 +26.937
2455620.691780 +26.952
2455620.693410 +26.922
2455620.695040 +26.898
2455620.696670 +26.891
2455620.698290 +26.891
2455620.699920 +26.899
2455620.703180 +26.850
2455620.704810 +26.851
2455620.708070 +26.846
2455620.709700 +26.840
2455620.711330 +26.842
2455620.714590 +26.811
2455620.716230 +26.863
2455620.719490 +26.861
2455620.721120 +26.848
2455620.722760 +26.899
2455620.724390 +26.902
2455620.726020 +26.902
2455620.727650 +26.942
2455620.730910 +26.967
2455620.732540 +26.988
2455620.734160 +27.029
2455620.735850 +27.055
2455620.737480 +27.064
2455620.742370 +27.051
2455620.744000 +27.072
2455620.747270 +27.000
2455620.748900 +26.991
2455620.750530 +26.980
2455620.754410 +26.943
2455620.757680 +26.927
2455620.759310 +26.909
2455620.760950 +26.915
2455620.764210 +26.887
2455620.765840 +26.893
2455620.767470 +26.859
2455620.769100 +26.854
2455620.770730 +26.848
2455620.772370 +26.867
2455620.775620 +26.844
2455620.777260 +26.858
2455620.778890 +26.844
2455620.780530 +26.837
2455620.783820 +26.860
2455620.787080 +26.853
2455620.791980 +26.924
2455620.793610 +26.932
2455620.795240 +26.911
2455620.796870 +26.935
2455620.798500 +26.951
2455620.800130 +26.978
2455620.803400 +27.041
2455620.808290 +27.059
2455620.809920 +27.040
2455620.811560 +27.020
2455620.813190 +27.011
2455620.814820 +27.036
2455620.816460 +27.019
2455620.819720 +27.005
2455620.821360 +26.993
2455620.824620 +26.958
2455620.826250 +26.935
2455620.827880 +26.932
2455620.829520 +26.900
2455620.831150 +26.896
2455620.832780 +26.913
2455620.834420 +26.876
2455620.841500 +26.860
2455620.843130 +26.845
2455620.844760 +26.863
2455620.846390 +26.849
2455620.848030 +26.854
2455620.849660 +26.850
2455620.851290 +26.831
2455620.852920 +26.862
2455620.854550 +26.865
2455620.857810 +26.873
2455620.859440 +26.883
2455620.861070 +26.925
2455620.862700 +26.898
2455620.864340 +26.940
2455620.865970 +26.961
2455620.867600 +26.982
2455620.870870 +27.046
2455620.872500 +27.062
2455620.874140 +27.090
2455620.875770 +27.090
2455620.877410 +27.100
2455620.880690 +27.065
2455620.882320 +27.051
2455620.883950 +27.026
2455620.885580 +27.005
2455620.887210 +26.961
2455620.890470 +26.955
2455620.892100 +26.949
2455620.893740 +26.952
2455620.895370 +26.931
2455620.897000 +26.950
2455620.898630 +26.927
2455620.900260 +26.928
2455620.901900 +26.883
2455620.903530 +26.881
2455620.908420 +26.855
2455620.910050 +26.862
2455620.911690 +26.849
2455620.913320 +26.855
2455620.914950 +26.866
2455620.916580 +26.867
2455620.923480 +26.861
2455620.926740 +26.908
2455620.928380 +26.896
2455620.930010 +26.931
2455620.931650 +26.964
2455620.933280 +26.962
2455620.934910 +26.974
2455620.936540 +26.989
2455620.941440 +27.070
2455620.943070 +27.060
2455620.944700 +27.063
2455620.946330 +27.055
2455620.947970 +27.049
2455620.949600 +27.041
2455620.951230 +27.009
2455620.952870 +27.012
