2455443.65126 16.154
2455443.65425 16.186
2455443.65724 16.188
2455443.66023 16.197
2455443.66323 16.185
2455443.66622 16.253
2455443.66923 16.215
2455443.67221 16.19
2455443.67523 16.192
2455443.67824 16.158
2455443.68526 16.194
2455443.68824 16.222
2455443.69124 16.203
2455443.69423 16.231
2455443.69721 16.181
2455443.70021 16.168
2455443.7032 16.17
2455443.70619 16.131
2455443.70918 16.134
2455443.71915 16.143
2455443.72214 16.173
2455443.72514 16.204
2455443.72813 16.22
2455443.73113 16.213
2455443.73415 16.193
2455443.73715 16.189
2455443.74014 16.178
2455443.74313 16.179
2455443.76207 16.174
2455443.76506 16.149
2455443.76805 16.181
2455443.77105 16.172
2455443.77404 16.179
2455443.77704 16.202
2455443.78004 16.231
2455443.78707 16.199
2455443.79006 16.193
2455443.79305 16.17
2455443.79605 16.173
2455443.79904 16.19
2455443.80204 16.195
2455443.80803 16.22
2455443.81102 16.208
2455443.81403 16.215
2455443.82103 16.154
2455443.82403 16.168
2455443.82701 16.148
2455443.83 16.155
2455443.83299 16.14
2455443.83599 16.147
2455443.83899 16.196
2455443.84198 16.205
2455443.84497 16.223
2455443.84796 16.195
2455443.85499 16.204
2455443.85799 16.196
2455443.86397 16.195
2455443.86995 16.196
2455443.87893 16.169
2455443.88192 16.14
2455443.88898 16.141
2455443.89197 16.164
2455443.89499 16.173
2455443.89798 16.216
2455443.90097 16.211
2455443.90396 16.189
2455443.90696 16.172
2455443.90995 16.166
2455443.91295 16.156
2455443.92296 16.192
2455443.92595 16.183
2455443.92894 16.221
2455443.93193 16.185
2455443.93493 16.164
2455443.93792 16.15
2455443.94094 16.161
2455443.94395 16.115
2455443.94694 16.141
2455443.94993 16.136
2455443.95738 16.23
2455443.96038 16.209
2455443.96339 16.207
2455443.96639 16.223
2455443.9694 16.218
2455443.9724 16.17
2455443.9754 16.179
2455443.9784 16.183
