2455440.70781 16.263
2455440.71084 16.231
2455440.71685 16.216
2455440.73622 16.209
2455440.74219 16.222
2455440.74518 16.221
2455440.74817 16.249
2455440.75414 16.261
2455440.77313 16.225
2455440.77612 16.241
2455440.7791 16.239
2455440.78808 16.212
2455440.79107 16.19
2455440.79406 16.171
2455440.80108 16.164
2455440.80407 16.2
2455440.80708 16.19
2455440.81006 16.221
2455440.81305 16.241
2455440.81604 16.244
2455440.81903 16.238
2455440.82202 16.248
2455440.825 16.226
2455440.82803 16.219
2455440.835 16.21
2455440.84101 16.247
2455440.844 16.231
2455440.86204 16.233
2455440.86905 16.23
2455440.87203 16.248
2455440.88401 16.23
2455440.88701 16.222
2455440.89 16.226
2455440.89299 16.223
2455440.89598 16.225
2455440.90299 16.221
2455440.90597 16.199
2455440.90896 16.203
2455440.91195 16.166
2455440.91494 16.182
2455440.92391 16.229
2455440.92689 16.255
2455440.92989 16.264
2455440.93694 16.23
2455440.93993 16.217
2455440.94292 16.213
2455440.94591 16.208
2455440.94891 16.218
2455440.95488 16.217
2455440.95787 16.253
2455440.96086 16.223
2455440.96385 16.219
2455440.97088 16.213
