2456562.7937 16.615
2456562.79665 16.562
2456562.80257 16.555
2456562.80552 16.588
2456562.80848 16.608
2456562.81439 16.627
2456562.81735 16.601
2456562.8203 16.605
2456562.82831 16.596
2456562.83127 16.633
2456562.83422 16.636
2456562.85194 16.63
2456562.85489 16.542
2456562.86112 16.503
2456562.86407 16.499
2456562.86703 16.51
2456562.86999 16.516
2456562.87295 16.594
2456562.87591 16.631
2456562.87887 16.619
2456562.88183 16.576
2456562.88478 16.614
2456562.88773 16.562
2456562.90156 16.613
2456562.90451 16.621
2456562.91042 16.555
2456562.91338 16.587
2456562.91634 16.539
2456562.9193 16.535
2456562.92226 16.577
2456562.92848 16.6
2456562.93144 16.606
2456562.93439 16.621
2456562.94032 16.59
2456562.94624 16.616
2456562.94919 16.572
2456562.95214 16.581
2456562.9551 16.57
2456562.96169 16.607
2456562.96465 16.606
2456562.9676 16.569
2456562.97056 16.586
2456562.97351 16.566
2456562.98238 16.529
2456562.98534 16.534
2456562.98829 16.573
2456562.99469 16.617
2456562.99765 16.6
2456563.00357 16.588
2456563.00948 16.582
2456563.0154 16.619
2456563.01835 16.669
2456563.0213 16.638
2456563.02777 16.604
2456563.03073 16.613
