2456563.79208 16.559
2456563.79504 16.56
2456563.80686 16.669
2456563.80982 16.672
2456563.81278 16.651
2456563.82494 16.621
2456563.8279 16.631
2456563.83085 16.642
2456563.83381 16.653
2456563.83676 16.643
2456563.83972 16.653
2456563.84267 16.601
2456563.84562 16.555
2456563.84858 16.56
2456563.86084 16.608
2456563.86379 16.604
2456563.87266 16.638
2456563.87562 16.638
2456563.88153 16.638
2456563.89181 16.594
2456563.89477 16.588
2456563.89772 16.598
2456563.90068 16.611
2456563.9066 16.546
2456563.90955 16.558
2456563.91251 16.514
2456563.91547 16.537
2456563.91842 16.566
2456563.92491 16.631
2456563.92787 16.644
2456563.93082 16.602
2456563.93378 16.598
2456563.93674 16.569
2456563.93969 16.558
2456563.94265 16.583
2456563.94561 16.586
2456563.94857 16.602
2456563.95152 16.605
2456563.95788 16.585
2456563.96083 16.578
2456563.96379 16.567
2456563.96674 16.57
2456563.9697 16.56
2456563.97266 16.566
2456563.97561 16.594
2456563.97857 16.593
2456563.98153 16.62
2456563.98448 16.607
2456563.99082 16.584
2456563.99377 16.557
2456563.99673 16.581
2456563.99969 16.577
2456564.00264 16.595
2456564.0056 16.633
2456564.00856 16.597
2456564.01151 16.6
2456564.01447 16.573
2456564.01742 16.583
2456564.024 16.511
2456564.02992 16.522
