2456283.5417 16.36
2456283.54473 16.357
2456283.54774 16.365
2456283.55074 16.371
2456283.55378 16.335
2456283.55984 16.361
2456283.58019 16.362
2456283.5832 16.364
2456283.58922 16.366
2456283.59223 16.387
2456283.59827 16.397
2456283.6833 16.346
2456283.68633 16.362
2456283.68935 16.381
2456283.6954 16.338
2456283.70143 16.3
2456283.71872 16.352
2456283.72476 16.4
2456283.72778 16.412
2456283.73081 16.397
2456283.73383 16.373
2456283.74289 16.349
2456283.7459 16.362
2456283.75462 16.282
2456283.76067 16.275
2456283.76369 16.265
2456283.7667 16.276
2456283.76972 16.306
2456283.77274 16.339
2456283.77576 16.33
2456283.77878 16.327
2456283.79006 16.319
2456283.7931 16.313
2456283.79612 16.315
2456283.79914 16.311
2456283.80819 16.295
2456283.81121 16.338
2456283.81422 16.293
2456283.81724 16.318
2456283.82892 16.37
2456283.83194 16.367
2456283.835 16.377
2456283.84407 16.362
2456283.85013 16.352
2456283.90873 16.485
2456283.91175 16.45
2456283.91477 16.495
2456283.92384 16.447
