2456282.54465 16.239
2456282.54769 16.208
2456282.55074 16.215
2456282.55379 16.187
2456282.55986 16.204
2456282.5629 16.243
2456282.56595 16.244
2456282.569 16.277
2456282.57204 16.259
2456282.58061 16.212
2456282.58365 16.248
2456282.58666 16.172
2456282.58969 16.208
2456282.59273 16.221
2456282.59578 16.213
2456282.60186 16.182
2456282.6049 16.154
2456282.60793 16.134
2456282.61622 16.215
2456282.61927 16.19
2456282.62233 16.192
2456282.62536 16.212
2456282.6284 16.207
2456282.63146 16.209
2456282.63449 16.181
2456282.63754 16.188
2456282.64057 16.181
2456282.64361 16.172
2456282.6523 16.165
2456282.65532 16.158
2456282.65836 16.14
2456282.66142 16.189
2456282.66445 16.191
2456282.66749 16.203
2456282.67354 16.215
2456282.67658 16.206
2456282.67964 16.223
2456282.69696 16.23
2456282.70001 16.183
2456282.70307 16.149
2456282.7061 16.183
2456282.7122 16.169
2456282.71521 16.21
2456282.75976 16.222
2456282.76277 16.254
2456282.76582 16.228
2456282.76887 16.257
2456282.77193 16.262
2456282.77497 16.245
2456282.77801 16.244
2456282.78106 16.246
2456282.78411 16.329
2456282.79979 16.398
2456282.80284 16.419
2456282.81199 16.371
2456282.81501 16.346
2456282.81802 16.325
2456282.82105 16.271
2456282.82406 16.252
2456282.8358 16.166
2456282.83885 16.172
2456282.848 16.188
2456282.85107 16.211
2456282.86025 16.224
2456282.87781 16.209
2456282.88088 16.205
2456282.88394 16.226
2456282.88701 16.209
2456282.89007 16.197
2456282.90623 16.176
2456282.93068 16.182
2456282.93373 16.186
2456282.94247 16.152
2456282.94859 16.159
