2456284.59144 16.417
2456284.60976 16.33
2456284.61587 16.308
2456284.62504 16.375
2456284.62809 16.36
2456284.63113 16.338
2456284.63415 16.365
2456284.63719 16.375
2456284.64331 16.448
2456284.64637 16.425
2456284.64939 16.408
2456284.66476 16.332
2456284.66781 16.332
2456284.67393 16.349
2456284.68005 16.295
2456284.68309 16.317
2456284.72065 16.453
2456284.73577 16.387
2456284.73879 16.396
2456284.74184 16.423
2456284.7449 16.392
2456284.74795 16.431
2456284.75101 16.491
2456284.7602 16.501
2456284.76325 16.487
2456284.77265 16.422
2456284.77574 16.357
2456284.77879 16.399
2456284.78183 16.378
2456284.78488 16.375
2456284.78792 16.37
2456284.79097 16.359
2456284.84372 16.341
2456284.85901 16.351
2456284.86207 16.352
2456284.86511 16.363
2456284.86813 16.375
2456284.87115 16.412
2456284.88049 16.343
2456284.88653 16.319
2456284.88955 16.308
2456284.89262 16.346
2456284.89563 16.324
2456284.89866 16.362
2456284.90169 16.314
2456284.90473 16.359
2456284.9078 16.353
2456284.91617 16.284
2456284.91923 16.371
2456284.92229 16.378
2456284.92533 16.379
2456284.92839 16.37
2456284.93146 16.389
2456284.93452 16.394
