2456295.56975 16.628
2456295.57308 16.639
2456295.58044 16.684
2456295.58412 16.71
2456295.5878 16.649
2456295.5915 16.655
2456295.59517 16.552
2456295.59885 16.597
2456295.61135 16.608
2456295.61503 16.589
2456295.62243 16.586
2456295.62648 16.568
2456295.63016 16.575
2456295.63385 16.666
2456295.64455 16.717
2456295.65335 16.706
2456295.65666 16.705
2456295.6607 16.695
2456295.66404 16.684
2456295.66772 16.677
2456295.67139 16.699
2456295.67507 16.706
2456295.67875 16.674
2456295.68243 16.751
2456295.68611 16.748
2456295.69516 16.711
2456295.69921 16.737
2456295.70288 16.778
2456295.70621 16.746
2456295.70989 16.662
2456295.71356 16.623
2456295.71724 16.607
2456295.72091 16.605
2456295.72459 16.583
2456295.72825 16.635
2456295.73699 16.582
2456295.74067 16.639
2456295.74435 16.599
2456295.7484 16.611
2456295.75544 16.641
2456295.76279 16.601
2456295.76645 16.672
2456295.77013 16.64
2456295.77889 16.606
2456295.78257 16.604
2456295.78586 16.551
2456295.80057 16.612
2456295.80793 16.634
2456295.82478 16.562
2456295.83214 16.567
2456295.83581 16.563
2456295.83949 16.553
2456295.84316 16.551
2456295.84684 16.588
2456295.85089 16.594
2456295.85457 16.611
2456295.86287 16.623
2456295.86655 16.594
2456295.87022 16.596
