2454642.85201 1.129
2454642.85563 1.077
2454642.85926 1.133
2454642.86288 1.128
2454642.8665 1.12
2454642.87012 1.162
2454642.87374 1.151
2454642.87734 1.13
2454642.88095 1.153
2454642.88455 1.161
2454642.88816 1.204
2454642.89176 1.171
2454642.89536 1.185
2454642.89897 1.174
2454642.90257 1.154
2454642.90618 1.156
2454642.90979 1.088
2454642.91339 1.004
2454642.91699 0.99
2454642.92059 0.989
2454642.9242 1.002
2454642.9278 1.048
2454642.9314 1.082
2454642.93499 1.165
2454642.93858 1.249
2454642.94217 1.236
2454642.94576 1.239
2454642.94935 1.247
2454642.95294 1.169
2454642.95654 1.128
2454642.96013 1.094
2454642.96372 1.121
2454642.96732 1.095
2454642.97091 1.125
2454642.97451 1.102
2454643.01929 1.166
2454643.02291 1.09
2454643.02653 1.03
2454643.03015 1.02
2454643.03376 0.977
2454643.03738 0.992
2454643.04099 0.978
2454643.0446 1.062
2454643.04822 1.084
2454643.05184 1.213
2454643.05545 1.259
2454643.05906 1.303
2454643.06267 1.246
2454643.06628 1.178
2454643.0699 1.152
2454643.07351 1.117
2454643.07712 1.121
2454643.08073 1.094
2454643.08434 1.108
2454643.0966 1.112
2454643.10021 1.131
2454643.10381 1.134
2454643.10742 1.093
2454643.11103 1.087
2454643.11465 1.097
2454643.11825 1.075
2454643.12186 1.123
2454643.12547 1.231
