2454617.93218 1.677
2454617.93297 1.742
2454617.9427 1.713
2454617.94351 1.767
2454617.95511 1.814
2454617.95591 1.7
2454617.96749 1.759
2454617.96829 1.657
2454617.97828 1.616
2454617.97908 1.653
2454617.98913 1.616
2454618.01224 1.68
2454618.01304 1.726
2454618.02031 1.71
2454618.02111 1.728
2454618.02834 1.72
2454618.02914 1.685
2454618.03636 1.668
2454618.03716 1.708
2454618.08433 1.67
2454618.08513 1.716
2454618.09245 1.692
2454618.09324 1.649
2454618.10055 1.562
2454618.10136 1.581
2454618.10868 1.636
2454618.10948 1.588
2454618.11681 1.57
2454618.11761 1.634
2454618.12496 1.65
2454618.12576 1.641
2454618.13309 1.787
2454618.13389 1.852
2454618.14124 1.725
2454618.14204 1.667
2454618.14935 1.712
2454618.15015 1.732
2454618.15749 1.642
2454618.15829 1.674
2454618.16561 1.741
2454618.16642 1.71
2454618.17377 1.741
