2455380.99904 2.051
2455381.00098 2.054
2455381.00295 2.049
2455381.01782 1.935
2455381.01985 1.937
2455381.02183 1.923
2455381.03646 2.018
2455381.03835 2.011
2455381.04039 2.059
2455381.05529 2.095
2455381.05722 2.035
2455381.05916 2.064
2455381.07421 1.949
2455381.07615 1.918
2455381.07808 1.928
2455381.09291 1.872
2455381.09478 1.879
2455381.09666 1.876
2455381.11116 1.954
2455381.11303 1.969
2455381.11491 1.978
2455381.12933 2.084
2455381.1312 2.049
2455381.13308 2.088
2455381.14776 2.035
2455381.14969 2.031
2455381.15157 1.981
2455381.16619 2.04
2455381.16807 1.965
2455381.16994 1.967
2455381.18473 1.904
2455381.18661 1.874
2455381.18848 1.909
2455381.19076 1.907
2455381.19264 1.935
2455381.19451 1.928
2455381.19692 1.964
2455381.1988 1.944
2455381.20067 1.96
2455381.20303 2.002
2455381.28186 1.99
2455381.28374 2.046
2455381.28616 2.059
2455381.28803 2.083
2455381.28991 1.997
2455381.29219 2.033
2455381.29406 2.047
2455381.29594 2.067
2455381.29846 2.095
2455381.30034 2.1
2455381.30222 2.1
2455381.30455 2.054
2455381.30642 2.041
2455381.3083 2.038
2455381.31059 2.062
2455381.31247 2.043
2455381.31434 2.038
2455381.31706 2.031
2455381.31894 2.016
2455381.32081 2.038
2455381.32323 2.008
2455381.32512 2.028
2455381.3271 2.019
2455381.32963 2.027
2455381.33151 2.07
2455381.33368 2.092
2455381.33609 2.152
2455381.33804 2.135
2455381.33992 2.129
