2455381.99366 1.787
2455381.99561 1.805
2455381.99766 1.766
2455382.0127 1.734
2455382.01465 1.725
2455382.01664 1.733
2455382.03174 1.69
2455382.03365 1.701
2455382.03552 1.718
2455382.05035 1.818
2455382.05223 1.838
2455382.05411 1.845
2455382.06872 1.807
2455382.07065 1.787
2455382.07252 1.775
2455382.08719 1.664
2455382.08906 1.654
2455382.09094 1.677
2455382.10534 1.635
2455382.10721 1.646
2455382.10923 1.645
2455382.12417 1.808
2455382.12604 1.786
2455382.12793 1.807
2455382.14289 1.827
2455382.14477 1.808
2455382.1467 1.814
2455382.16142 1.764
2455382.16338 1.781
2455382.16528 1.756
2455382.17988 1.729
2455382.18176 1.726
2455382.18363 1.712
2455382.1859 1.705
2455382.18778 1.697
2455382.18965 1.695
2455382.19213 1.691
2455382.19409 1.689
2455382.19615 1.684
2455382.19845 1.696
2455382.20032 1.686
2455382.2022 1.697
2455382.20457 1.717
2455382.20645 1.73
2455382.20832 1.731
2455382.21065 1.747
2455382.21282 1.761
2455382.21471 1.774
2455382.21698 1.805
2455382.21887 1.806
2455382.22074 1.802
2455382.22306 1.834
2455382.22494 1.832
2455382.22681 1.825
2455382.22942 1.837
2455382.2313 1.818
2455382.23317 1.813
2455382.23575 1.824
2455382.23763 1.788
2455382.23951 1.789
2455382.24192 1.771
2455382.24387 1.735
2455382.24575 1.748
2455382.24803 1.718
2455382.24991 1.706
2455382.25184 1.687
2455382.25412 1.669
2455382.25601 1.67
2455382.25788 1.638
2455382.26017 1.622
2455382.26206 1.628
2455382.26394 1.633
2455382.2662 1.612
2455382.26825 1.63
2455382.27013 1.62
2455382.27243 1.62
2455382.27432 1.647
2455382.27622 1.642
2455382.27869 1.693
2455382.28057 1.692
2455382.28245 1.72
2455382.28478 1.753
2455382.28667 1.738
2455382.28854 1.795
2455382.29085 1.809
2455382.29272 1.833
2455382.29498 1.874
2455382.29788 1.893
2455382.30004 1.854
2455382.30191 1.838
2455382.30421 1.848
2455382.3061 1.859
2455382.30798 1.842
2455382.31023 1.842
2455382.31212 1.832
2455382.31412 1.819
2455382.31654 1.811
2455382.31851 1.801
2455382.32038 1.824
2455382.32267 1.823
2455382.32455 1.8
2455382.32644 1.794
2455382.32877 1.791
2455382.33065 1.788
2455382.33265 1.773
2455382.3353 1.787
2455382.33718 1.752
2455382.33903 1.784
