2455384.9791 2.049
2455384.98103 2.016
2455384.98295 2.038
2455384.99737 1.995
2455384.99929 1.983
2455385.00123 1.927
2455385.01645 1.962
2455385.0184 1.938
2455385.02034 1.944
2455385.0352 1.893
2455385.03712 1.921
2455385.03916 1.886
2455385.05375 1.944
2455385.05579 1.936
2455385.05766 1.947
2455385.07256 2.012
2455385.07443 2.01
2455385.09565 1.935
2455385.1103 1.824
2455385.11223 1.823
2455385.11412 1.813
2455385.12865 1.839
2455385.13053 1.841
2455385.13242 1.845
2455385.14707 2.026
2455385.14896 2.017
2455385.15083 2.022
2455385.16556 2.006
2455385.16747 2.008
2455385.16934 2.009
2455385.18091 2.004
2455385.18279 2.002
2455385.18468 1.993
2455385.18706 1.97
2455385.18895 1.945
2455385.19083 1.934
2455385.19315 1.925
2455385.19502 1.921
2455385.19691 1.915
2455385.19962 1.907
2455385.20162 1.915
2455385.20351 1.908
2455385.20603 1.917
2455385.20792 1.887
2455385.20979 1.901
2455385.21223 1.891
2455385.21411 1.89
2455385.216 1.894
2455385.2183 1.912
2455385.22017 1.917
2455385.22212 1.932
2455385.22441 1.943
2455385.22629 1.939
2455385.22817 1.956
2455385.23066 1.958
2455385.23254 1.997
2455385.23442 2.019
2455385.23688 2.007
2455385.23876 2.014
2455385.24066 2.01
2455385.24293 2.015
2455385.24483 2.018
2455385.24671 2.015
2455385.24939 2.008
2455385.25127 2.018
2455385.25315 1.986
2455385.25564 1.968
2455385.25752 1.956
2455385.25947 1.945
2455385.26366 1.91
2455385.26554 1.874
2455385.27438 1.812
2455385.30122 1.891
2455385.30309 1.911
2455385.30541 1.952
2455385.30729 1.99
2455385.30918 1.991
2455385.31153 2.044
2455385.3134 2.013
2455385.31529 2.029
2455385.31764 2.064
2455385.31953 2.056
2455385.3214 2.035
2455385.32382 2.074
2455385.32578 2.077
2455385.32765 2.03
2455385.33034 2.073
2455385.33222 2.036
2455385.33411 2.029
2455385.33662 2.059
2455385.33855 2.025
