2455307.93133 1.69
2455307.93455 1.689
2455307.93742 1.651
2455307.94022 1.625
2455307.95286 1.562
2455307.95563 1.533
2455307.95844 1.516
2455307.97087 1.543
2455307.97365 1.553
2455307.97642 1.571
2455307.98901 1.662
2455307.99179 1.659
2455307.99461 1.656
2455308.0072 1.664
2455308.00997 1.668
2455308.01276 1.637
2455308.02516 1.548
2455308.02799 1.558
2455308.03078 1.543
2455308.04293 1.532
2455308.04855 1.567
2455308.06072 1.589
2455308.06351 1.596
2455308.0663 1.649
2455308.07884 1.672
2455308.08163 1.641
2455308.0844 1.682
2455308.09666 1.634
2455308.09942 1.601
2455308.10227 1.576
2455308.11471 1.52
2455308.11749 1.494
2455308.12026 1.504
2455308.1325 1.591
2455308.13531 1.574
2455308.13813 1.589
2455308.15059 1.651
2455308.15336 1.618
2455308.15612 1.626
2455308.16859 1.668
2455308.17137 1.651
2455308.17412 1.615
2455308.18629 1.546
2455308.18907 1.541
2455308.19186 1.576
2455308.20404 1.517
2455308.20691 1.53
2455308.20968 1.517
2455308.22222 1.645
2455308.22499 1.651
2455308.2278 1.677
2455308.24043 1.692
2455308.24321 1.668
2455308.24601 1.693
2455308.25847 1.613
2455308.26124 1.615
2455308.26402 1.534
2455308.27629 1.516
2455308.27906 1.508
2455308.28197 1.525
2455308.29451 1.576
2455308.2973 1.605
2455308.3001 1.598
