2455322.89361 1.712
2455322.89641 1.747
2455322.89921 1.779
2455322.91521 1.623
2455322.91798 1.58
2455322.92075 1.628
2455322.93661 1.612
2455322.93939 1.57
2455322.94229 1.574
2455322.95801 1.738
2455322.96079 1.698
2455322.96355 1.7
2455322.98242 1.683
2455322.98566 1.69
2455323.00131 1.601
2455323.00407 1.617
2455323.00692 1.569
2455323.02262 1.581
2455323.02542 1.608
2455323.02819 1.634
2455323.04353 1.715
2455323.04635 1.726
2455323.04913 1.721
2455323.07072 1.644
2455323.08582 1.639
2455323.08851 1.616
2455323.09118 1.587
2455323.10587 1.564
2455323.10853 1.597
2455323.1112 1.633
2455323.12632 1.763
2455323.12901 1.724
2455323.13163 1.752
2455323.14644 1.686
2455323.1491 1.665
2455323.15177 1.639
2455323.17181 1.6
2455323.17446 1.608
2455323.17711 1.594
2455323.19752 1.707
2455323.20032 1.683
2455323.20308 1.769
2455323.22111 1.75
2455323.22395 1.74
