2455212.56362 17.167
2455212.5673 17.14
2455212.57098 17.081
2455212.57467 17.106
2455212.57836 17.039
2455212.59432 16.962
2455212.61462 16.886
2455212.6183 16.878
2455212.62199 16.953
2455212.62568 17.033
2455212.62936 17.087
2455212.63304 17.135
2455212.63673 17.155
2455212.6441 17.164
2455212.64778 17.173
2455212.65386 17.082
2455212.65755 17.054
2455212.66124 17.096
2455212.66493 17.143
2455212.6686 17.115
2455212.67597 17.213
2455212.69284 17.237
2455212.69653 17.236
2455212.70022 17.177
2455212.70391 17.17
2455212.7076 17.136
2455212.71129 17.093
2455212.71497 17.093
2455212.71865 17.0
2455212.72234 16.964
2455212.72602 16.983
2455212.73637 17.045
2455212.74006 17.084
2455212.74375 17.195
2455212.74744 17.186
2455212.75114 17.15
2455212.75482 17.126
2455212.77213 17.03
2455212.77581 17.047
2455212.77949 17.025
2455212.79055 17.183
2455212.79422 17.173
2455212.8016 17.157
2455212.80527 17.097
2455212.80988 17.008
2455212.81356 16.936
2455212.81724 16.927
2455212.83199 17.045
2455212.84769 17.186
2455212.86243 17.203
2455212.86612 17.089
2455212.88087 16.989
2455212.88673 16.944
2455212.89041 16.95
2455212.89409 17.06
2455212.89777 17.073
2455212.90146 17.073
2455212.90514 17.048
2455212.90883 17.002
2455212.92483 16.99
2455212.92852 17.041
2455212.93222 16.968
