2456295.57145 16.99
2456295.57753 16.977
2456295.58056 17.003
2456295.58361 17.004
2456295.58662 16.989
2456295.61398 16.972
2456295.61699 16.956
2456295.62002 16.989
2456295.62304 16.987
2456295.62607 16.973
2456295.62909 16.936
2456295.63212 16.943
2456295.64058 16.943
2456295.6436 16.942
2456295.65269 17.031
2456295.65574 17.02
2456295.66181 17.014
2456295.66791 16.969
2456295.67627 17.028
2456295.67929 16.999
2456295.68233 16.985
2456295.68538 17.01
2456295.68845 17.053
2456295.69452 17.01
2456295.70367 17.022
2456295.71229 17.039
2456295.71534 17.031
2456295.77492 16.987
2456295.78356 16.946
2456295.7866 16.937
2456295.78962 16.984
2456295.79267 16.972
2456295.80783 16.966
2456295.81087 16.964
2456295.84019 16.912
2456295.84324 16.907
2456295.85472 16.917
2456295.85776 16.892
2456295.86078 16.946
2456295.86382 16.929
2456295.86685 16.917
2456295.86989 16.902
2456295.87292 16.913
2456295.88204 16.916
