2455209.55106 17.032
2455209.55474 16.998
2455209.55842 16.955
2455209.5621 16.942
2455209.56577 17.065
2455209.56945 16.951
2455209.57313 16.97
2455209.57681 16.967
2455209.58049 16.895
2455209.58417 16.947
2455209.58941 16.911
2455209.60045 16.942
2455209.60413 16.976
2455209.60782 17.044
2455209.61149 16.923
2455209.61517 17.004
2455209.61885 16.882
2455209.62253 16.841
2455209.63302 16.851
2455209.64773 17.004
2455209.65141 16.985
2455209.65509 16.964
2455209.65877 16.999
2455209.66245 16.955
2455209.66821 16.96
2455209.67188 16.988
2455209.67557 16.961
2455209.67925 16.949
2455209.68293 16.883
2455209.6866 17.012
2455209.69029 17.007
2455209.69396 16.917
2455209.69764 16.949
2455209.70762 17.126
2455209.7113 17.084
2455209.71497 17.012
2455209.71866 17.11
2455209.72234 16.953
2455209.72602 16.927
2455209.7297 16.95
2455209.73338 16.904
2455209.73706 16.863
2455209.74075 16.883
2455209.75788 16.98
2455209.76156 17.065
2455209.76524 17.093
2455209.76892 17.036
2455209.7726 16.992
2455209.77628 16.959
2455209.77996 16.925
2455209.78553 16.894
2455209.78921 16.931
2455209.79289 16.948
2455209.79657 16.842
2455209.80025 16.854
2455209.80393 16.89
2455209.81129 17.031
2455209.81497 17.112
2455209.81865 17.075
2455209.82468 17.073
2455209.82836 17.017
2455209.83204 16.949
2455209.83572 16.952
2455209.8394 16.95
2455209.84307 16.87
2455209.86715 16.989
2455209.87083 17.072
2455209.87451 17.014
2455209.88187 16.904
2455209.88555 16.912
2455209.88922 16.887
2455209.8929 16.865
2455209.89658 16.845
2455209.90219 17.02
2455209.90587 16.871
2455209.90955 16.905
