2456300.55214 17.248
2456300.56098 17.224
2456300.56392 17.226
2456300.58596 17.352
2456300.60365 17.297
2456300.60955 17.374
2456300.61286 17.316
2456300.62255 17.286
2456300.62586 17.241
2456300.62881 17.244
2456300.6314 17.275
2456300.63434 17.234
2456300.63729 17.22
2456300.64023 17.28
2456300.64354 17.257
2456300.64648 17.336
2456300.65338 17.343
2456300.65927 17.385
2456300.66221 17.376
2456300.66515 17.343
2456300.6681 17.406
2456300.67103 17.419
2456300.67397 17.379
2456300.67692 17.327
2456300.67986 17.34
2456300.69019 17.299
2456300.69313 17.362
2456300.70196 17.393
2456300.70491 17.406
2456300.70749 17.389
2456300.71045 17.457
2456300.71339 17.466
2456300.7202 17.486
2456300.74669 17.459
2456300.76281 17.38
2456300.77163 17.334
2456300.77458 17.34
2456300.77752 17.316
2456300.79351 17.409
2456300.79645 17.355
2456300.79977 17.346
2456300.80271 17.376
2456300.8053 17.337
2456300.80825 17.353
2456300.81157 17.365
2456300.81451 17.35
2456300.82118 17.337
2456300.8245 17.285
2456300.82708 17.29
2456300.83003 17.357
2456300.83297 17.31
2456300.83592 17.308
2456300.83887 17.343
