2455214.56339 17.05
2455214.56706 17.128
2455214.57075 17.169
2455214.57813 17.157
2455214.58181 17.162
2455214.58549 17.14
2455214.58917 17.126
2455214.59285 17.015
2455214.59654 17.005
2455214.60613 16.917
2455214.60982 16.943
2455214.61351 16.956
2455214.61719 17.033
2455214.62087 17.11
2455214.62454 17.194
2455214.62822 17.183
2455214.63191 17.143
2455214.63559 17.122
2455214.64083 17.092
2455214.64452 17.141
2455214.64821 17.081
2455214.65189 17.036
2455214.65558 17.006
2455214.65926 16.952
2455214.66663 17.029
2455214.67943 17.063
2455214.68311 17.102
2455214.68679 17.12
2455214.69784 17.055
2455214.70153 17.023
2455214.70522 16.974
2455214.7089 16.986
2455214.71258 16.937
2455214.71827 16.973
2455214.72195 16.993
2455214.72651 17.038
2455214.7302 17.108
2455214.73388 17.076
2455214.74862 17.061
2455214.7523 17.029
2455214.75599 17.013
2455214.75967 17.03
2455214.7661 17.043
2455214.76977 16.999
2455214.77345 16.961
2455214.7845 17.045
2455214.78819 17.105
2455214.79187 17.194
2455214.79556 17.22
2455214.79924 17.155
2455214.83026 16.977
2455214.83395 17.006
2455214.84651 17.128
2455214.85018 17.148
2455214.85387 17.217
2455214.85756 17.162
2455214.86125 17.119
2455214.86494 17.028
2455214.86862 16.982
2455214.87231 16.929
2455214.87599 16.935
2455214.88497 16.98
2455214.88866 17.025
2455214.89234 17.015
2455214.89602 17.097
2455214.89971 17.098
2455214.90338 17.176
2455214.90707 17.186
2455214.91075 17.13
