2456398.660890 +17.422
2456398.664751 +17.397
2456398.672518 +17.404
2456398.676396 +17.363
2456398.680281 +17.373
2456398.684147 +17.333
2456398.688026 +17.286
2456398.691898 +17.289
2456398.695791 +17.309
2456398.699665 +17.282
2456398.703560 +17.288
2456398.707443 +17.305
2456398.711316 +17.361
2456398.715186 +17.426
2456398.719053 +17.361
2456398.723023 +17.322
2456398.726916 +17.369
2456398.730779 +17.339
2456398.734672 +17.308
2456398.738544 +17.344
2456398.742439 +17.285
2456398.746299 +17.344
2456398.754033 +17.269
2456398.757901 +17.312
2456398.761772 +17.279
2456398.765636 +17.331
2456398.769517 +17.343
2456398.773401 +17.357
2456398.777260 +17.304
2456398.781123 +17.296
2456398.788873 +17.326
2456398.792746 +17.338
2456398.796598 +17.335
2456398.800477 +17.279
2456398.804353 +17.257
2456398.808212 +17.307
2456398.812072 +17.269
2456398.815952 +17.279
2456398.819922 +17.404
2456398.823778 +17.372
2456398.831517 +17.417
2456398.835399 +17.393
2456398.839253 +17.350
2456398.843109 +17.332
2456398.847000 +17.357
2456398.850863 +17.318
2456398.854741 +17.362
2456398.862466 +17.246
2456398.866324 +17.266
2456398.870202 +17.328
2456398.877929 +17.355
2456398.885645 +17.389
2456398.889517 +17.342
2456398.893379 +17.321
2456398.897249 +17.352
2456398.901132 +17.356
2456398.904994 +17.322
2456398.908862 +17.312
2456398.912712 +17.274
2456398.916643 +17.347
2456398.932080 +17.313
