2456397.679954 +17.521
2456397.683850 +17.494
2456397.687731 +17.508
2456397.691616 +17.452
2456397.695489 +17.480
2456397.699381 +17.476
2456397.703254 +17.475
2456397.707130 +17.453
2456397.711001 +17.446
2456397.714871 +17.521
2456397.718754 +17.577
2456397.722693 +17.535
2456397.726567 +17.541
2456397.730448 +17.527
2456397.734322 +17.496
2456397.738218 +17.488
2456397.742087 +17.490
2456397.745971 +17.513
2456397.753716 +17.507
2456397.757614 +17.470
2456397.761498 +17.462
2456397.765368 +17.491
2456397.769249 +17.523
2456397.773115 +17.522
2456397.776993 +17.558
2456397.780870 +17.504
2456397.784757 +17.491
2456397.788620 +17.510
2456397.792492 +17.546
2456397.796371 +17.511
2456397.800232 +17.480
2456397.804112 +17.483
2456397.811878 +17.452
2456397.815745 +17.436
2456397.819689 +17.457
2456397.827418 +17.573
2456397.835171 +17.544
2456397.839030 +17.525
2456397.842893 +17.593
2456397.846755 +17.577
2456397.850632 +17.509
2456397.854497 +17.472
2456397.858378 +17.517
2456397.862263 +17.441
2456397.866134 +17.463
2456397.869997 +17.463
2456397.873853 +17.482
2456397.900910 +17.510
2456397.920330 +17.507
2456397.924185 +17.485
2456397.935794 +17.557
2456397.939643 +17.552
2456397.943517 +17.541
2456397.947377 +17.524
2456397.955088 +17.547
