2455602.60435 16.222
2455602.6058 16.159
2455602.60647 16.201
2455602.60714 16.18
2455602.60858 16.142
2455602.60925 16.171
2455602.60993 16.11
2455602.6106 16.168
2455602.61127 16.164
2455602.61196 16.106
2455602.61264 16.187
2455602.61332 16.14
2455602.61401 16.106
2455602.61469 16.127
2455602.61537 16.154
2455602.61605 16.16
2455602.61674 16.13
2455602.61742 16.083
2455602.6181 16.096
2455602.61879 16.117
2455602.61947 16.102
2455602.62015 16.107
2455602.62152 16.116
2455602.62287 16.1
2455602.62355 16.118
2455602.62423 16.143
2455602.62491 16.154
2455602.62558 16.119
2455602.62626 16.13
2455602.62694 16.162
2455602.62829 16.16
2455602.62897 16.15
2455602.63034 16.134
2455602.63102 16.172
2455602.6317 16.153
2455602.63238 16.148
2455602.63307 16.113
2455602.63374 16.17
2455602.63442 16.148
2455602.6351 16.139
2455602.63579 16.094
2455602.63647 16.165
2455602.63715 16.134
2455602.63784 16.142
2455602.63852 16.099
2455602.63919 16.09
2455602.63987 16.044
2455602.64054 16.086
2455602.64123 16.111
2455602.64191 16.088
2455602.64328 16.109
2455602.64395 16.121
2455602.64462 16.142
2455602.64529 16.122
2455602.64597 16.112
2455602.64666 16.139
2455602.64734 16.097
2455602.64802 16.13
2455602.6487 16.181
2455602.64939 16.172
2455602.65007 16.179
2455602.65075 16.194
2455602.65144 16.128
2455602.65212 16.129
2455602.6528 16.16
2455602.65348 16.144
2455602.65417 16.199
2455602.65485 16.176
2455602.65553 16.229
2455602.65622 16.19
2455602.65689 16.187
2455602.65824 16.226
2455602.65891 16.194
2455602.6596 16.199
2455602.66094 16.221
2455602.66161 16.21
2455602.66229 16.205
2455602.66298 16.21
2455602.66366 16.197
2455602.66434 16.224
2455602.66502 16.177
2455602.66571 16.185
2455602.66639 16.176
2455602.66707 16.221
2455602.66776 16.166
2455602.66844 16.145
2455602.66912 16.164
2455602.6698 16.19
2455602.67049 16.182
2455602.67117 16.184
2455602.67185 16.193
2455602.67252 16.166
2455602.67321 16.177
2455602.67388 16.151
2455602.67456 16.14
2455602.67524 16.153
2455602.67591 16.167
2455602.67659 16.182
2455602.67727 16.181
2455602.67795 16.171
2455602.67862 16.136
2455602.67932 16.125
2455602.68 16.108
2455602.68068 16.151
2455602.68137 16.137
2455602.68205 16.119
2455602.68273 16.138
2455602.68341 16.098
2455602.6841 16.101
2455602.68478 16.078
2455602.68546 16.094
2455602.68615 16.094
2455602.68683 16.062
2455602.68751 16.071
2455602.68819 16.11
2455602.68888 16.11
2455602.68956 16.105
2455602.69023 16.096
2455602.69091 16.12
2455602.69159 16.087
2455602.69227 16.099
2455602.69295 16.091
2455602.69362 16.119
2455602.69431 16.091
2455602.69498 16.124
2455602.69566 16.126
2455602.69634 16.156
2455602.69703 16.145
2455602.69771 16.163
2455602.69839 16.149
2455602.69907 16.203
2455602.69976 16.2
2455602.70044 16.127
2455602.70112 16.184
2455602.70181 16.172
2455602.70249 16.189
2455602.70317 16.16
2455602.70385 16.146
2455602.70454 16.133
2455602.70522 16.151
2455602.7059 16.143
2455602.70659 16.147
2455602.70727 16.143
2455602.70794 16.132
2455602.70861 16.127
2455602.70929 16.129
2455602.70998 16.118
2455602.71066 16.122
2455602.71133 16.129
2455602.71201 16.122
2455602.7127 16.152
2455602.71338 16.131
2455602.71406 16.118
2455602.71473 16.123
2455602.71542 16.153
2455602.7161 16.131
2455602.71678 16.118
2455602.71747 16.148
2455602.71815 16.141
2455602.71883 16.152
2455602.71951 16.134
2455602.7202 16.12
2455602.72088 16.145
2455602.72156 16.171
2455602.72225 16.14
2455602.72293 16.157
2455602.72361 16.173
2455602.72429 16.203
2455602.72498 16.185
2455602.72566 16.165
2455602.72633 16.155
2455602.72701 16.224
2455602.7277 16.177
2455602.72837 16.185
2455602.72905 16.203
2455602.72973 16.186
2455602.73042 16.226
2455602.73109 16.211
2455602.73177 16.201
2455602.73245 16.188
2455602.73314 16.224
2455602.73382 16.213
2455602.7345 16.218
2455602.73519 16.238
2455602.73587 16.208
2455602.73655 16.209
2455602.73723 16.215
2455602.73792 16.23
2455602.7386 16.229
2455602.73928 16.242
2455602.73997 16.188
2455602.74065 16.232
2455602.74133 16.2
2455602.74406 16.167
2455602.74543 16.192
2455602.74611 16.193
2455602.74679 16.216
2455602.74884 16.227
2455602.74951 16.209
2455602.7502 16.22
2455602.75088 16.205
2455602.75156 16.175
2455602.75225 16.193
2455602.75293 16.165
2455602.75361 16.188
2455602.75429 16.176
2455602.75498 16.161
2455602.75566 16.148
2455602.75634 16.145
2455602.75703 16.125
2455602.75771 16.115
2455602.75839 16.126
2455602.75907 16.113
2455602.75976 16.132
2455602.76044 16.105
2455602.76112 16.107
2455602.76181 16.093
2455602.76249 16.098
2455602.76317 16.106
2455602.76384 16.104
2455602.76453 16.12
2455602.76521 16.111
2455602.76589 16.131
2455602.76657 16.105
2455602.76726 16.123
2455602.76794 16.128
2455602.76862 16.113
2455602.76931 16.138
2455602.76999 16.125
2455602.77067 16.143
2455602.77135 16.126
2455602.77203 16.126
2455602.77271 16.14
2455602.77339 16.135
2455602.77407 16.173
2455602.77476 16.122
2455602.77544 16.155
2455602.77612 16.143
2455602.77681 16.136
2455602.77749 16.124
2455602.77817 16.106
2455602.77885 16.122
2455602.77954 16.104
2455602.78022 16.088
2455602.7809 16.081
2455602.78159 16.084
2455602.78227 16.072
2455602.78295 16.1
2455602.78363 16.081
2455602.78433 16.088
2455602.78501 16.086
2455602.78569 16.095
2455602.78638 16.112
2455602.78706 16.054
2455602.78774 16.092
2455602.78843 16.082
2455602.78911 16.054
2455602.78979 16.092
2455602.79048 16.088
2455602.79116 16.109
2455602.79184 16.09
2455602.79252 16.136
2455602.79321 16.083
2455602.79389 16.12
2455602.79457 16.134
2455602.79526 16.121
2455602.79594 16.157
2455602.79662 16.149
2455602.7973 16.162
2455602.79799 16.135
2455602.79867 16.183
2455602.79935 16.159
2455602.80004 16.186
2455602.80072 16.216
2455602.8014 16.179
2455602.80208 16.187
2455602.80277 16.188
2455602.80345 16.185
2455602.80412 16.183
2455602.80482 16.218
2455602.8055 16.174
2455602.80618 16.186
2455602.80686 16.185
2455602.80755 16.203
2455602.80823 16.176
2455602.80891 16.217
2455602.8096 16.172
2455602.81028 16.175
2455602.81096 16.143
2455602.81164 16.171
2455602.81233 16.183
2455602.81301 16.165
2455602.81369 16.162
2455602.81438 16.16
2455602.81506 16.181
2455602.81574 16.195
2455602.81642 16.177
2455602.81711 16.203
2455602.81779 16.183
2455602.81847 16.173
2455602.81916 16.16
2455602.81984 16.212
2455602.82052 16.191
2455602.8212 16.166
2455602.82189 16.18
2455602.82257 16.177
2455602.82325 16.17
2455602.82394 16.178
2455602.82462 16.196
2455602.8253 16.138
2455602.82598 16.105
2455602.82667 16.155
2455602.82735 16.124
2455602.82803 16.119
2455602.82872 16.116
2455602.8294 16.103
2455602.83008 16.125
2455602.83076 16.1
2455602.83145 16.103
2455602.83213 16.084
2455602.83281 16.071
2455602.8335 16.094
2455602.83418 16.088
2455602.83486 16.105
2455602.83554 16.097
2455602.83623 16.095
2455602.83691 16.094
2455602.83759 16.154
2455602.83828 16.128
2455602.83896 16.122
2455602.83964 16.124
2455602.84032 16.146
2455602.84101 16.131
2455602.84169 16.149
2455602.84237 16.13
2455602.84306 16.158
2455602.84374 16.174
2455602.84442 16.143
2455602.8451 16.176
2455602.84579 16.182
2455602.84648 16.176
2455602.84716 16.207
2455602.84785 16.119
2455602.84853 16.147
2455602.84921 16.137
2455602.8499 16.119
2455602.85058 16.144
2455602.85126 16.125
2455602.85194 16.139
2455602.85263 16.137
2455602.85331 16.127
2455602.85399 16.124
2455602.85468 16.156
2455602.85536 16.13
2455602.85604 16.106
2455602.85673 16.119
2455602.85741 16.106
2455602.85809 16.131
2455602.85877 16.129
2455602.85946 16.148
2455602.86014 16.108
2455602.86082 16.118
2455602.86151 16.117
2455602.86219 16.13
2455602.86287 16.147
2455602.86355 16.167
2455602.86424 16.15
2455602.86492 16.162
2455602.8656 16.16
2455602.86629 16.176
2455602.86696 16.192
2455602.86764 16.173
2455602.86832 16.146
2455602.86899 16.163
2455602.86968 16.168
2455602.87035 16.205
2455602.87102 16.204
2455602.8717 16.203
2455602.87238 16.175
2455602.87307 16.189
2455602.87375 16.182
2455602.87443 16.197
2455602.87512 16.162
2455602.8758 16.181
2455602.87648 16.198
2455602.87716 16.205
2455602.87785 16.197
2455602.87853 16.231
2455602.87921 16.177
2455602.8799 16.185
2455602.88058 16.188
2455602.88126 16.197
2455602.88194 16.186
2455602.88263 16.191
2455602.88331 16.181
2455602.88399 16.153
2455602.88468 16.17
2455602.88536 16.191
2455602.88604 16.192
2455602.88673 16.182
2455602.8874 16.194
2455602.88808 16.163
2455602.88876 16.184
2455602.88944 16.176
2455602.89013 16.187
2455602.89081 16.198
2455602.89149 16.163
2455602.89216 16.195
2455602.89285 16.183
2455602.89353 16.197
2455602.89421 16.172
2455602.8949 16.177
2455602.89558 16.214
2455602.89626 16.136
2455602.89694 16.154
2455602.89763 16.139
2455602.89831 16.144
2455602.89899 16.14
2455602.89968 16.112
2455602.90036 16.103
2455602.90104 16.114
2455602.90173 16.103
2455602.90241 16.096
2455602.90308 16.114
2455602.90376 16.11
2455602.90444 16.089
2455602.90513 16.093
2455602.90581 16.088
2455602.90649 16.089
2455602.90718 16.108
2455602.90786 16.107
2455602.90854 16.102
2455602.90923 16.099
2455602.91059 16.113
2455602.91127 16.099
2455602.91196 16.113
2455602.91264 16.116
2455602.91332 16.133
2455602.91401 16.123
2455602.91469 16.15
2455602.91537 16.152
2455602.91605 16.111
2455602.91674 16.133
2455602.91742 16.118
2455602.9181 16.14
2455602.91879 16.162
2455602.91947 16.121
2455602.92015 16.115
2455602.92083 16.119
2455602.92152 16.144
2455602.9222 16.094
2455602.92288 16.082
2455602.92357 16.109
2455602.92426 16.107
2455602.92494 16.117
2455602.92561 16.053
2455602.9263 16.078
2455602.92698 16.042
2455602.92766 16.064
2455602.92833 16.05
2455602.92902 16.076
2455602.9297 16.047
2455602.93038 16.059
2455602.93107 16.052
2455602.93175 16.062
2455602.93243 16.082
2455602.93311 16.069
2455602.9338 16.097
2455602.93448 16.095
2455602.93516 16.095
2455602.93585 16.078
2455602.93653 16.099
2455602.93721 16.101
2455602.93789 16.105
2455602.93858 16.138
2455602.93926 16.148
2455602.93994 16.137
2455602.94063 16.133
2455602.94131 16.116
2455602.94336 16.172
2455602.94541 16.191
2455602.95631 16.171
2455602.95836 16.142
2455602.95904 16.167
2455602.95972 16.171
2455602.96041 16.164
2455602.96109 16.135
2455602.96177 16.172
2455602.96245 16.138
2455602.96315 16.167
2455602.96384 16.183
2455602.96454 16.178
2455602.96523 16.163
2455602.96593 16.17
2455602.96662 16.159
2455602.96732 16.152
2455602.96801 16.169
2455602.9687 16.138
2455602.9694 16.143
2455602.97009 16.154
2455602.97079 16.126
2455602.97148 16.098
2455602.97218 16.113
2455602.97287 16.106
2455602.97357 16.145
2455602.97426 16.114
2455602.97495 16.091
2455602.97564 16.106
2455602.97632 16.124
2455602.977 16.081
2455602.97769 16.113
2455602.97837 16.122
2455602.97905 16.122
2455602.97973 16.114
2455602.98042 16.116
2455602.9811 16.092
2455602.98178 16.097
2455602.98247 16.11
2455602.98315 16.12
2455602.98383 16.106
2455602.98451 16.128
2455602.9852 16.136
2455602.98588 16.122
2455602.98656 16.148
2455602.98725 16.125
2455602.98793 16.146
2455602.98861 16.169
2455602.98929 16.211
2455602.98998 16.163
2455602.99066 16.182
2455602.99134 16.161
2455602.99203 16.199
2455602.99271 16.154
2455602.99339 16.18
2455602.99407 16.119
2455602.99476 16.125
2455602.99544 16.157
2455602.99613 16.115
2455602.99683 16.132
2455602.99752 16.159
2455602.99821 16.122
2455602.99889 16.125
2455602.99957 16.126
2455603.00024 16.123
2455603.00093 16.128
2455603.0016 16.136
2455603.00228 16.125
2455603.00295 16.139
2455603.00363 16.124
2455603.00432 16.119
2455603.005 16.134
2455603.00568 16.133
2455603.00637 16.152
2455603.00705 16.115
2455603.00773 16.16
2455603.00841 16.14
2455603.0091 16.146
2455603.00978 16.159
2455603.01046 16.177
2455603.01115 16.16
2455603.01183 16.173
2455603.01251 16.194
2455603.01319 16.163
2455603.01388 16.169
2455603.01456 16.177
2455603.01524 16.168
2455603.01593 16.173
2455603.01662 16.196
2455603.01732 16.211
2455603.01801 16.184
2455603.0187 16.195
2455603.0194 16.191
2455603.02008 16.219
2455603.02076 16.179
2455603.02145 16.183
2455603.02213 16.191
2455603.02281 16.205
2455603.0235 16.205
2455603.02418 16.168
2455603.02486 16.171
2455603.02554 16.191
2455603.02623 16.177
2455603.02691 16.182
2455603.02759 16.149
2455603.02828 16.155
2455603.02964 16.143
2455603.03032 16.153
2455603.03101 16.174
2455603.03169 16.169
2455603.03237 16.163
2455603.03306 16.166
2455603.03374 16.151
2455603.0351 16.177
2455603.03579 16.162
2455603.03647 16.2
2455603.03715 16.178
