2454566.87586 1.574
2454566.88266 1.572
2454566.88573 1.599
2454566.88881 1.54
2454566.89537 1.428
2454566.89859 1.439
2454566.90173 1.429
2454566.90617 1.481
2454566.91718 1.468
2454566.92039 1.449
2454566.92358 1.451
2454566.9276 1.495
2454566.93894 1.594
2454566.94215 1.557
2454566.94537 1.552
2454566.94848 1.502
2454566.95905 1.523
2454566.96344 1.478
2454566.96663 1.517
2454566.96985 1.534
2454566.98036 1.527
2454566.98499 1.462
2454566.98819 1.48
2454566.9914 1.511
2454567.00663 1.561
2454567.01129 1.586
2454567.01441 1.573
2454567.01766 1.555
2454567.03392 1.5
2454567.03917 1.506
2454567.04319 1.473
2454567.04641 1.493
2454567.07345 1.534
2454567.07767 1.581
2454567.08091 1.578
2454567.08405 1.549
2454567.12254 1.538
2454567.14802 1.574
2454567.15116 1.595
2454567.15428 1.601
2454567.15835 1.547
2454567.18373 1.489
2454567.18699 1.486
2454567.19088 1.489
2454567.19411 1.526
2454567.21964 1.536
2454567.22288 1.533
2454567.22705 1.585
2454567.23017 1.529
