2455605.60647 16.076
2455605.60761 16.121
2455605.60875 16.119
2455605.60989 16.075
2455605.61103 16.079
2455605.61217 16.104
2455605.61331 16.055
2455605.61445 16.053
2455605.61559 16.075
2455605.61673 16.075
2455605.61787 16.045
2455605.61901 16.043
2455605.62015 16.053
2455605.62129 16.035
2455605.62243 16.052
2455605.62357 16.062
2455605.62471 16.049
2455605.62585 16.029
2455605.62699 16.033
2455605.62813 16.016
2455605.63296 15.985
2455605.63524 15.987
2455605.63638 15.992
2455605.63752 15.992
2455605.63866 16.003
2455605.6398 16.021
2455605.64094 16.008
2455605.64208 16.033
2455605.64322 16.03
2455605.64436 16.04
2455605.6455 16.015
2455605.64664 16.042
2455605.64779 16.047
2455605.64893 16.015
2455605.65007 16.034
2455605.65121 16.028
2455605.65235 15.976
2455605.65349 16.015
2455605.65463 16.005
2455605.65577 15.971
2455605.65691 15.958
2455605.65805 15.964
2455605.65919 15.965
2455605.66033 15.97
2455605.66147 15.955
2455605.66261 15.979
2455605.66375 15.985
2455605.66489 15.999
2455605.66603 15.997
2455605.66717 16.023
2455605.66831 16.055
2455605.66945 16.045
2455605.67059 16.048
2455605.67173 16.044
2455605.67287 16.061
2455605.67401 16.076
2455605.67515 16.073
2455605.67629 16.105
2455605.67743 16.115
2455605.6797 16.111
2455605.68084 16.102
2455605.68199 16.087
2455605.68313 16.065
2455605.68656 16.083
2455605.6877 16.059
2455605.68884 16.072
2455605.68998 16.076
2455605.69113 16.095
2455605.69227 16.094
2455605.69341 16.082
2455605.69455 16.083
2455605.69569 16.081
2455605.69683 16.078
2455605.69797 16.06
2455605.69911 16.066
2455605.70024 16.005
2455605.70138 16.028
2455605.70252 16.025
2455605.70366 16.015
2455605.7048 16.0
2455605.70594 16.015
2455605.70709 15.988
2455605.70823 16.002
2455605.70937 15.991
2455605.71051 16.002
2455605.71165 16.023
2455605.71279 16.02
2455605.71393 16.031
2455605.71507 16.03
2455605.71621 16.061
2455605.71735 16.072
2455605.71849 16.078
2455605.71963 16.09
2455605.72077 16.078
2455605.72191 16.044
2455605.72305 16.074
2455605.72419 16.037
2455605.72533 16.033
2455605.72647 16.037
2455605.72761 16.021
2455605.72875 16.041
2455605.72989 16.039
2455605.73103 16.022
2455605.73218 16.041
2455605.73332 16.034
2455605.73447 16.04
2455605.73562 16.026
2455605.73676 16.032
2455605.74004 16.059
2455605.74118 16.069
2455605.74232 16.076
2455605.74345 16.072
2455605.7446 16.059
2455605.74574 16.075
2455605.74689 16.088
2455605.74804 16.097
2455605.74918 16.094
2455605.75033 16.087
2455605.75147 16.081
2455605.7526 16.077
2455605.75375 16.09
2455605.75489 16.081
2455605.75603 16.058
2455605.75717 16.07
2455605.75831 16.093
2455605.75945 16.053
2455605.76059 16.079
2455605.76173 16.067
2455605.76286 16.098
2455605.764 16.08
2455605.76515 16.073
2455605.76629 16.091
2455605.76743 16.1
2455605.76857 16.094
2455605.76971 16.083
2455605.77085 16.069
2455605.77199 16.04
2455605.77313 16.017
2455605.77427 16.035
2455605.77541 16.013
2455605.77655 16.006
2455605.77769 16.0
2455605.783 15.988
2455605.78414 16.012
2455605.78528 16.019
2455605.78642 16.024
2455605.78756 16.022
2455605.7887 16.015
2455605.78984 16.031
2455605.79098 16.004
2455605.7937 16.018
2455605.79484 15.99
2455605.79598 15.989
2455605.79712 15.996
2455605.79827 15.977
2455605.79941 15.964
2455605.80055 15.959
2455605.80169 15.967
2455605.80283 15.977
2455605.80397 15.984
2455605.80511 15.978
2455605.80625 15.988
2455605.80739 15.981
2455605.80852 15.998
2455605.80966 15.98
2455605.8108 16.008
2455605.81194 15.996
2455605.81308 16.019
2455605.81422 16.046
2455605.81536 16.043
2455605.8165 16.043
2455605.81764 16.058
2455605.81878 16.076
2455605.81993 16.097
2455605.82106 16.072
2455605.8222 16.099
2455605.82334 16.078
2455605.82449 16.093
2455605.82562 16.09
2455605.82677 16.083
2455605.82791 16.059
2455605.82905 16.059
2455605.83019 16.053
2455605.83134 16.085
2455605.83249 16.062
2455605.83363 16.077
2455605.83477 16.073
2455605.83591 16.077
2455605.83704 16.096
2455605.83818 16.086
2455605.83932 16.082
2455605.84047 16.073
2455605.84161 16.039
2455605.84275 16.054
2455605.84389 16.024
2455605.84503 16.025
2455605.8477 16.008
2455605.84885 16.001
2455605.84999 16.014
2455605.85112 16.018
2455605.85227 15.995
2455605.85341 16.009
2455605.85454 15.994
2455605.85568 16.006
2455605.85682 16.027
2455605.85796 16.036
2455605.8591 16.051
2455605.86024 16.041
2455605.86138 16.037
2455605.86252 16.078
2455605.86366 16.055
2455605.86481 16.072
2455605.86595 16.046
2455605.86708 16.033
2455605.86822 16.028
2455605.86936 16.017
2455605.8705 16.026
2455605.87164 16.008
2455605.87278 16.038
2455605.87392 16.014
2455605.87506 15.997
2455605.8762 16.007
2455605.87734 16.012
2455605.87848 16.024
2455605.87961 16.013
2455605.88075 16.033
2455605.8819 16.047
2455605.88304 16.048
2455605.88418 16.059
2455605.88532 16.057
2455605.88646 16.094
2455605.8876 16.085
2455605.88874 16.116
2455605.88988 16.12
2455605.89102 16.089
2455605.89216 16.098
2455605.8933 16.103
2455605.89444 16.12
2455605.89558 16.087
2455605.89673 16.089
2455605.89787 16.102
2455605.89901 16.073
2455605.90216 16.077
2455605.90329 16.063
2455605.90443 16.07
2455605.90557 16.086
2455605.90672 16.105
2455605.90786 16.087
2455605.909 16.095
2455605.91014 16.101
2455605.91128 16.085
2455605.91242 16.054
2455605.91356 16.06
2455605.9147 16.03
2455605.91584 16.018
2455605.91698 16.036
2455605.91812 16.009
2455605.91926 15.999
2455605.9204 15.996
2455605.92154 15.981
2455605.92268 15.991
2455605.92382 15.985
2455605.92496 15.986
2455605.9261 16.038
2455605.92724 16.027
2455605.92838 15.993
2455605.92952 16.019
2455605.93066 16.031
2455605.9318 16.017
2455605.93409 16.035
2455605.93523 16.039
2455605.93636 16.01
2455605.93751 16.026
2455605.93864 16.028
2455605.93979 16.004
2455605.94094 16.015
2455605.94208 15.99
2455605.94322 15.963
2455605.94435 16.009
2455605.9455 15.998
2455605.94664 15.978
2455605.94778 15.951
2455605.94891 15.966
2455605.95005 16.0
2455605.95119 16.006
2455605.95233 16.02
2455605.95347 15.994
2455605.95695 16.045
2455605.95809 16.056
2455605.95923 16.038
2455605.96037 16.059
2455605.96151 16.111
2455605.96265 16.088
2455605.96378 16.08
2455605.96493 16.09
2455605.96607 16.098
2455605.96721 16.089
2455605.96835 16.096
2455605.96949 16.07
2455605.97063 16.064
2455605.97177 16.052
2455605.97711 16.071
2455605.97825 16.084
2455605.97939 16.077
2455605.98053 16.079
2455605.98167 16.104
2455605.98281 16.084
2455605.98395 16.065
2455605.98509 16.033
2455605.98623 16.045
2455605.98737 16.042
2455605.98851 16.018
2455605.98965 15.998
2455605.99079 15.998
2455605.99193 16.009
2455605.99307 16.007
2455605.99421 15.991
2455605.99649 15.993
2455605.99763 16.0
2455605.99878 16.002
2455605.99991 15.994
2455606.00105 16.004
2455606.0022 15.992
2455606.00334 16.028
2455606.00448 16.014
2455606.00562 16.073
2455606.00676 16.055
2455606.0079 16.054
2455606.01172 16.05
2455606.01286 16.016
2455606.014 16.01
2455606.01514 16.033
2455606.01629 16.031
2455606.01742 16.016
2455606.01856 16.03
2455606.0197 16.029
2455606.02084 16.039
2455606.02198 16.043
2455606.02312 16.039
2455606.02427 16.034
2455606.02541 16.035
2455606.02655 16.073
2455606.02769 16.06
2455606.02883 16.054
2455606.02997 16.091
2455606.03111 16.092
2455606.03225 16.103
2455606.03339 16.061
2455606.03453 16.111
2455606.03567 16.128
2455606.03682 16.129
2455606.03796 16.116
2455606.0391 16.108
2455606.04024 16.094
2455606.04138 16.098
2455606.04252 16.109
2455606.04366 16.104
2455606.0448 16.09
