2455951.82826 15.277
2455951.83078 15.281
2455951.8333 15.304
2455951.83582 15.307
2455951.83834 15.296
2455951.84086 15.31
2455951.84393 15.274
2455951.84645 15.262
2455951.84897 15.262
2455951.85148 15.26
2455951.85401 15.261
2455951.85653 15.258
2455951.85959 15.253
2455951.86211 15.271
2455951.86463 15.282
2455951.86715 15.291
2455951.86967 15.295
2455951.87219 15.266
2455951.87575 15.252
2455951.87827 15.222
2455951.88079 15.187
2455951.88331 15.164
2455951.88583 15.161
2455951.88835 15.169
2455951.89142 15.192
2455951.89394 15.206
2455951.89646 15.226
2455951.89898 15.223
2455951.9015 15.225
2455951.90402 15.215
2455951.90709 15.224
2455951.90961 15.217
2455951.91213 15.218
2455951.91465 15.214
2455951.91717 15.195
2455951.91969 15.192
2455951.92325 15.214
2455951.92577 15.227
2455951.92829 15.212
2455951.93081 15.228
2455951.93333 15.204
2455951.93584 15.194
2455951.93892 15.213
2455951.94144 15.237
2455951.94396 15.223
2455951.94648 15.204
2455951.949 15.213
2455951.95152 15.216
2455951.95458 15.207
2455951.9571 15.226
2455951.95963 15.229
2455951.96216 15.228
2455951.96467 15.222
2455951.9672 15.215
2455951.97117 15.256
2455951.97872 15.221
2455951.98125 15.194
2455951.98376 15.178
2455952.01265 15.192
2455952.01517 15.21
2455952.01921 15.195
2455952.02173 15.2
2455952.02425 15.199
2455952.02677 15.199
2455952.02929 15.203
2455952.03181 15.206
2455952.03501 15.201
2455952.03753 15.171
2455952.04005 15.186
2455952.04257 15.194
2455952.04509 15.203
2455952.04761 15.212
