2455395.00933 0.442
2455395.01205 0.439
2455395.01471 0.448
2455395.02785 0.664
2455395.03049 0.724
2455395.03318 0.745
2455395.05181 0.718
2455395.05457 0.647
2455395.05723 0.622
2455395.0702 0.526
2455395.07288 0.522
2455395.07554 0.514
2455395.08881 0.594
2455395.09154 0.619
2455395.09421 0.659
2455395.10704 0.958
2455395.10976 0.964
2455395.11241 0.942
2455395.12553 0.629
2455395.12824 0.583
2455395.13089 0.479
2455395.14979 0.469
2455395.15248 0.471
2455395.15512 0.543
2455395.16817 0.764
2455395.17087 0.771
2455395.17355 0.769
2455395.187 0.725
2455395.18965 0.654
2455395.1923 0.628
2455395.2055 0.514
2455395.20816 0.487
2455395.21081 0.512
2455395.22403 0.613
2455395.22671 0.613
2455395.22935 0.643
2455395.24263 0.958
2455395.24529 0.937
2455395.24794 0.915
2455395.26112 0.636
2455395.26379 0.573
2455395.26639 0.527
2455395.27976 0.435
2455395.28263 0.441
2455395.28546 0.432
2455395.28887 0.511
2455395.29168 0.553
2455395.29448 0.586
2455395.2976 0.655
2455395.30042 0.709
2455395.30302 0.756
2455395.30609 0.782
2455395.3087 0.789
2455395.31135 0.755
2455395.31441 0.768
2455395.31707 0.745
2455395.31975 0.761
2455395.32277 0.697
2455395.32546 0.682
2455395.32813 0.618
2455395.33129 0.583
2455395.33398 0.578
2455395.33673 0.578
