2455398.99205 1.098
2455398.99463 1.093
2455398.99722 1.078
2455399.00955 1.049
2455399.01214 1.012
2455399.0148 1.059
2455399.028 1.203
2455399.03058 1.204
2455399.03317 1.234
2455399.04625 1.421
2455399.04882 1.403
2455399.0514 1.367
2455399.06434 1.081
2455399.06693 1.071
2455399.06951 1.004
2455399.0827 0.965
2455399.08527 1.003
2455399.08787 1.04
2455399.10067 1.258
2455399.10325 1.272
2455399.10583 1.292
2455399.11881 1.296
2455399.12139 1.23
2455399.12397 1.183
2455399.13707 1.054
2455399.13964 1.047
2455399.14222 1.044
2455399.15528 1.111
2455399.15786 1.112
2455399.16048 1.119
2455399.17355 1.373
2455399.17613 1.405
2455399.17872 1.41
2455399.19175 1.296
2455399.19434 1.194
2455399.19692 1.126
2455399.21017 0.978
2455399.21274 0.962
2455399.21534 0.953
2455399.22839 1.116
2455399.23096 1.121
2455399.23354 1.186
2455399.24675 1.295
2455399.24934 1.288
2455399.25191 1.247
2455399.26483 1.122
2455399.2674 1.097
2455399.27002 1.078
2455399.27308 1.061
2455399.27565 1.058
2455399.27823 1.056
2455399.28124 1.04
2455399.28382 1.031
2455399.2864 1.057
2455399.28949 1.082
2455399.29207 1.105
2455399.29465 1.11
2455399.29764 1.156
2455399.30023 1.197
2455399.30281 1.249
2455399.30583 1.296
2455399.30841 1.333
2455399.311 1.407
2455399.31395 1.458
2455399.31653 1.459
2455399.3191 1.451
2455399.32221 1.364
2455399.32479 1.284
2455399.32736 1.234
2455399.3308 1.126
2455399.33344 1.106
2455399.33602 1.069
2455399.33919 1.017
