2453677.64312 1.392
2453677.64579 1.399
2453677.64845 1.405
2453677.65111 1.432
2453677.65377 1.457
2453677.65642 1.456
2453677.65908 1.487
2453677.66173 1.467
2453677.6644 1.504
2453677.66705 1.513
2453677.66969 1.509
2453677.67501 1.506
2453677.67767 1.509
2453677.716 1.47
2453677.73036 1.427
2453677.73301 1.408
2453677.74097 1.393
2453677.76244 1.424
2453677.76515 1.403
2453677.76784 1.412
2453677.78898 1.449
2453677.79191 1.456
2453677.79488 1.468
2453677.79783 1.495
2453677.80077 1.515
2453677.80374 1.502
2453677.80669 1.539
2453677.80963 1.557
2453677.81258 1.587
2453677.81552 1.62
2453677.81846 1.616
2453677.82141 1.601
2453677.82435 1.653
2453677.82729 1.645
2453677.83024 1.645
2453677.83782 1.693
2453677.84977 1.734
2453677.85282 1.693
2453677.86197 1.621
2453677.86503 1.589
2453677.86809 1.586
2453677.87115 1.546
2453677.87728 1.502
2453677.88034 1.487
2453677.9153 1.434
2453677.91831 1.45
2453677.92131 1.436
2453677.92431 1.43
2453677.92732 1.416
2453677.93033 1.427
2453677.94414 1.428
2453677.94714 1.429
