2453680.60217 1.44
2453680.60551 1.455
2453680.60885 1.461
2453680.61219 1.452
2453680.66777 1.464
2453680.67113 1.482
2453680.67447 1.426
2453680.6778 1.438
2453680.68113 1.45
2453680.68448 1.431
2453680.68783 1.477
2453680.69117 1.448
2453680.6945 1.474
2453680.69784 1.46
2453680.70119 1.458
2453680.70453 1.463
2453680.72201 1.484
2453680.72535 1.497
2453680.73202 1.474
2453680.73535 1.447
2453680.73868 1.464
2453680.74202 1.432
2453680.74536 1.398
2453680.76953 1.453
2453680.77619 1.472
2453680.77954 1.481
2453680.79288 1.482
2453680.79622 1.466
2453680.79957 1.452
2453680.80291 1.459
2453680.82236 1.484
2453680.8257 1.488
2453680.82904 1.501
2453680.83572 1.539
2453680.83906 1.573
2453680.84239 1.537
2453680.84576 1.494
2453680.86578 1.592
2453680.87796 1.665
2453680.88124 1.681
2453680.88452 1.692
2453680.8878 1.652
2453680.89108 1.648
2453680.90092 1.66
2453680.9042 1.656
2453680.90748 1.687
2453680.91076 1.693
2453680.91404 1.668
2453680.92844 1.59
