2454247.91731 1.01
2454247.92111 1.015
2454247.92489 1.098
2454247.92867 1.056
2454247.9361 1.056
2454247.93983 1.017
2454247.94353 1.027
2454247.95097 1.024
2454247.95467 0.982
2454247.98985 0.994
2454247.99394 0.963
2454247.99762 1.025
2454248.00137 0.978
2454248.00507 1.022
2454248.00877 1.021
2454248.0125 1.04
2454248.01634 1.014
2454248.02002 1.031
2454248.0237 1.017
2454248.0497 1.038
2454248.05341 0.986
2454248.05722 1.0
2454248.06089 1.049
2454248.06455 1.061
2454248.06834 1.027
2454248.072 1.044
2454248.07567 0.986
2454248.07941 0.986
2454248.08308 1.029
2454248.08674 0.951
2454248.09052 0.933
2454248.09418 0.945
2454248.0979 0.939
2454248.10165 0.953
2454248.10531 0.974
2454248.10902 0.944
2454248.11267 0.954
2454248.11641 0.99
2454248.12006 0.979
2454248.12376 0.999
2454248.12743 1.082
2454248.13113 1.048
2454248.13495 1.012
2454248.13865 1.057
2454248.14231 1.016
2454248.14598 1.014
2454248.14963 1.058
2454248.15337 1.034
2454248.15711 1.013
2454248.16082 1.037
2454248.16447 0.995
2454248.16814 1.015
2454248.17179 1.04
2454248.17549 1.045
2454248.17915 1.046
2454248.1828 1.07
2454248.18646 1.058
2454248.19016 1.065
2454248.19382 1.094
2454248.19749 1.035
2454248.20119 1.086
2454248.20484 1.065
2454248.20851 1.002
2454248.21225 0.982
2454248.21818 0.957
2454248.22184 0.991
2454248.22556 0.98
2454248.22936 0.967
2454248.23302 1.014
2454248.23672 0.995
2454248.24043 1.01
2454248.2478 1.052
2454248.25155 1.026
2454248.25525 1.09
2454248.25898 1.047
2454248.26268 1.098
2454248.26639 1.102
2454248.26963 1.089
