2455457.87898 2.918
2455457.88173 2.99
2455457.89564 2.864
2455457.89828 2.891
2455457.91199 2.843
2455457.91463 2.697
2455457.92844 2.806
2455457.93109 2.778
2455457.94457 2.937
2455457.94721 2.858
2455457.96075 2.86
2455457.96341 2.861
2455457.97681 2.848
2455457.97946 2.79
2455457.99323 2.876
2455457.99588 2.876
2455458.00919 2.905
2455458.01183 2.857
2455458.02559 2.872
2455458.02824 2.739
2455458.04177 2.878
2455458.04441 2.705
2455458.05823 2.961
2455458.06087 2.841
2455458.08085 3.081
2455458.08348 3.081
2455458.12581 3.001
2455458.12838 3.063
2455458.14799 2.931
2455458.15056 2.892
2455458.17046 2.712
2455458.17303 2.824
2455458.1926 2.898
2455458.19519 2.848
2455458.21495 2.811
2455458.21752 2.886
2455458.22806 2.807
2455458.23063 2.802
2455458.26852 2.719
2455458.27789 2.698
2455458.28078 2.789
