2454246.88043 1.904
2454246.88351 1.852
2454246.88699 1.871
2454246.89074 1.907
2454246.89382 1.822
2454246.89781 1.817
2454246.90155 1.876
2454246.90463 1.823
2454246.90867 1.838
2454246.91254 1.862
2454246.91561 1.827
2454246.92082 1.854
2454246.9239 1.828
2454246.92698 1.839
2454246.9361 1.835
2454246.93918 1.866
2454246.94294 1.849
2454246.95118 1.83
2454246.95523 1.852
2454246.99704 1.832
2454247.00103 1.839
2454247.02383 1.817
2454247.06591 1.873
2454247.06991 1.885
2454247.08872 1.815
2454247.09272 1.768
2454247.11376 1.82
2454247.11684 1.837
2454247.16183 1.818
2454247.18126 1.89
2454247.18435 1.932
2454247.20397 1.81
2454247.20706 1.872
2454247.22678 1.782
2454247.22987 1.786
2454247.24946 1.841
