2453678.63611 0.841
2453678.63946 0.817
2453678.64281 0.824
2453678.64615 0.84
2453678.64943 0.835
2453678.65272 0.855
2453678.65602 0.881
2453678.6593 0.911
2453678.66258 0.928
2453678.66586 0.902
2453678.67243 0.9
2453678.67571 0.882
2453678.67899 0.857
2453678.68228 0.869
2453678.68937 0.919
2453678.71255 0.951
2453678.71591 0.909
2453678.71928 0.941
2453678.72263 0.884
2453678.72597 0.885
2453678.73268 0.85
2453678.73602 0.866
2453678.74327 0.812
2453678.74663 0.803
2453678.74999 0.814
2453678.75333 0.819
2453678.75667 0.847
2453678.76001 0.823
2453678.76335 0.855
2453678.77672 0.878
2453678.78005 0.904
2453678.78342 0.893
2453678.78676 0.907
2453678.7901 0.924
2453678.79738 0.888
2453678.81408 0.921
2453678.81742 0.954
2453678.82076 0.948
2453678.8241 1.013
2453678.82744 1.037
2453678.83079 1.054
2453678.83414 1.088
2453678.83748 1.111
2453678.84083 1.126
2453678.84411 1.126
2453678.85136 1.118
2453678.85805 1.101
2453678.86808 1.018
2453678.87142 0.996
2453678.87478 1.008
2453678.87813 0.984
2453678.88147 1.02
2453678.88481 1.014
2453678.88816 0.981
2453678.89486 0.97
2453678.8982 0.923
2453678.90549 0.891
2453678.90883 0.926
2453678.91217 0.91
2453678.91551 0.874
2453678.92222 0.86
2453678.93224 0.843
