2453685.55505 1.211
2453685.55769 1.188
2453685.56033 1.177
2453685.56296 1.196
2453685.56559 1.183
2453685.56821 1.204
2453685.57086 1.208
2453685.57348 1.211
2453685.57679 1.172
2453685.57942 1.212
2453685.58205 1.204
2453685.58468 1.208
2453685.5873 1.17
2453685.58993 1.183
2453685.59256 1.169
2453685.59519 1.168
2453685.59822 1.144
2453685.60085 1.146
2453685.60347 1.123
2453685.60609 1.125
2453685.60873 1.109
2453685.61135 1.102
2453685.61398 1.133
2453685.6166 1.154
2453685.6196 1.112
2453685.62223 1.117
2453685.62486 1.133
2453685.62747 1.117
2453685.63008 1.116
2453685.63269 1.146
2453685.63531 1.144
2453685.63792 1.175
2453685.64094 1.192
2453685.64356 1.193
2453685.64618 1.188
2453685.64878 1.183
2453685.65146 1.22
2453685.65407 1.175
2453685.65668 1.182
2453685.6593 1.197
2453685.6623 1.18
2453685.66491 1.178
2453685.6676 1.177
2453685.67022 1.159
2453685.67285 1.182
2453685.67547 1.166
2453685.67809 1.157
2453685.6807 1.178
2453685.68295 1.184
2453685.68626 1.197
2453685.68888 1.2
2453685.69149 1.192
2453685.69413 1.21
2453685.69674 1.188
2453685.69935 1.211
2453685.70196 1.229
2453685.70503 1.218
2453685.70766 1.247
2453685.71957 1.199
2453685.72245 1.163
2453685.72694 1.152
2453685.72981 1.16
2453685.74181 1.131
2453685.74471 1.131
2453685.7476 1.148
2453685.75127 1.161
2453685.75416 1.169
2453685.75707 1.154
2453685.75996 1.203
2453685.76261 1.187
2453685.76526 1.206
2453685.76789 1.206
2453685.77053 1.199
2453685.77356 1.201
2453685.77621 1.189
2453685.79012 1.154
2453685.80513 1.192
2453685.80777 1.19
2453685.8104 1.149
2453685.81304 1.196
2453685.81903 1.207
2453685.8358 1.204
2453685.83915 1.216
2453685.84238 1.201
