2456032.649355 +16.817
2456032.652931 +16.777
2456032.656509 +16.802
2456032.660082 +16.778
2456032.663653 +16.793
2456032.667222 +16.816
2456032.670797 +16.831
2456032.674363 +16.840
2456032.677934 +16.805
2456032.681508 +16.792
2456032.685083 +16.789
2456032.688653 +16.785
2456032.692221 +16.836
2456032.695789 +16.863
2456032.699366 +16.781
2456032.702932 +16.815
2456032.706500 +16.837
2456032.710068 +16.865
2456032.713646 +16.868
2456032.717222 +16.871
2456032.720789 +16.863
2456032.724367 +16.858
2456032.727942 +16.766
2456032.731510 +16.753
2456032.735078 +16.722
2456032.745792 +16.681
2456032.749361 +16.673
2456032.752938 +16.655
2456032.756505 +16.649
2456032.760080 +16.635
2456032.763651 +16.664
2456032.767228 +16.677
2456032.770801 +16.678
2456032.774369 +16.703
2456032.777936 +16.701
2456032.781503 +16.712
2456032.785070 +16.686
2456032.788638 +16.688
2456032.792209 +16.723
2456032.795775 +16.696
2456032.799341 +16.691
2456032.802912 +16.744
2456032.806483 +16.675
2456032.810060 +16.698
2456032.813633 +16.671
2456032.817199 +16.703
2456032.820766 +16.724
2456032.824335 +16.711
2456032.827901 +16.721
2456032.835048 +16.701
2456032.849338 +16.700
2456032.852905 +16.704
2456032.856476 +16.687
2456032.860042 +16.671
2456032.863608 +16.649
2456032.867175 +16.657
2456032.870751 +16.639
2456032.874319 +16.626
2456032.877895 +16.664
2456032.888614 +16.659
2456032.892189 +16.703
2456032.895756 +16.671
2456032.899329 +16.685
2456032.902897 +16.652
2456032.906464 +16.678
2456032.910040 +16.695
2456032.913612 +16.688
2456032.917180 +16.694
2456032.920756 +16.702
2456032.924323 +16.681
2456032.927891 +16.670
2456032.935032 +16.682
2456032.938598 +16.669
2456032.942165 +16.700
2456032.949306 +16.644
2456032.952873 +16.680
2456032.956439 +16.695
2456032.960010 +16.666
2456032.967150 +16.718
2456032.974293 +16.665
2456032.977859 +16.698
2456032.981434 +16.654
