2454556.88169 0.818
2454556.88539 0.831
2454556.8891 0.836
2454556.89279 0.867
2454556.8965 0.862
2454556.9002 0.891
2454556.9039 0.898
2454556.9076 0.902
2454556.9113 0.938
2454556.91498 0.976
2454556.91872 1.016
2454556.92239 1.021
2454556.92607 1.007
2454556.92975 1.0
2454556.93344 1.033
2454556.93711 0.965
2454556.94081 0.972
2454556.94452 0.928
2454556.9482 0.938
2454556.9519 0.922
2454556.95562 0.897
2454556.9593 0.849
2454556.96298 0.846
2454556.96669 0.844
2454556.97039 0.846
2454556.97411 0.832
2454556.97784 0.821
2454556.98157 0.82
2454556.98526 0.787
2454556.98896 0.816
2454556.99268 0.773
2454556.99637 0.816
2454557.00008 0.833
2454557.00376 0.863
2454557.00746 0.866
2454557.01116 0.878
2454557.01487 0.872
2454557.01856 0.873
2454557.02225 0.86
2454557.05493 0.806
2454557.05862 0.815
2454557.06247 0.846
2454557.07052 0.759
2454557.07421 0.782
2454557.07789 0.791
2454557.08157 0.817
2454557.08527 0.831
2454557.08895 0.826
2454557.09264 0.825
2454557.09631 0.821
2454557.10008 0.816
2454557.10376 0.845
2454557.10744 0.825
2454557.11112 0.815
2454557.11484 0.842
2454557.11853 0.84
2454557.12221 0.835
2454557.12593 0.8
2454557.12961 0.772
2454557.1333 0.808
2454557.13698 0.761
2454557.14065 0.844
2454557.14435 0.791
2454557.14803 0.802
2454557.1518 0.777
2454557.15548 0.812
2454557.15918 0.781
2454557.16286 0.79
2454557.16655 0.793
2454557.17024 0.776
2454557.17392 0.784
2454557.17763 0.765
2454557.18136 0.751
2454557.18504 0.797
2454557.18872 0.753
2454557.19241 0.746
2454557.19609 0.769
2454557.19978 0.765
2454557.20346 0.758
2454557.20717 0.798
2454557.21088 0.798
2454557.21465 0.8
2454557.21833 0.809
2454557.22202 0.796
2454557.22569 0.781
2454557.22947 0.911
2454557.23327 0.839
2454557.23699 0.876
2454557.24435 0.875
