2454561.87476 1.539
2454561.87829 1.5
2454561.88183 1.532
2454561.88536 1.516
2454561.8889 1.51
2454561.89243 1.507
2454561.89597 1.511
2454561.8995 1.521
2454561.90304 1.551
2454561.90658 1.58
2454561.91012 1.556
2454561.91365 1.508
2454561.9172 1.524
2454561.92073 1.507
2454561.92427 1.519
2454561.92781 1.575
2454561.93134 1.586
2454561.93488 1.572
2454561.93841 1.56
2454561.94195 1.549
2454561.94549 1.522
2454561.94902 1.516
2454561.95256 1.528
2454561.95609 1.487
2454561.95963 1.473
2454561.96317 1.471
2454561.9667 1.494
2454561.97024 1.51
2454561.97378 1.525
2454561.97732 1.54
2454561.98086 1.546
2454561.9844 1.572
2454561.98794 1.585
2454561.99147 1.587
2454561.995 1.568
2454561.99854 1.6
2454562.00208 1.601
2454562.00562 1.531
2454562.00915 1.542
2454562.0708 1.544
2454562.07449 1.554
2454562.07816 1.578
2454562.08181 1.571
2454562.08548 1.574
2454562.08917 1.571
2454562.09289 1.588
2454562.09656 1.634
2454562.10023 1.615
2454562.10389 1.607
2454562.10756 1.63
2454562.11122 1.678
2454562.11489 1.651
2454562.12083 1.681
2454562.1245 1.723
2454562.12816 1.736
2454562.13182 1.748
2454562.13548 1.788
2454562.13915 1.767
2454562.14281 1.779
2454562.14648 1.852
2454562.15015 1.844
2454562.15382 1.889
2454562.15748 1.796
2454562.16114 1.767
2454562.16483 1.779
2454562.16854 1.709
2454562.17221 1.658
2454562.17592 1.679
2454562.17958 1.662
2454562.18326 1.604
2454562.18694 1.621
2454562.19065 1.609
2454562.19432 1.635
2454562.19807 1.602
2454562.20173 1.601
2454562.20547 1.587
2454562.20918 1.597
2454562.21284 1.624
2454562.21651 1.628
2454562.22018 1.634
