2455562.64351 17.661
2455562.64461 17.744
2455562.64546 17.76
2455562.64631 17.724
2455562.64715 17.696
2455562.64807 17.742
2455562.64892 17.64
2455562.64977 17.682
2455562.65061 17.689
2455562.65146 17.638
2455562.6523 17.648
2455562.65315 17.713
2455562.65399 17.667
2455562.65484 17.664
2455562.65568 17.748
2455562.65653 17.651
2455562.65738 17.675
2455562.65823 17.687
2455562.65992 17.739
2455562.66076 17.683
2455562.66161 17.727
2455562.66245 17.63
2455562.6633 17.63
2455562.66414 17.66
2455562.66499 17.77
2455562.66583 17.788
2455562.66668 17.768
2455562.66752 17.643
2455562.66837 17.757
2455562.66921 17.639
2455562.67006 17.698
2455562.6709 17.612
2455562.67175 17.64
2455562.67259 17.601
2455562.67344 17.68
2455562.67428 17.698
2455562.67513 17.645
2455562.67597 17.649
2455562.67683 17.744
2455562.67767 17.72
2455562.67852 17.814
2455562.68697 17.705
2455562.68781 17.703
2455562.68866 17.615
2455562.6895 17.769
2455562.69035 17.725
2455562.69119 17.776
2455562.69204 17.666
2455562.69288 17.77
2455562.69373 17.671
2455562.69457 17.687
2455562.69542 17.755
2455562.69627 17.757
2455562.69712 17.687
2455562.69796 17.661
2455562.69881 17.722
2455562.69965 17.742
2455562.7005 17.703
2455562.70134 17.699
2455562.70219 17.743
2455562.70303 17.692
2455562.70388 17.698
2455562.70472 17.724
2455562.70557 17.71
2455562.70641 17.694
2455562.70726 17.73
2455562.7081 17.655
2455562.70895 17.677
2455562.70979 17.771
2455562.71064 17.727
2455562.71148 17.777
2455562.71233 17.684
2455562.71317 17.686
2455562.71402 17.636
2455562.71486 17.689
2455562.71571 17.688
2455562.71655 17.694
2455562.7174 17.597
2455562.71824 17.691
2455562.72416 17.705
2455562.725 17.709
2455562.72585 17.68
2455562.72669 17.689
2455562.72754 17.679
2455562.72838 17.688
2455562.72923 17.601
2455562.73007 17.62
2455562.73091 17.732
2455562.73176 17.753
2455562.7326 17.755
2455562.73345 17.732
2455562.73429 17.668
2455562.73598 17.74
2455562.73683 17.678
2455562.73767 17.753
2455562.73852 17.713
2455562.73936 17.677
2455562.74021 17.645
2455562.74107 17.658
2455562.74191 17.668
2455562.74951 17.684
2455562.7512 17.664
2455562.75205 17.688
2455562.75289 17.617
2455562.75374 17.683
2455562.75458 17.665
2455562.75543 17.622
2455562.75627 17.732
2455562.75712 17.753
2455562.75796 17.805
2455562.75881 17.758
2455562.75965 17.719
2455562.7605 17.746
2455562.76134 17.643
2455562.76219 17.689
2455562.76303 17.666
2455562.76388 17.7
2455562.76472 17.673
2455562.77064 17.692
2455562.77148 17.76
2455562.77233 17.69
2455562.77317 17.741
2455562.77402 17.811
2455562.77486 17.75
2455562.77571 17.765
2455562.77655 17.692
2455562.7774 17.783
2455562.77824 17.7
2455562.77909 17.766
2455562.77993 17.658
2455562.78078 17.7
2455562.79051 17.687
2455562.79145 17.641
2455562.79238 17.676
2455562.79331 17.731
2455562.79425 17.731
2455562.79519 17.703
2455562.79611 17.767
2455562.79704 17.728
2455562.79798 17.738
2455562.79891 17.778
2455562.79985 17.738
2455562.80079 17.722
2455562.80173 17.742
2455562.80266 17.66
2455562.80359 17.732
2455562.80453 17.713
2455562.80545 17.701
2455562.80639 17.735
2455562.80733 17.723
2455562.80826 17.649
2455562.80921 17.673
2455562.81015 17.759
2455562.81109 17.665
2455562.81203 17.671
2455562.81296 17.638
2455562.81951 17.683
2455562.82605 17.598
2455562.82698 17.651
2455562.82792 17.68
2455562.82885 17.692
2455562.82979 17.668
2455562.83072 17.655
2455562.83166 17.66
2455562.83259 17.722
2455562.83353 17.703
2455562.83447 17.664
2455562.83541 17.62
2455562.83634 17.643
2455562.83728 17.673
2455562.83822 17.671
2455562.83916 17.645
2455562.84009 17.725
2455562.84103 17.635
2455562.84197 17.626
2455562.84291 17.651
2455562.84383 17.653
2455562.84477 17.683
2455562.84569 17.684
2455562.84663 17.675
2455562.84757 17.685
2455562.84851 17.675
2455562.84944 17.665
2455562.85037 17.61
2455562.85131 17.706
2455562.85225 17.677
2455562.85317 17.673
2455562.85411 17.758
2455562.85505 17.662
2455562.85598 17.637
2455562.85692 17.708
2455562.85786 17.657
2455562.85879 17.679
2455562.85972 17.705
2455562.86066 17.69
2455562.86159 17.666
2455562.86252 17.668
2455562.86346 17.703
2455562.8644 17.701
2455562.86534 17.699
2455562.86627 17.718
2455562.86721 17.627
2455562.86815 17.711
2455562.86909 17.774
2455562.87001 17.67
2455562.87095 17.67
2455562.87189 17.67
2455562.87282 17.685
2455562.87376 17.687
2455562.87469 17.647
2455562.87561 17.679
2455562.87655 17.633
2455562.87749 17.699
2455562.87843 17.65
2455562.87936 17.652
2455562.88029 17.741
2455562.88123 17.679
2455562.88215 17.667
2455562.88309 17.673
2455562.8887 17.636
2455562.88964 17.647
2455562.89058 17.698
2455562.89152 17.694
2455562.89245 17.688
2455562.89339 17.633
2455562.89433 17.645
2455562.89527 17.703
2455562.8962 17.751
2455562.89714 17.652
2455562.89808 17.643
2455562.89902 17.666
2455562.89995 17.606
2455562.90089 17.642
2455562.90183 17.632
2455562.90277 17.566
2455562.90558 17.653
2455562.90651 17.718
2455562.90744 17.632
2455562.90838 17.674
2455562.90932 17.644
2455562.91026 17.698
2455562.91119 17.697
2455562.91213 17.68
2455562.91307 17.642
2455562.91682 17.72
2455562.91776 17.636
2455562.91869 17.611
2455562.91963 17.732
2455562.92056 17.702
2455562.92149 17.72
2455562.92243 17.718
