2455563.5974 17.428
2455563.5996 17.505
2455563.60198 17.533
2455563.60425 17.498
2455563.60644 17.477
2455563.60864 17.432
2455563.61083 17.449
2455563.61303 17.486
2455563.61523 17.504
2455563.61742 17.492
2455563.61961 17.52
2455563.62181 17.503
2455563.62401 17.493
2455563.6262 17.515
2455563.6284 17.399
2455563.63059 17.478
2455563.63279 17.489
2455563.63498 17.485
2455563.64156 17.515
2455563.64376 17.537
2455563.64596 17.506
2455563.64815 17.449
2455563.65034 17.435
2455563.65254 17.437
2455563.65474 17.49
2455563.65693 17.49
2455563.65912 17.45
2455563.66132 17.443
2455563.66352 17.5
2455563.66571 17.524
2455563.66791 17.444
2455563.6701 17.47
2455563.6723 17.496
2455563.68108 17.49
2455563.68327 17.509
2455563.68547 17.48
2455563.68767 17.529
2455563.68986 17.477
2455563.69205 17.463
2455563.69425 17.462
2455563.69644 17.454
2455563.69863 17.485
2455563.70083 17.483
2455563.70318 17.486
2455563.70538 17.475
2455563.70758 17.515
2455563.70977 17.503
2455563.71196 17.499
2455563.71416 17.457
2455563.71635 17.501
2455563.71854 17.541
2455563.72074 17.498
2455563.72293 17.528
2455563.72535 17.488
2455563.72754 17.459
2455563.72974 17.512
2455563.73193 17.497
2455563.73412 17.503
2455563.73632 17.496
2455563.73851 17.442
2455563.74071 17.493
2455563.7429 17.434
2455563.74509 17.394
2455563.75127 17.47
2455563.75346 17.481
2455563.75566 17.454
2455563.75784 17.463
2455563.76004 17.494
2455563.76663 17.504
2455563.76882 17.467
2455563.77102 17.457
2455563.7749 17.472
2455563.77709 17.486
2455563.77928 17.477
2455563.78148 17.494
2455563.78367 17.519
2455563.79026 17.494
2455563.79465 17.456
2455563.79714 17.469
2455563.79934 17.478
2455563.80153 17.484
2455563.80591 17.428
2455563.80811 17.498
2455563.8103 17.48
2455563.81249 17.457
2455563.81469 17.443
2455563.81689 17.461
2455563.81908 17.482
2455563.82127 17.463
2455563.82347 17.489
2455563.82566 17.477
2455563.82785 17.508
2455563.83005 17.532
2455563.83224 17.472
2455563.83445 17.499
2455563.83664 17.461
2455563.83884 17.486
2455563.84408 17.511
2455563.84627 17.504
2455563.84847 17.477
2455563.85067 17.517
2455563.85286 17.504
2455563.85505 17.483
2455563.85725 17.49
2455563.85944 17.464
2455563.86163 17.454
2455563.86393 17.502
2455563.86613 17.56
2455563.86832 17.546
2455563.87051 17.475
2455563.8727 17.433
2455563.8749 17.446
2455563.87709 17.445
2455563.87928 17.491
2455563.88147 17.48
2455563.88367 17.495
2455563.88586 17.468
2455563.88805 17.44
2455563.89463 17.482
2455563.89682 17.484
2455563.89902 17.466
2455563.90121 17.457
2455563.90341 17.47
2455563.9056 17.482
2455563.90798 17.475
2455563.91017 17.501
2455563.91236 17.558
2455563.91456 17.508
2455563.91675 17.483
2455563.91894 17.479
2455563.92114 17.472
2455563.92333 17.439
2455563.92552 17.516
2455563.92772 17.539
2455563.92991 17.502
2455563.9321 17.506
2455563.93429 17.48
2455563.93649 17.457
