2454827.53755 2.528
2454827.54055 2.447
2454827.54356 2.474
2454827.54658 2.444
2454827.54958 2.406
2454827.55259 2.448
2454827.5556 2.42
2454827.56162 2.411
2454827.5717 2.426
2454827.5747 2.46
2454827.59276 2.509
2454827.5958 2.502
2454827.60057 2.462
2454827.60356 2.448
2454827.62461 2.474
2454827.6317 2.494
2454827.63471 2.513
2454827.67794 2.406
2454827.68095 2.413
2454827.68396 2.38
2454827.68696 2.396
2454827.68997 2.453
2454827.69405 2.426
2454827.69706 2.447
2454827.70307 2.489
2454827.72736 2.514
2454827.73637 2.428
2454827.74644 2.431
2454827.75547 2.383
2454827.75847 2.409
2454827.76147 2.403
2454827.76448 2.416
2454827.76749 2.395
2454827.77049 2.362
2454827.77758 2.385
2454827.78059 2.47
2454827.7866 2.498
2454827.7896 2.482
2454827.79562 2.471
2454827.79863 2.426
2454827.80163 2.457
2454827.85623 2.414
2454827.85925 2.433
2454827.86225 2.425
2454827.86525 2.386
2454827.88134 2.388
2454827.88435 2.355
2454827.92754 2.487
2454827.93767 2.467
2454827.94067 2.461
2454827.94368 2.431
2454827.9497 2.374
2454827.95271 2.367
2454827.95874 2.383
2454827.96885 2.447
2454827.97186 2.433
2454827.97486 2.46
2454827.97788 2.416
2454827.98089 2.466
2454827.9839 2.487
