2454821.55732 2.759
2454821.56033 2.768
2454821.56334 2.793
2454821.56635 2.75
2454821.56937 2.791
2454821.59113 2.67
2454821.59414 2.654
2454821.62836 2.587
2454821.63137 2.576
2454821.63738 2.629
2454821.64038 2.652
2454821.64939 2.687
2454821.70535 2.653
2454821.70836 2.656
2454821.71246 2.646
2454821.71549 2.592
2454821.71849 2.586
2454821.7215 2.579
2454821.72752 2.572
2454821.73053 2.593
2454821.73656 2.57
2454821.74666 2.602
2454821.74966 2.639
2454821.75267 2.712
2454821.75566 2.761
2454821.76168 2.752
2454821.76769 2.776
2454821.80601 2.647
2454821.80901 2.673
2454821.81202 2.624
2454821.82707 2.61
2454821.83008 2.635
2454821.83308 2.647
2454821.85525 2.703
2454821.85826 2.665
2454821.86127 2.67
2454821.92487 2.564
2454821.93869 2.62
2454821.94171 2.658
2454821.94772 2.7
2454821.9635 2.767
2454821.96651 2.812
2454821.97256 2.835
2454821.97558 2.775
2454821.99064 2.702
