2456203.58533 17.002
2456203.58896 16.988
2456203.59259 16.992
2456203.59623 17.06
2456203.62285 17.084
2456203.62648 17.125
2456203.63011 17.066
2456203.63375 17.08
2456203.63738 17.032
2456203.64835 17.017
2456203.65202 17.03
2456203.66474 17.069
2456203.66843 17.097
2456203.67212 17.119
2456203.67579 17.103
2456203.69421 17.163
2456203.71425 17.032
2456203.72527 17.036
2456203.72895 17.069
2456203.73264 17.067
2456203.73635 17.044
2456203.74853 17.04
2456203.77065 17.014
2456203.77433 17.032
2456203.78649 17.033
2456203.79015 17.049
2456203.79382 17.108
2456203.80487 17.097
2456203.80857 17.089
2456203.8159 17.081
2456203.81958 17.085
2456203.83225 17.02
