2456189.63528 17.0
2456189.63822 17.012
2456189.64116 17.019
2456189.64411 17.016
2456189.65203 16.986
2456189.67555 17.015
2456189.6785 16.995
2456189.6867 16.942
2456189.68965 16.975
2456189.70432 16.933
2456189.70726 16.915
2456189.71019 16.942
2456189.71313 16.967
2456189.75363 16.974
2456189.75657 16.975
2456189.75951 16.958
2456189.76244 16.99
2456189.76538 16.975
2456189.76833 16.962
2456189.77128 16.958
2456189.7742 16.965
2456189.77714 16.964
2456189.78008 16.982
2456189.80209 16.931
2456189.80503 16.952
2456189.80797 16.956
2456189.82147 16.973
2456189.83323 16.988
2456189.83617 17.007
2456189.86434 16.978
2456189.86728 16.957
2456189.87023 16.978
2456189.87317 16.979
2456189.87611 16.976
2456189.87904 17.007
2456189.88198 17.005
