2456185.61644 16.984
2456185.64964 16.995
2456185.66268 16.995
2456185.66562 16.993
2456185.69033 17.063
2456185.69326 17.07
2456185.69619 17.056
2456185.69913 16.995
2456185.70207 16.965
2456185.70502 16.937
2456185.70795 16.939
2456185.7109 16.918
2456185.71383 16.944
2456185.71676 16.939
2456185.72979 16.917
2456185.73271 16.933
2456185.73858 16.937
2456185.74152 16.972
2456185.74446 16.979
2456185.74739 16.989
2456185.75034 16.978
2456185.75723 16.967
2456185.76017 16.96
2456185.7631 16.95
2456185.76605 16.973
2456185.76899 16.923
2456185.77194 16.961
2456185.77488 16.962
2456185.78075 16.974
2456185.79034 16.984
2456185.79621 16.961
2456185.81386 17.026
2456185.8168 16.973
2456185.82355 16.951
2456185.82649 16.948
2456185.83237 16.933
2456185.83531 16.97
2456185.83825 16.991
2456185.84119 16.981
2456185.84413 16.963
2456185.84706 16.925
2456185.85 16.934
2456185.85667 16.977
2456185.86257 17.012
2456185.86844 16.97
2456185.87137 16.973
2456185.87433 16.966
2456185.87727 16.934
2456185.8802 16.947
2456185.89027 16.929
2456185.89322 16.939
2456185.90498 16.989
