2456249.55041 16.312
2456249.55338 16.345
2456249.55637 16.388
2456249.55934 16.369
2456249.56231 16.322
2456249.5653 16.219
2456249.56828 16.165
2456249.5762 16.056
2456249.57917 16.078
2456249.58215 16.073
2456249.58513 16.087
2456249.59107 16.127
2456249.59404 16.139
2456249.59701 16.14
2456249.59998 16.162
2456249.60296 16.168
2456249.60994 16.26
2456249.61292 16.244
2456249.61588 16.272
2456249.61885 16.291
2456249.62182 16.307
2456249.6248 16.344
2456249.62776 16.346
2456249.63075 16.275
2456249.63372 16.223
2456249.63669 16.167
2456249.64372 16.111
2456249.6467 16.071
2456249.64967 16.108
2456249.65264 16.102
2456249.65561 16.127
2456249.65858 16.145
2456249.66155 16.182
2456249.66453 16.166
2456249.66749 16.207
2456249.67046 16.224
2456249.67748 16.293
2456249.68045 16.318
2456249.68343 16.34
2456249.68639 16.359
2456249.68936 16.334
2456249.69233 16.289
2456249.6953 16.217
2456249.69827 16.14
2456249.70124 16.079
2456249.71314 16.086
2456249.71612 16.12
2456249.71909 16.138
2456249.72205 16.145
2456249.72503 16.153
2456249.728 16.178
2456249.74873 16.351
2456249.75169 16.352
2456249.75466 16.343
2456249.75763 16.309
2456249.76358 16.197
2456249.76655 16.156
2456249.76952 16.102
2456249.77249 16.094
2456249.77546 16.072
2456249.79871 16.246
2456249.80168 16.269
2456249.80465 16.3
2456249.80762 16.327
2456249.81061 16.343
2456249.81977 16.255
2456249.82275 16.197
2456249.82571 16.15
2456249.83467 16.101
2456249.83765 16.106
2456249.84062 16.104
2456249.8436 16.149
2456249.84656 16.149
2456249.85357 16.178
2456249.85653 16.177
2456249.8595 16.189
2456249.86247 16.185
2456249.86546 16.226
2456249.86843 16.24
2456249.87141 16.276
2456249.87437 16.333
2456249.90693 16.096
2456249.90991 16.105
2456249.91289 16.13
2456249.92531 16.23
2456249.92829 16.243
