2455677.65882 16.737
2455677.66199 16.719
2455677.66513 16.599
2455677.66827 16.543
2455677.67143 16.496
2455677.67653 16.477
2455677.67969 16.445
2455677.68282 16.453
2455677.68596 16.483
2455677.68911 16.539
2455677.69225 16.521
2455677.6954 16.531
2455677.69853 16.546
2455677.70164 16.526
2455677.7048 16.554
2455677.70793 16.628
2455677.71106 16.597
2455677.7142 16.631
2455677.71733 16.659
2455677.72045 16.668
2455677.72358 16.775
2455677.72672 16.775
2455677.73149 16.625
2455677.73462 16.496
2455677.74718 16.479
2455677.75031 16.489
2455677.75344 16.402
2455677.75659 16.5
2455677.75975 16.485
2455677.76288 16.552
2455677.76603 16.539
2455677.76915 16.606
2455677.77228 16.584
2455677.7754 16.592
2455677.77854 16.627
2455677.78169 16.658
2455677.78628 16.677
2455677.79257 16.665
2455677.79573 16.514
2455677.79886 16.494
2455677.80202 16.478
2455677.80517 16.439
2455677.80833 16.422
2455677.81148 16.416
2455677.81462 16.469
2455677.81777 16.431
2455677.8209 16.514
2455677.82403 16.494
2455677.82719 16.505
2455677.83034 16.544
2455677.83345 16.602
2455677.83658 16.562
2455677.84119 16.596
2455677.8443 16.672
2455677.84744 16.709
2455677.8506 16.782
2455677.85375 16.753
2455677.85689 16.684
2455677.86002 16.605
2455677.86316 16.517
2455677.86629 16.485
2455677.86942 16.464
2455677.8757 16.405
2455677.87884 16.412
2455677.88197 16.438
2455677.88511 16.474
2455677.88825 16.55
2455677.89137 16.529
2455677.89602 16.629
2455677.89917 16.629
2455677.90232 16.628
2455677.90548 16.672
2455677.90862 16.685
2455677.91177 16.683
2455677.91493 16.722
2455677.91807 16.685
2455677.92121 16.649
2455677.92436 16.544
2455677.9275 16.526
2455677.93064 16.467
2455677.93375 16.438
2455677.93688 16.437
2455677.94 16.456
2455677.94313 16.509
2455677.94626 16.496
2455677.9474 16.544
2455677.95098 16.519
2455677.95211 16.485
2455677.95326 16.562
2455677.9544 16.496
2455677.95553 16.533
2455677.95667 16.524
2455677.95781 16.566
2455677.96737 16.623
2455677.96851 16.612
2455677.96965 16.609
2455677.97079 16.631
2455677.97193 16.645
2455677.97307 16.656
2455677.97421 16.612
