2455676.663 16.409
2455676.66934 16.448
2455676.67247 16.464
2455676.67755 16.544
2455676.6807 16.561
2455676.68391 16.626
2455676.68707 16.615
2455676.69022 16.595
2455676.69333 16.625
2455676.69646 16.621
2455676.6996 16.746
2455676.70273 16.801
2455676.70899 16.733
2455676.71212 16.515
2455676.72465 16.407
2455676.72782 16.472
2455676.73258 16.484
2455676.7357 16.53
2455676.73883 16.493
2455676.74196 16.562
2455676.7451 16.588
2455676.74826 16.605
2455676.7514 16.572
2455676.75456 16.624
2455676.7577 16.671
2455676.76085 16.682
2455676.76399 16.704
2455676.76712 16.665
2455676.77025 16.657
2455676.77337 16.619
2455676.7765 16.513
2455676.77963 16.49
2455676.78279 16.506
2455676.78739 16.474
2455676.79054 16.47
2455676.79369 16.492
2455676.79684 16.495
2455676.79998 16.519
2455676.80311 16.533
2455676.80625 16.541
2455676.80939 16.532
2455676.81253 16.589
2455676.81569 16.594
2455676.81883 16.636
2455676.82197 16.608
2455676.82509 16.71
2455676.82822 16.737
2455676.83138 16.745
2455676.83453 16.682
2455676.83764 16.607
2455676.84224 16.56
2455676.84537 16.5
2455676.8485 16.469
2455676.85164 16.482
2455676.85481 16.441
2455676.85794 16.479
2455676.86106 16.495
2455676.86418 16.495
2455676.86731 16.523
2455676.87043 16.533
2455676.87354 16.563
2455676.87666 16.575
2455676.87981 16.627
2455676.88293 16.635
2455676.88606 16.639
2455676.8892 16.689
2455676.89235 16.679
2455676.89703 16.675
2455676.90018 16.62
2455676.9033 16.511
2455676.90644 16.464
2455676.90956 16.467
2455676.91267 16.456
2455676.9158 16.437
2455676.91897 16.494
2455676.9221 16.489
2455676.92522 16.469
2455676.92838 16.517
2455676.93154 16.489
2455676.93466 16.536
2455676.93779 16.533
2455676.94091 16.566
2455676.94405 16.54
2455676.94717 16.611
2455676.95041 16.632
2455676.95155 16.712
2455676.96221 16.714
2455676.96335 16.683
2455676.9645 16.605
2455676.96564 16.644
2455676.96678 16.588
2455676.96792 16.603
2455676.96905 16.564
2455676.97019 16.604
2455676.97133 16.566
2455676.97247 16.549
2455676.97361 16.524
2455676.97474 16.503
2455676.97589 16.543
2455676.97703 16.485
2455676.97817 16.435
2455676.97932 16.439
2455676.98046 16.474
2455676.9816 16.476
2455676.98274 16.433
2455676.98388 16.429
2455676.98502 16.444
2455676.98616 16.47
2455676.9873 16.432
2455676.98844 16.483
2455676.98958 16.518
2455676.99072 16.515
