2456248.56642 16.142
2456248.5694 16.136
2456248.57237 16.219
2456248.57534 16.223
2456248.57831 16.193
2456248.58128 16.251
2456248.58425 16.219
2456248.58722 16.215
2456248.5902 16.211
2456248.59316 16.275
2456248.60016 16.352
2456248.60313 16.384
2456248.6061 16.36
2456248.60907 16.359
2456248.61204 16.238
2456248.61502 16.228
2456248.61799 16.13
2456248.62097 16.142
2456248.62393 16.09
2456248.6269 16.106
2456248.63393 16.133
2456248.6369 16.143
2456248.63987 16.146
2456248.64284 16.202
2456248.64581 16.194
2456248.6488 16.245
2456248.65177 16.243
2456248.65474 16.286
2456248.6577 16.275
2456248.66067 16.342
2456248.67131 16.27
2456248.67428 16.246
2456248.67725 16.184
2456248.68023 16.152
2456248.6832 16.097
2456248.68617 16.111
2456248.68915 16.091
2456248.69212 16.088
2456248.6951 16.113
2456248.70226 16.202
2456248.70523 16.218
2456248.70821 16.192
2456248.71118 16.237
2456248.71416 16.232
2456248.71713 16.236
2456248.72011 16.31
2456248.72308 16.29
2456248.72605 16.338
2456248.72902 16.371
2456248.73597 16.357
2456248.73894 16.295
2456248.74191 16.239
2456248.74488 16.185
2456248.74786 16.146
2456248.75082 16.117
2456248.75379 16.1
2456248.75677 16.069
2456248.76272 16.131
2456248.76977 16.228
2456248.77275 16.189
2456248.77572 16.267
2456248.77869 16.279
2456248.78166 16.293
2456248.78463 16.348
2456248.7876 16.356
2456248.79057 16.377
2456248.79354 16.416
2456248.8036 16.23
2456248.80657 16.197
2456248.80954 16.186
2456248.81251 16.092
2456248.8155 16.115
2456248.81846 16.108
2456248.82143 16.149
2456248.8244 16.177
2456248.82737 16.169
2456248.83034 16.175
2456248.83732 16.202
2456248.8403 16.195
2456248.84327 16.228
2456248.84624 16.293
2456248.84922 16.264
2456248.85219 16.351
2456248.85517 16.357
2456248.85814 16.422
2456248.8611 16.374
2456248.86409 16.369
2456248.87272 16.182
2456248.8757 16.138
2456248.87867 16.141
2456248.88164 16.083
2456248.88462 16.123
2456248.89056 16.105
2456248.89949 16.2
2456248.91608 16.337
2456248.91905 16.374
2456248.92203 16.399
2456248.92501 16.397
2456248.92799 16.346
2456248.93097 16.315
2456248.93394 16.231
