2455039.72557 15.691
2455039.72921 15.657
2455039.73288 15.649
2455039.73654 15.65
2455039.7402 15.665
2455039.74384 15.647
2455039.74749 15.656
2455039.75113 15.685
2455039.75478 15.678
2455039.75843 15.7
2455039.76208 15.698
2455039.76573 15.692
2455039.76939 15.691
2455039.77307 15.69
2455039.77675 15.695
2455039.78042 15.683
2455039.78407 15.699
2455039.78773 15.716
2455039.79138 15.693
2455039.79504 15.665
2455039.79868 15.674
2455039.80234 15.69
2455039.806 15.68
2455039.80965 15.659
2455039.81332 15.666
2455039.81698 15.671
2455039.82067 15.679
2455039.82435 15.686
2455039.82801 15.703
2455039.83167 15.658
2455039.83535 15.665
2455039.83902 15.67
2455039.84269 15.658
2455039.84635 15.647
2455039.85 15.649
2455039.85365 15.649
2455039.8573 15.683
2455039.86096 15.683
2455039.86462 15.708
2455039.86561 15.697
2455039.86661 15.677
2455039.86759 15.702
2455039.86859 15.688
2455039.86958 15.696
2455039.87058 15.681
2455039.87157 15.69
2455039.87258 15.701
2455039.87357 15.69
2455039.87456 15.686
2455039.87556 15.71
2455039.87655 15.689
2455039.87755 15.709
2455039.87854 15.687
2455039.87954 15.684
2455039.88053 15.679
2455039.88153 15.689
2455039.88252 15.698
2455039.88352 15.694
2455039.88451 15.68
2455039.8855 15.678
2455039.88649 15.699
2455039.88749 15.698
2455039.88848 15.702
2455039.88948 15.707
2455039.89048 15.703
2455039.89147 15.697
2455039.89245 15.69
2455039.89345 15.692
2455039.89444 15.696
2455039.89544 15.685
2455039.89642 15.698
2455039.89742 15.704
2455039.89841 15.7
2455039.89941 15.686
2455039.90041 15.698
2455039.9014 15.686
2455039.9024 15.682
2455039.90339 15.708
2455039.90439 15.693
2455039.90538 15.702
2455039.90637 15.709
2455039.90936 15.683
2455039.91036 15.668
2455039.91134 15.667
2455039.91234 15.679
2455039.91332 15.66
2455039.91432 15.663
2455039.91531 15.671
2455039.91631 15.672
2455039.9173 15.663
2455039.9183 15.665
2455039.91929 15.67
2455039.92029 15.688
2455039.92127 15.664
2455039.92227 15.684
2455039.92326 15.689
2455039.92426 15.71
2455039.92526 15.692
2455039.92625 15.683
2455039.92723 15.687
2455039.92923 15.705
2455039.93022 15.695
2455039.93122 15.689
2455039.93221 15.684
2455039.93321 15.699
2455039.93419 15.672
2455039.93517 15.668
2455039.93617 15.675
2455039.93715 15.666
2455039.93914 15.675
2455039.94014 15.658
2455039.94113 15.655
2455039.94213 15.692
2455039.94909 15.683
