2456297.54187 16.673
2456297.54486 16.65
2456297.55086 16.723
2456297.55687 16.744
2456297.56587 16.938
2456297.56887 17.007
2456297.57678 16.99
2456297.59178 16.909
2456297.59778 16.886
2456297.60078 16.858
2456297.60378 16.756
2456297.61171 16.714
2456297.62073 16.629
2456297.62372 16.688
2456297.62672 16.694
2456297.62972 16.734
2456297.63271 16.773
2456297.63571 16.839
2456297.63871 16.89
2456297.64954 16.973
2456297.65254 16.995
2456297.65553 16.928
2456297.65854 16.981
2456297.66152 16.933
2456297.66452 16.868
2456297.66753 16.85
2456297.67353 16.837
2456297.6812 16.694
2456297.68419 16.697
2456297.68718 16.659
2456297.69018 16.68
2456297.69318 16.657
2456297.69618 16.731
2456297.69916 16.728
2456297.70216 16.739
2456297.70515 16.817
2456297.70815 16.829
2456297.71584 16.962
2456297.71884 16.986
2456297.72781 16.972
2456297.7308 16.972
2456297.73381 17.01
2456297.73681 16.991
2456297.73981 16.932
2456297.74281 16.859
2456297.75079 16.779
2456297.75378 16.761
2456297.75677 16.713
2456297.76875 16.686
2456297.77176 16.696
2456297.77475 16.67
2456297.77776 16.724
2456297.80969 16.902
2456297.8127 16.959
2456297.82601 16.736
2456297.82901 16.753
2456297.83501 16.637
2456297.83801 16.636
2456297.84101 16.7
2456297.85804 16.885
2456297.86104 16.957
2456297.86405 17.024
2456297.89884 16.846
2456297.90482 16.738
2456297.90784 16.759
2456297.92478 16.803
2456297.92778 16.78
2456297.93379 16.904
2456297.93678 16.99
2456297.9398 17.018
2456297.9428 17.039
