2456274.56393 16.57
2456274.56689 16.594
2456274.56986 16.565
2456274.58176 16.681
2456274.63826 16.639
2456274.64123 16.631
2456274.6442 16.672
2456274.64717 16.656
2456274.65014 16.601
2456274.65311 16.635
2456274.65608 16.599
2456274.65906 16.601
2456274.66616 16.564
2456274.66913 16.562
2456274.67211 16.576
2456274.67508 16.554
2456274.67805 16.541
2456274.684 16.523
2456274.68997 16.534
2456274.69294 16.549
2456274.71925 16.645
2456274.72222 16.656
2456274.72521 16.68
2456274.72818 16.627
2456274.7374 16.605
2456274.74037 16.571
2456274.74334 16.567
2456274.74631 16.565
2456274.74928 16.566
2456274.75225 16.575
2456274.77299 16.644
2456274.77894 16.64
2456274.78192 16.653
2456274.7938 16.621
2456274.79677 16.637
2456274.79975 16.611
2456274.80787 16.536
2456274.81086 16.469
2456274.81382 16.478
2456274.82572 16.534
2456274.82869 16.519
2456274.83462 16.525
2456274.84697 16.578
2456274.84993 16.579
2456274.85588 16.557
2456274.86184 16.534
2456274.8648 16.529
2456274.86778 16.516
2456274.87927 16.457
2456274.88224 16.453
2456274.88522 16.483
2456274.88819 16.504
2456274.89119 16.532
2456274.89416 16.547
2456274.89713 16.579
2456274.90011 16.575
2456274.90309 16.641
2456274.90606 16.628
2456274.92091 16.657
