2456271.62175 16.265
2456271.63363 16.281
2456271.64553 16.304
2456271.65243 16.325
2456271.6554 16.346
2456271.65837 16.332
2456271.66134 16.352
2456271.6643 16.345
2456271.66728 16.33
2456271.67024 16.324
2456271.67321 16.276
2456271.67618 16.286
2456271.67915 16.269
2456271.68606 16.311
2456271.68904 16.311
2456271.692 16.308
2456271.69497 16.329
2456271.69796 16.362
2456271.70093 16.347
2456271.70391 16.374
2456271.70687 16.347
2456271.70984 16.399
2456271.71281 16.374
2456271.71977 16.386
2456271.72273 16.353
2456271.7257 16.402
2456271.72868 16.35
2456271.73165 16.381
2456271.79299 16.383
2456271.79592 16.399
2456271.80782 16.33
2456271.81079 16.301
2456271.81376 16.324
2456271.82067 16.322
2456271.82365 16.332
2456271.82662 16.331
2456271.82959 16.38
2456271.83256 16.385
2456271.83553 16.412
2456271.83851 16.438
2456271.84149 16.46
2456271.84445 16.423
2456271.84744 16.466
2456271.85443 16.459
2456271.85741 16.453
2456271.86038 16.46
2456271.86335 16.439
2456271.86929 16.42
2456271.88812 16.354
2456271.8911 16.331
2456271.89406 16.315
2456271.9 16.36
2456271.90299 16.348
2456271.90596 16.366
2456271.90894 16.383
2456271.91191 16.422
2456271.91488 16.404
2456271.92183 16.417
2456271.92481 16.406
2456271.92777 16.395
2456271.93076 16.391
2456271.93373 16.339
2456271.93671 16.35
2456271.93968 16.322
2456271.94265 16.337
2456271.94564 16.308
2456271.9486 16.29
