2455157.7619 17.878
2455157.76957 18.005
2455157.77538 17.968
2455157.78122 17.785
2455157.78704 17.718
2455157.79288 17.681
2455157.79869 17.659
2455157.80454 17.704
2455157.81037 17.738
2455157.8162 17.795
2455157.82204 17.823
2455157.83372 17.814
2455157.83955 17.799
2455157.84539 17.821
2455157.85122 17.831
2455157.8526 17.778
2455157.85667 17.783
2455157.8653 17.917
2455157.87129 18.036
2455157.87728 17.997
2455157.88491 18.139
2455157.89251 17.945
2455157.90012 18.014
2455157.90771 17.829
2455157.9153 17.828
2455157.92289 17.919
2455157.93085 17.889
2455157.94669 18.067
2455157.95461 18.082
2455157.96252 17.973
2455157.97043 18.141
2455157.97575 18.052
2455157.9825 18.013
2455157.98925 17.957
2455157.996 18.001
2455158.00276 18.003
2455158.00953 17.973
2455158.01629 17.94
2455158.02397 17.982
2455158.03166 17.899
2455158.03934 17.746
