2455242.61792 17.898
2455242.61958 17.995
2455242.62123 17.968
2455242.62290 17.965
2455242.63123 18.022
2455242.63290 17.992
2455242.63457 17.981
2455242.64126 17.983
2455242.64294 17.944
2455242.64460 17.940
2455242.64628 17.940
2455242.65351 17.810
2455242.65519 17.940
2455242.66728 17.878
2455242.67599 17.961
2455242.67770 17.958
2455242.67944 17.984
2455242.69136 18.050
2455242.69306 18.001
2455242.69648 18.001
2455242.70335 17.985
2455242.70505 17.960
2455242.70848 17.973
2455242.71534 17.934
2455242.71707 17.965
2455242.72049 17.975
2455242.72737 18.001
2455242.72909 17.973
2455242.73255 18.009
2455242.73946 18.005
2455242.74119 17.978
2455242.74814 17.948
2455242.75162 17.932
2455242.75335 17.957
2455242.75684 17.973
2455242.76032 17.895
2455242.76379 17.944
2455242.76553 17.853
2455242.76902 17.906
2455242.77250 17.926
2455242.77599 17.909
2455242.77774 17.909
2455242.78123 17.927
2455242.80055 18.039
2455242.80231 17.996
2455242.80583 18.023
2455242.80935 17.969
2455242.81288 17.950
2455242.81464 17.953
2455242.81817 17.983
2455242.82171 17.939
2455242.82525 17.941
2455242.82702 17.971
2455242.83056 17.993
2455242.83412 17.951
2455242.83766 18.024
2455242.83943 17.970
2455242.84298 18.042
2455242.84653 18.000
2455242.85008 17.989
2455242.85186 17.964
2455242.85542 17.984
2455242.85899 17.975
2455242.86256 17.979
2455242.86436 17.983
2455242.86795 17.974
2455242.87152 17.919
2455242.87511 17.954
2455242.87692 17.954
2455242.88054 17.946
2455242.88413 17.930
2455242.89311 17.964
2455242.89671 18.047
2455242.90034 18.042
2455242.90214 18.046
2455242.91296 17.970
2455242.91476 18.011
2455242.91836 18.024
2455242.92198 18.006
2455242.92561 17.971
2455242.92741 17.907
2455242.95708 17.944
2455242.96057 17.971
2455242.96222 17.937
2455242.97217 18.005
2455242.97381 17.972
2455242.97711 17.954
2455242.98045 17.911
2455242.98384 17.878
2455242.98549 17.932
2455242.98880 17.969
