2455240.62759 18.001
2455240.62925 17.997
2455240.77698 17.945
2455240.77866 17.962
2455240.78884 17.994
2455240.79051 17.993
2455240.80070 17.944
2455240.80240 17.954
2455240.81263 17.897
2455240.81435 17.942
2455240.82459 17.980
2455240.82630 17.962
2455240.83659 18.018
2455240.83832 17.994
2455240.84872 17.906
2455240.85046 17.929
2455240.87314 17.861
2455240.87491 17.915
2455240.88542 17.944
2455240.88718 17.981
2455240.89776 17.988
2455240.89952 17.996
2455240.91012 17.954
2455240.91188 17.958
2455240.92253 17.971
2455240.92430 17.984
2455240.93497 17.991
2455240.93675 17.983
2455240.95995 17.959
2455240.96174 17.998
2455240.97244 17.900
2455240.97423 17.914
2455240.98504 17.982
2455240.98684 17.974
2455240.99760 18.133
2455240.99942 18.048
