2454451.55034 2.468
2454451.55203 2.521
2454451.55373 2.459
2454451.55543 2.435
2454451.55713 2.445
2454451.58515 1.969
2454451.58856 1.99
2454451.59026 2.012
2454451.59195 2.013
2454451.59363 1.991
2454451.59533 1.986
2454451.59702 1.992
2454451.59871 2.005
2454451.60039 2.018
2454451.60209 2.004
2454451.6038 2.021
2454451.60795 2.116
2454451.60964 2.102
2454451.61133 2.164
2454451.61304 2.171
2454451.61471 2.212
2454451.61642 2.249
2454451.61811 2.352
2454451.61981 2.308
2454451.6215 2.344
2454451.62318 2.436
2454451.62486 2.431
2454451.62654 2.504
2454451.62992 2.538
2454451.63163 2.532
2454451.63333 2.533
2454451.63504 2.513
2454451.63672 2.503
2454451.63842 2.456
2454451.64012 2.461
2454451.64433 2.323
2454451.64602 2.317
2454451.64769 2.261
2454451.64939 2.221
2454451.65109 2.189
2454451.65276 2.147
2454451.65448 2.121
2454451.65617 2.104
2454451.65785 2.085
2454451.65955 2.072
2454451.66126 2.046
2454451.66294 2.021
2454451.66464 2.013
2454451.66633 2.019
2454451.66803 2.015
2454451.66972 1.98
2454451.67143 1.988
2454451.67312 2.012
2454451.67482 2.003
2454451.67651 2.009
2454451.68066 2.026
2454451.68235 2.031
2454451.68403 2.049
2454451.68571 2.091
2454451.68741 2.105
2454451.68912 2.101
2454451.69081 2.133
2454451.69249 2.156
2454451.69418 2.2
2454451.69587 2.236
2454451.69757 2.284
2454451.69926 2.327
2454451.70095 2.409
2454451.70264 2.459
2454451.70433 2.506
2454451.70602 2.519
2454451.7094 2.531
2454451.71279 2.479
2454451.7169 2.412
2454451.71859 2.405
2454451.72028 2.387
2454451.72198 2.393
2454451.72367 2.359
2454451.72538 2.353
2454451.72706 2.316
2454451.72875 2.273
2454451.73045 2.228
2454451.73214 2.205
2454451.73386 2.155
2454451.73555 2.124
2454451.73726 2.096
2454451.73896 2.058
2454451.74066 2.041
2454451.74235 2.013
2454451.74406 1.989
2454451.74574 1.978
2454451.74744 1.98
2454451.74914 1.961
2454451.75329 1.958
2454451.75498 1.959
2454451.75667 1.968
2454451.75837 1.992
2454451.76007 1.988
2454451.76174 2.015
2454451.76344 2.014
2454451.76513 2.009
2454451.76682 2.001
2454451.76851 2.033
2454451.7702 2.102
2454451.77189 2.102
2454451.77358 2.139
2454451.77528 2.156
2454451.77697 2.21
2454451.77865 2.239
2454451.78034 2.297
2454451.78203 2.326
2454451.78371 2.385
2454451.78539 2.506
2454451.78955 2.477
2454451.79796 2.459
2454451.79964 2.467
2454451.80133 2.476
2454451.80303 2.418
2454451.80471 2.383
2454451.80641 2.344
2454451.80809 2.294
2454451.80979 2.244
2454451.81147 2.222
2454451.81315 2.189
2454451.81485 2.175
2454451.81652 2.15
2454451.81821 2.118
2454451.81991 2.073
2454451.8216 2.077
2454451.82577 1.995
2454451.82747 1.987
2454451.83086 1.998
2454451.83929 2.035
2454451.84099 2.025
2454451.84267 2.045
2454451.84435 2.042
2454451.84604 2.079
2454451.84773 2.081
2454451.84942 2.112
2454451.85109 2.143
2454451.85277 2.174
2454451.85447 2.186
2454451.85616 2.205
2454451.85783 2.256
2454451.86198 2.336
2454451.86367 2.407
2454451.86536 2.418
2454451.86705 2.446
2454451.86873 2.479
2454451.87042 2.479
2454451.8721 2.503
2454451.87378 2.505
2454451.87547 2.49
2454451.87715 2.49
2454451.87883 2.44
2454451.88052 2.459
2454451.88222 2.428
2454451.8839 2.378
2454451.88559 2.363
2454451.88729 2.335
2454451.88897 2.28
2454451.89789 2.091
2454451.89958 2.112
2454451.90127 2.091
2454451.90294 2.055
2454451.90463 2.054
2454451.90632 2.068
2454451.90801 2.027
2454451.90969 1.981
2454451.91138 2.007
2454451.91308 1.988
2454451.92325 2.022
2454451.92495 2.02
2454451.92664 2.036
2454451.92834 2.06
2454451.93003 2.097
2454451.93397 2.104
2454451.93567 2.16
2454451.93735 2.111
2454451.97306 2.227
2454451.97472 2.238
2454451.97638 2.175
