2454452.53681 1.565
2454452.53851 1.532
2454452.54019 1.483
2454452.54187 1.487
2454452.54354 1.44
2454452.54523 1.408
2454452.54691 1.403
2454452.54859 1.352
2454452.55029 1.346
2454452.55539 1.312
2454452.55706 1.307
2454452.55875 1.292
2454452.56042 1.285
2454452.56893 1.276
2454452.57481 1.313
2454452.5765 1.319
2454452.57989 1.381
2454452.58334 1.427
2454452.60601 1.846
2454452.60772 1.84
2454452.60943 1.831
2454452.61112 1.778
2454452.61283 1.765
2454452.61455 1.683
2454452.61623 1.638
2454452.61793 1.55
2454452.61962 1.527
2454452.6213 1.509
2454452.62299 1.46
2454452.6247 1.47
2454452.62641 1.383
2454452.62811 1.337
2454452.6298 1.332
2454452.63151 1.309
2454452.63541 1.312
2454452.63732 1.292
2454452.6392 1.299
2454452.64089 1.297
2454452.64426 1.279
2454452.64595 1.306
2454452.64766 1.286
2454452.64936 1.335
2454452.65105 1.306
2454452.65275 1.326
2454452.65444 1.351
2454452.65614 1.373
2454452.65784 1.384
2454452.65954 1.394
2454452.66123 1.454
2454452.66293 1.473
2454452.66461 1.497
2454452.66629 1.529
2454452.66798 1.578
2454452.67231 1.669
2454452.67401 1.689
2454452.67571 1.745
2454452.67741 1.779
2454452.67911 1.797
2454452.68082 1.793
2454452.68251 1.793
2454452.68419 1.78
2454452.68589 1.791
2454452.68759 1.773
2454452.68929 1.758
2454452.69099 1.729
2454452.69268 1.703
2454452.69438 1.657
2454452.69608 1.632
2454452.69777 1.603
2454452.69947 1.597
2454452.70117 1.518
2454452.70287 1.511
2454452.70457 1.479
2454452.70932 1.388
2454452.71101 1.352
2454452.71272 1.34
2454452.71443 1.303
2454452.71612 1.268
2454452.71781 1.267
2454452.71951 1.276
2454452.72121 1.277
2454452.7229 1.276
2454452.72459 1.267
2454452.72629 1.238
2454452.72799 1.242
2454452.72968 1.253
2454452.73817 1.285
2454452.73988 1.332
2454452.74156 1.357
2454452.74577 1.365
2454452.74746 1.42
2454452.74916 1.463
2454452.75085 1.511
2454452.75254 1.576
2454452.75425 1.642
2454452.75594 1.7
2454452.75764 1.735
2454452.75933 1.791
2454452.76439 1.822
2454452.76607 1.838
2454452.76775 1.829
2454452.76945 1.815
2454452.77115 1.828
2454452.77284 1.81
2454452.77454 1.729
2454452.77623 1.706
2454452.77793 1.655
2454452.78205 1.543
2454452.78374 1.525
2454452.78542 1.479
2454452.78712 1.448
2454452.78882 1.393
2454452.79051 1.385
2454452.7922 1.367
2454452.7939 1.361
2454452.79558 1.342
2454452.79898 1.31
2454452.80066 1.29
2454452.80236 1.3
2454452.80406 1.299
2454452.80577 1.295
2454452.80746 1.293
2454452.80915 1.287
2454452.81085 1.289
2454452.81255 1.324
2454452.81426 1.33
2454452.82205 1.399
2454452.82375 1.435
2454452.82545 1.446
2454452.82715 1.49
2454452.82883 1.538
2454452.83052 1.568
2454452.83223 1.606
2454452.83392 1.671
2454452.8356 1.687
2454452.83731 1.747
2454452.83901 1.78
2454452.84072 1.771
2454452.84242 1.777
2454452.84413 1.777
2454452.84583 1.782
2454452.84755 1.767
2454452.84926 1.773
2454452.85098 1.758
2454452.85268 1.769
2454452.86065 1.574
2454452.86239 1.55
2454452.8641 1.523
