2455756.6495 16.141
2455756.65018 16.248
2455756.65069 16.069
2455756.6512 16.071
2455756.65171 16.131
2455756.65222 16.085
2455756.65273 16.152
2455756.65324 16.084
2455756.65374 16.157
2455756.65425 16.172
2455756.65476 16.188
2455756.65527 16.071
2455756.65578 16.061
2455756.65629 16.08
2455756.6568 16.006
2455756.65731 16.121
2455756.65782 16.153
2455756.65833 16.129
2455756.65884 16.204
2455756.65935 16.121
2455756.65986 16.095
2455756.66037 16.172
2455756.66087 16.207
2455756.66138 16.24
2455756.66189 16.259
2455756.6624 16.208
2455756.66291 16.204
2455756.66342 16.205
2455756.66393 16.138
2455756.66444 16.199
2455756.66495 16.181
2455756.66546 16.254
2455756.66597 16.241
2455756.66648 16.315
2455756.66699 16.286
2455756.66749 16.317
2455756.668 16.242
2455756.66851 16.243
2455756.66902 16.315
2455756.66953 16.281
2455756.67004 16.244
2455756.67055 16.33
2455756.67106 16.353
2455756.67157 16.303
2455756.67208 16.371
2455756.67258 16.298
2455756.67309 16.492
2455756.67359 16.319
2455756.6741 16.443
2455756.67461 16.363
2455756.67512 16.29
2455756.67563 16.336
2455756.67614 16.34
2455756.67665 16.36
2455756.67716 16.384
2455756.67767 16.384
2455756.67818 16.193
2455756.67869 16.348
2455756.6792 16.347
2455756.67971 16.306
2455756.68021 16.35
2455756.68072 16.295
2455756.68123 16.262
2455756.68174 16.281
2455756.68225 16.282
2455756.68276 16.229
2455756.68327 16.255
2455756.68378 16.291
2455756.68429 16.208
2455756.6848 16.251
2455756.68531 16.218
2455756.68582 16.232
2455756.68633 16.198
2455756.68684 16.184
2455756.68736 16.329
2455756.68785 16.187
2455756.68836 16.087
2455756.68887 16.191
2455756.68938 16.257
2455756.68989 16.177
2455756.6904 16.072
2455756.69091 16.18
2455756.69142 16.113
2455756.69193 16.175
2455756.69244 16.088
2455756.69295 16.11
2455756.69346 16.154
2455756.69396 16.108
2455756.69447 16.158
2455756.69498 16.009
2455756.69549 16.182
2455756.696 16.094
2455756.69651 16.102
2455756.69702 16.15
2455756.69753 16.114
2455756.69804 16.254
2455756.69855 16.156
2455756.69906 16.19
2455756.69957 16.108
2455756.70008 16.07
2455756.70059 16.081
2455756.70109 16.163
2455756.7016 16.113
2455756.70211 16.027
2455756.70263 16.084
2455756.70314 16.065
2455756.70365 16.178
2455756.70416 16.077
2455756.70467 16.065
2455756.70518 16.049
2455756.70569 16.055
2455756.7062 16.067
2455756.70671 15.97
2455756.70722 16.096
2455756.70773 16.074
2455756.70824 16.028
2455756.70874 16.155
2455756.70925 16.052
2455756.70976 16.107
2455756.71027 16.101
2455756.71078 16.077
2455756.71129 16.039
2455756.7118 16.056
2455756.71231 16.057
2455756.71282 16.119
2455756.71333 16.043
2455756.71384 16.014
2455756.71435 15.978
2455756.71486 16.011
2455756.71537 16.028
2455756.71587 16.06
2455756.71638 16.085
2455756.71689 16.045
2455756.7174 16.028
2455756.71791 16.088
2455756.71842 16.078
2455756.71893 16.11
2455756.71944 16.079
2455756.71995 16.078
2455756.72046 16.061
2455756.72097 16.045
2455756.72148 16.126
2455756.72199 16.153
2455756.72249 16.062
2455756.723 16.065
2455756.72351 16.115
2455756.72402 16.138
2455756.72453 16.191
2455756.72504 16.077
2455756.72555 16.136
2455756.72606 16.121
2455756.72657 16.148
2455756.72708 16.132
2455756.72759 16.071
2455756.7281 16.105
2455756.72861 16.155
2455756.72912 16.258
2455756.72962 16.137
2455756.73013 16.131
2455756.73064 16.235
2455756.73115 16.143
2455756.73166 16.102
2455756.73217 16.232
2455756.73268 16.212
2455756.73319 16.206
2455756.7337 16.234
2455756.73421 16.186
2455756.73472 16.199
2455756.73523 16.195
2455756.73574 16.15
2455756.73624 16.155
2455756.73675 16.133
2455756.73726 16.217
2455756.73777 16.207
2455756.73828 16.182
2455756.73879 16.214
2455756.7393 16.159
2455756.73981 16.144
2455756.74032 16.332
2455756.74083 16.212
2455756.74134 16.199
2455756.74185 16.266
2455756.74236 16.27
2455756.74287 16.176
2455756.74337 16.133
2455756.74388 16.241
2455756.74439 16.21
2455756.7449 16.107
2455756.74541 16.28
2455756.74592 16.155
2455756.74643 16.133
2455756.74694 16.209
2455756.74745 16.246
2455756.74796 16.132
2455756.74847 16.222
2455756.74898 16.198
2455756.74949 16.197
2455756.74999 16.189
2455756.7505 16.158
2455756.75101 16.151
2455756.75152 16.107
2455756.75203 16.159
2455756.75254 16.117
2455756.75305 16.153
2455756.75356 16.034
2455756.75407 16.106
2455756.75458 16.116
2455756.75509 16.06
2455756.7556 16.131
2455756.75611 15.996
2455756.75662 16.066
2455756.75712 16.071
2455756.75763 16.057
2455756.75814 15.991
2455756.75865 15.966
2455756.75916 15.993
2455756.75967 16.052
2455756.76018 16.064
2455756.76069 15.989
2455756.7612 16.029
2455756.76171 15.973
2455756.76222 15.965
2455756.76273 15.973
2455756.76324 15.889
2455756.76374 15.915
2455756.76425 16.018
2455756.76476 15.935
2455756.76527 15.918
2455756.76578 15.948
2455756.76629 15.861
2455756.7668 15.935
2455756.76731 15.854
2455756.76782 15.824
2455756.76833 15.899
2455756.76884 16.011
2455756.76935 15.909
2455756.76986 15.846
2455756.77037 15.956
2455756.77087 15.88
2455756.77138 15.85
2455756.77189 15.969
2455756.7724 15.85
2455756.77291 15.916
2455756.77342 15.822
2455756.77393 15.887
2455756.77444 15.95
2455756.77495 15.87
2455756.77546 15.882
2455756.77597 15.861
2455756.77648 15.831
2455756.77699 15.875
2455756.77749 15.869
2455756.778 15.884
2455756.77851 15.937
2455756.77902 15.898
2455756.77953 15.864
2455756.78004 15.928
2455756.78055 15.91
2455756.78106 15.827
2455756.78157 15.887
2455756.78208 15.928
2455756.78259 15.913
2455756.7831 15.906
2455756.78361 15.962
2455756.78412 15.913
2455756.78462 15.97
2455756.78513 15.909
2455756.78564 15.939
2455756.78615 15.946
2455756.78666 15.995
2455756.78717 15.993
2455756.78768 16.016
2455756.78819 15.97
2455756.7887 16.008
2455756.78921 16.024
2455756.78972 16.106
2455756.79023 16.091
2455756.79074 15.987
2455756.79124 16.113
2455756.79175 16.196
2455756.79226 16.143
2455756.79277 16.275
2455756.79328 16.229
2455756.79379 16.241
2455756.7943 16.158
2455756.79481 16.135
2455756.79532 16.222
2455756.79583 16.267
2455756.79634 16.203
2455756.79685 16.211
2455756.79736 16.335
2455756.79787 16.321
2455756.79837 16.393
2455756.79888 16.253
2455756.79939 16.213
2455756.7999 16.303
2455756.80041 16.189
2455756.80092 16.252
2455756.80143 16.36
2455756.80194 16.274
2455756.80245 16.341
2455756.80296 16.338
2455756.80347 16.425
2455756.80398 16.461
2455756.80449 16.28
2455756.80499 16.394
2455756.8055 16.272
2455756.80601 16.366
2455756.80652 16.353
2455756.80703 16.267
2455756.80754 16.321
2455756.80805 16.25
2455756.80856 16.306
2455756.80907 16.25
2455756.80958 16.322
2455756.81009 16.278
2455756.8106 16.405
2455756.81111 16.346
2455756.81162 16.329
2455756.81212 16.262
2455756.81263 16.363
2455756.81314 16.345
2455756.81365 16.232
2455756.81416 16.232
2455756.81467 16.364
2455756.81518 16.278
2455756.81569 16.251
2455756.8162 16.22
2455756.81671 16.238
2455756.81722 16.151
2455756.81773 16.259
2455756.81824 16.187
2455756.81874 16.153
2455756.81925 16.22
2455756.81976 16.225
2455756.82027 16.187
2455756.82078 16.344
2455756.82129 16.236
2455756.8218 16.286
2455756.82231 16.057
2455756.82282 16.153
2455756.82333 16.23
2455756.82384 16.15
2455756.82435 16.301
2455756.82486 16.227
2455756.82537 16.122
2455756.82587 16.246
2455756.82638 16.011
2455756.82689 16.109
2455756.8274 16.089
2455756.82791 16.191
2455756.82842 16.142
2455756.82893 16.143
2455756.82944 16.073
2455756.82995 16.185
2455756.83046 16.123
2455756.83097 16.093
2455756.83148 16.06
2455756.83199 16.115
2455756.83249 16.097
2455756.833 16.089
2455756.83351 16.12
2455756.83402 16.114
2455756.83453 16.022
2455756.83504 16.034
2455756.83555 15.977
2455756.83606 16.057
2455756.83657 16.101
2455756.83708 16.057
2455756.83759 16.156
2455756.8381 16.172
2455756.83861 16.159
2455756.83912 16.109
2455756.83962 16.075
2455756.84013 16.061
2455756.84064 15.989
2455756.84115 16.067
2455756.84166 16.015
2455756.84217 16.09
2455756.84268 16.16
2455756.84319 16.193
2455756.8437 16.038
2455756.84421 16.061
2455756.84472 16.046
2455756.84523 16.108
2455756.84574 16.135
2455756.84624 16.04
2455756.84675 16.069
2455756.84726 16.004
2455756.84777 16.067
2455756.84828 16.096
2455756.84879 16.105
2455756.8493 16.092
2455756.84981 16.02
2455756.85032 15.991
2455756.85083 16.045
2455756.85134 16.058
2455756.85185 16.074
2455756.85236 16.066
2455756.85287 16.058
2455756.85337 16.061
2455756.85388 16.203
2455756.85439 16.085
2455756.8549 16.18
2455756.85541 16.127
2455756.85592 16.097
2455756.85643 16.1
2455756.85694 16.099
2455756.85745 16.132
2455756.85796 16.153
2455756.85847 16.088
2455756.85898 16.102
2455756.85949 16.15
2455756.85999 16.12
2455756.8605 16.131
2455756.86101 16.099
2455756.86152 16.194
2455756.86203 16.063
2455756.86254 16.099
2455756.86305 16.124
2455756.86356 16.101
2455756.86407 16.164
2455756.86458 16.144
2455756.86509 16.229
2455756.8656 16.253
2455756.86611 16.182
2455756.86662 16.218
2455756.86712 16.117
2455756.86763 16.133
2455756.86814 16.317
2455756.86865 16.201
2455756.86916 16.08
2455756.86967 16.214
2455756.87018 16.198
2455756.87069 16.204
2455756.8712 16.191
2455756.87171 16.136
2455756.87222 16.299
2455756.87273 16.262
2455756.87324 16.203
2455756.87374 16.147
2455756.87425 16.081
2455756.87476 16.218
2455756.87527 16.337
2455756.87578 16.165
2455756.87629 16.137
2455756.8768 16.362
2455756.87731 16.185
2455756.87782 16.299
2455756.87833 16.344
2455756.87884 16.308
2455756.87935 16.203
2455756.87986 16.149
2455756.88037 16.257
2455756.88087 16.195
2455756.88138 16.349
2455756.88189 16.265
2455756.8824 16.31
2455756.88291 16.233
2455756.88342 16.199
2455756.88393 16.352
2455756.88444 16.278
2455756.88495 16.195
2455756.88546 16.201
2455756.88597 16.332
2455756.88648 16.312
2455756.88699 16.125
2455756.88749 16.224
2455756.888 16.211
2455756.88851 16.184
2455756.88902 16.098
2455756.88953 16.127
2455756.89004 16.258
2455756.89055 16.314
2455756.89106 16.28
2455756.89157 16.127
2455756.89208 16.152
2455756.89259 16.283
2455756.8931 16.207
2455756.89361 16.187
2455756.89412 16.215
2455756.89462 16.069
2455756.89513 16.226
2455756.89564 16.159
2455756.89666 16.097
2455756.89717 16.144
2455756.89768 16.136
2455756.89819 16.065
2455756.8987 16.112
2455756.89921 16.162
2455756.89972 16.117
2455756.90023 16.158
2455756.90074 16.064
2455756.90124 16.118
2455756.90175 16.117
2455756.90226 16.065
2455756.90277 16.076
2455756.90328 16.113
2455756.90379 16.17
2455756.9043 16.164
2455756.90481 15.999
2455756.90532 16.128
2455756.90583 16.156
2455756.90634 16.098
2455756.90685 16.092
2455756.90736 15.997
2455756.90787 16.022
2455756.90837 16.039
2455756.90888 16.093
2455756.90939 16.055
2455756.9099 16.061
2455756.91041 16.119
2455756.91092 16.105
2455756.91143 16.067
2455756.91194 16.192
2455756.91245 16.273
2455756.91347 16.232
2455756.91398 16.211
2455756.91449 16.174
2455756.91499 16.251
2455756.9155 16.269
2455756.91601 16.104
2455756.91652 16.147
2455756.91703 16.145
2455756.91754 16.176
2455756.91805 16.252
2455756.91856 16.115
2455756.91907 16.116
2455756.91958 16.226
2455756.92009 16.11
2455756.9206 16.214
2455756.92111 16.352
2455756.92162 16.241
2455756.92212 16.339
2455756.92263 16.266
2455756.92314 16.311
2455756.92365 16.223
2455756.92416 16.376
2455756.92467 16.189
2455756.92518 16.376
