2455757.65041 16.09
2455757.65251 16.169
2455757.65302 16.22
2455757.65352 16.2
2455757.65403 16.098
2455757.65454 16.222
2455757.65506 16.247
2455757.65557 16.149
2455757.65608 16.203
2455757.65659 16.115
2455757.65761 16.181
2455757.65812 16.157
2455757.65863 16.125
2455757.65914 16.173
2455757.65965 16.186
2455757.66016 16.149
2455757.66067 16.267
2455757.66118 16.339
2455757.66168 16.234
2455757.66219 16.223
2455757.6627 16.191
2455757.66321 16.105
2455757.66372 16.279
2455757.66423 16.263
2455757.66474 16.257
2455757.66525 16.177
2455757.66576 16.138
2455757.66627 16.272
2455757.66677 16.287
2455757.66727 16.246
2455757.66778 16.279
2455757.66829 16.314
2455757.6688 16.307
2455757.66931 16.266
2455757.66982 16.23
2455757.67034 16.307
2455757.67085 16.305
2455757.67136 16.314
2455757.67187 16.187
2455757.67238 16.25
2455757.67289 16.325
2455757.6734 16.16
2455757.67391 16.364
2455757.67442 16.184
2455757.67493 16.201
2455757.67543 16.238
2455757.67594 16.292
2455757.67645 16.254
2455757.67696 16.282
2455757.67747 16.213
2455757.67798 16.23
2455757.67849 16.177
2455757.679 16.297
2455757.67951 16.181
2455757.68002 16.148
2455757.68053 16.279
2455757.68104 16.317
2455757.68155 16.198
2455757.68205 16.198
2455757.68256 16.248
2455757.68307 16.159
2455757.68357 16.198
2455757.68408 16.209
2455757.68459 16.21
2455757.6851 16.182
2455757.68562 16.173
2455757.68613 16.254
2455757.68664 16.117
2455757.68715 16.192
2455757.68766 16.127
2455757.68817 16.131
2455757.68868 16.103
2455757.68918 16.151
2455757.68969 16.126
2455757.6902 16.051
2455757.69071 16.089
2455757.69122 16.009
2455757.69173 16.05
2455757.69224 16.055
2455757.69275 16.078
2455757.69326 15.981
2455757.69377 16.138
2455757.69428 16.006
2455757.69479 16.019
2455757.6953 15.958
2455757.6958 15.991
2455757.69631 15.947
2455757.69682 15.964
2455757.69733 15.986
2455757.69784 15.975
2455757.69835 15.993
2455757.69886 15.992
2455757.69937 15.996
2455757.69988 15.946
2455757.70039 16.015
2455757.7009 15.954
2455757.70141 15.951
2455757.70192 16.047
2455757.70243 16.037
2455757.73807 16.323
2455757.73858 16.425
2455757.73909 16.399
2455757.7396 16.322
2455757.74011 16.359
2455757.74062 16.21
2455757.74113 16.344
2455757.74164 16.328
2455757.74215 16.304
2455757.74266 16.322
2455757.74317 16.305
2455757.74368 16.314
2455757.74418 16.316
2455757.74469 16.322
2455757.7452 16.26
2455757.74571 16.204
2455757.74622 16.275
2455757.74673 16.243
2455757.74724 16.182
2455757.74775 16.291
2455757.74826 16.236
2455757.74877 16.231
2455757.74928 16.197
2455757.74979 16.276
2455757.7503 16.205
2455757.7508 16.187
2455757.75131 16.22
2455757.75182 16.188
2455757.75233 16.117
2455757.75284 16.143
2455757.75335 16.203
2455757.75386 16.151
2455757.75437 16.055
2455757.75488 16.106
2455757.75539 16.202
2455757.7559 16.07
2455757.75641 16.09
2455757.75692 16.076
2455757.75743 16.18
2455757.75793 16.19
2455757.75844 16.155
2455757.75895 16.108
2455757.75946 16.046
2455757.75997 16.091
2455757.76048 16.207
2455757.76099 16.07
2455757.7615 16.085
2455757.76201 16.126
2455757.76252 16.183
2455757.76303 16.045
2455757.76354 16.068
2455757.76405 16.052
2455757.76455 16.011
2455757.76506 16.09
2455757.76557 16.088
2455757.76608 16.029
2455757.76659 16.072
2455757.7671 15.974
2455757.76761 16.059
2455757.76812 16.174
2455757.76863 16.068
2455757.76914 16.04
2455757.76965 16.024
2455757.77016 16.0
2455757.77067 16.161
2455757.77118 16.149
2455757.77168 16.12
2455757.77219 16.099
2455757.7727 16.048
2455757.77321 16.12
2455757.77372 16.011
2455757.77423 16.141
2455757.77474 16.211
2455757.77525 16.132
2455757.77576 16.08
2455757.77627 16.154
2455757.77678 16.19
2455757.77729 16.141
2455757.7778 16.169
2455757.7783 16.055
2455757.77881 16.102
2455757.82974 15.956
2455757.83025 16.002
2455757.83076 16.064
2455757.83127 15.912
2455757.83178 15.965
2455757.83229 16.01
2455757.8328 15.984
2455757.8333 15.988
2455757.83381 16.005
2455757.83432 16.001
2455757.83483 15.983
2455757.83534 16.079
2455757.83585 15.964
2455757.83636 16.071
2455757.83687 16.062
2455757.83738 15.996
2455757.83789 15.975
2455757.8384 15.951
2455757.83891 16.013
2455757.83942 16.064
2455757.83993 16.059
2455757.84043 16.054
2455757.84094 16.067
2455757.84145 16.078
2455757.84196 16.015
2455757.84247 16.091
2455757.84298 16.098
2455757.84349 16.111
2455757.844 16.164
2455757.84451 16.196
2455757.84502 16.087
2455757.84553 16.007
2455757.84604 16.1
2455757.84655 16.14
2455757.84705 16.107
2455757.84756 16.143
2455757.84807 16.153
2455757.84858 16.104
2455757.84909 16.299
2455757.8496 16.131
2455757.85011 16.16
2455757.85062 16.234
2455757.85113 16.239
2455757.85164 16.233
2455757.85215 16.231
2455757.85266 16.315
2455757.85317 16.239
2455757.85368 16.144
2455757.85418 16.32
2455757.85469 16.268
2455757.8552 16.413
2455757.85571 16.256
2455757.85622 16.363
2455757.85673 16.235
2455757.85724 16.39
2455757.85775 16.278
2455757.85826 16.271
2455757.85877 16.301
2455757.85928 16.347
2455757.85979 16.292
2455757.8603 16.373
2455757.8608 16.453
2455757.86131 16.214
2455757.86182 16.407
2455757.86233 16.276
2455757.86284 16.219
2455757.86335 16.378
2455757.86386 16.295
2455757.86437 16.311
2455757.86488 16.496
2455757.86539 16.315
2455757.8659 16.35
2455757.86641 16.389
2455757.86692 16.373
2455757.86844 16.284
2455757.86895 16.493
2455757.86946 16.397
2455757.86997 16.359
2455757.87048 16.315
2455757.87099 16.436
2455757.8715 16.28
2455757.87201 16.494
2455757.87303 16.438
2455757.87354 16.299
2455757.87405 16.373
2455757.87506 16.357
2455757.87557 16.397
2455757.87608 16.301
2455757.87659 16.347
2455757.8771 16.351
2455757.87761 16.288
2455757.87812 16.311
2455757.87863 16.343
2455757.87914 16.252
2455757.87965 16.39
2455757.88016 16.259
2455757.88067 16.239
2455757.88118 16.253
2455757.88168 16.326
2455757.88219 16.221
2455757.8827 16.228
2455757.88321 16.262
2455757.88372 16.233
2455757.88423 16.314
2455757.88474 16.229
2455757.88525 16.213
2455757.88576 16.194
2455757.88627 16.208
2455757.88678 16.206
2455757.88729 16.219
2455757.8878 16.175
2455757.8883 16.117
2455757.88881 16.257
2455757.88932 16.159
2455757.88983 16.068
2455757.89034 16.139
2455757.89085 16.227
2455757.89136 16.123
2455757.89187 16.111
2455757.89238 16.199
2455757.89289 16.204
2455757.8934 16.224
2455757.89391 16.138
2455757.89442 16.139
2455757.89493 16.201
2455757.89543 16.245
2455757.89594 16.164
2455757.89645 16.134
2455757.89696 16.043
2455757.89798 16.005
2455757.89849 16.137
2455757.899 16.031
2455757.90002 16.235
2455757.90104 16.105
2455757.90155 16.1
2455757.90205 16.181
2455757.90256 16.2
2455757.90307 16.196
2455757.90358 16.191
2455757.90409 16.011
2455757.9046 16.232
2455757.90511 16.16
2455757.90562 16.111
2455757.90613 16.246
2455757.90715 16.111
2455757.90766 16.055
2455757.90817 16.265
2455757.90868 16.223
2455757.90918 16.159
2455757.90969 16.195
2455757.9102 16.148
2455757.91071 16.107
2455757.91122 16.239
2455757.91224 16.087
2455757.91275 16.128
2455757.91326 16.185
2455757.91377 16.072
2455757.91428 16.242
2455757.91479 16.167
2455757.9153 16.173
2455757.9158 16.198
