2454528.92434 2.239
2454528.92641 2.323
2454528.92823 2.32
2454528.93036 2.305
2454528.93208 2.316
2454528.93392 2.251
2454528.9411 2.269
2454528.94282 2.188
2454528.94463 2.214
2454528.94675 2.101
2454528.94949 2.068
2454528.95122 2.109
2454528.95329 2.093
2454528.95513 2.063
2454528.95691 2.09
2454528.95904 2.1
2454528.96262 2.063
2454528.96441 2.109
2454528.97947 2.153
2454528.98127 2.178
2454528.98429 2.154
2454528.99869 2.289
2454529.00054 2.26
2454529.00227 2.263
2454529.03641 2.113
2454529.03814 2.078
2454529.03986 2.101
2454529.05542 2.178
2454529.05714 2.16
2454529.05887 2.188
2454529.07376 2.267
2454529.07671 2.302
2454529.07857 2.349
2454529.0933 2.201
2454529.09513 2.206
2454529.09703 2.191
2454529.11265 2.103
2454529.11453 2.08
2454529.11638 2.07
2454529.13427 2.191
2454529.13608 2.256
2454529.15045 2.313
2454529.15227 2.36
2454529.15398 2.271
2454529.16983 2.249
2454529.17162 2.186
2454529.17341 2.153
2454529.18844 2.133
2454529.19016 2.069
2454529.19296 2.13
2454529.20781 2.131
2454529.20961 2.214
2454529.21149 2.201
2454529.2273 2.262
2454529.22913 2.309
2454529.23095 2.36
