2454526.92808 1.825
2454526.92997 1.826
2454526.93306 1.843
2454526.94247 1.868
2454526.94591 1.889
2454526.9478 1.882
2454526.95895 1.827
2454526.96131 1.789
2454526.97799 1.677
2454526.9811 1.67
2454527.00381 1.822
2454527.00561 1.829
2454527.00749 1.846
2454527.0298 1.873
2454527.03169 1.833
2454527.03341 1.829
2454527.05597 1.733
2454527.0577 1.695
2454527.05958 1.729
2454527.08212 1.856
2454527.08524 1.873
2454527.0871 1.876
2454527.10179 1.894
2454527.10365 1.91
2454527.10546 1.891
2454527.12124 1.788
2454527.12299 1.785
2454527.12472 1.79
2454527.13965 1.743
2454527.14269 1.719
2454527.14454 1.798
2454527.15899 1.891
2454527.16083 1.882
2454527.16271 1.904
2454527.17824 1.819
2454527.18006 1.85
2454527.18179 1.877
2454527.19818 1.733
2454527.2012 1.703
2454527.21605 1.701
2454527.21793 1.769
2454527.21968 1.767
2454527.23534 1.847
2454527.23706 1.85
2454527.2388 1.846
