2453978.66877 1.793
2453978.67207 1.783
2453978.67864 1.821
2453978.68192 1.829
2453978.6852 1.83
2453978.68847 1.823
2453978.69174 1.755
2453978.69502 1.763
2453978.70508 1.724
2453978.70835 1.719
2453978.71162 1.739
2453978.7149 1.749
2453978.72145 1.756
2453978.72473 1.773
2453978.73127 1.771
2453978.74384 1.848
2453978.74714 1.837
2453978.75044 1.804
2453978.75374 1.806
2453978.75704 1.783
2453978.76693 1.743
2453978.77022 1.725
2453978.78247 1.771
2453978.78574 1.791
2453978.79229 1.807
2453978.80218 1.84
2453978.80878 1.838
2453978.81208 1.761
2453978.82129 1.738
2453978.82459 1.707
2453978.82788 1.697
2453978.83118 1.713
2453978.83448 1.733
2453978.87047 1.791
2453978.87377 1.754
2453978.87706 1.775
2453978.91523 1.754
2453978.9371 1.724
2453978.94039 1.735
2453978.94369 1.706
2453978.94699 1.688
