2456353.59329 16.785
2456353.59632 16.789
2456353.59938 16.826
2456353.60244 16.81
2456353.60548 16.818
2456353.60852 16.823
2456353.61155 16.835
2456353.61456 16.833
2456353.61762 16.837
2456353.62067 16.815
2456353.63204 16.833
2456353.63507 16.798
2456353.6381 16.784
2456353.64115 16.808
2456353.64419 16.803
2456353.64722 16.769
2456353.65029 16.786
2456353.65333 16.778
2456353.65638 16.81
2456353.67872 16.777
2456353.68176 16.841
2456353.68482 16.795
2456353.68787 16.817
2456353.694 16.817
2456353.69703 16.79
2456353.70626 16.839
2456353.70931 16.821
2456353.71235 16.818
2456353.71539 16.812
2456353.71843 16.842
2456353.72146 16.806
2456353.72451 16.79
2456353.72752 16.797
2456353.85237 16.745
2456353.85539 16.782
2456353.85845 16.792
2456353.86455 16.806
2456353.86761 16.811
2456353.87065 16.853
2456353.87369 16.789
2456353.87673 16.809
2456353.87979 16.782
2456353.88938 16.822
2456353.89244 16.818
2456353.89549 16.785
2456353.89855 16.773
2456353.90161 16.764
2456353.90465 16.763
2456353.9077 16.745
2456353.91687 16.786
2456353.92563 16.786
2456353.92867 16.84
2456353.93172 16.805
2456353.93478 16.807
2456353.93782 16.816
2456353.94088 16.819
2456353.95006 16.793
