2455153.6938 16.611
2455153.69982 16.613
2455153.70282 16.62
2455153.70582 16.652
2455153.70884 16.625
2455153.71185 16.656
2455153.71485 16.67
2455153.72797 16.664
2455153.73235 16.615
2455153.73537 16.697
2455153.73839 16.631
2455153.7414 16.612
2455153.74441 16.625
2455153.74742 16.605
2455153.75042 16.619
2455153.75343 16.637
2455153.75645 16.629
2455153.75946 16.625
2455153.76357 16.621
2455153.7756 16.676
2455153.77861 16.69
2455153.78463 16.7
2455153.78765 16.704
2455153.79066 16.723
2455153.79553 16.684
2455153.79854 16.708
2455153.80155 16.681
2455153.83867 16.689
2455153.84167 16.73
2455153.84468 16.692
2455153.84768 16.687
2455153.85069 16.659
2455153.8891 16.648
2455153.8921 16.645
2455153.89511 16.656
2455153.89813 16.684
2455153.90114 16.666
2455153.90414 16.694
2455153.90715 16.709
2455153.91016 16.656
2455153.91316 16.69
2455153.91618 16.671
2455153.92098 16.661
2455153.95511 16.673
2455153.95812 16.675
2455153.96113 16.691
2455153.96414 16.661
2455153.96714 16.713
2455153.97014 16.645
2455153.97317 16.672
2455153.97618 16.669
2455153.97919 16.637
2455153.98329 16.611
2455153.98631 16.597
2455153.98933 16.609
2455153.99233 16.63
2455153.99535 16.618
2455153.99836 16.613
2455154.00137 16.592
2455154.00439 16.574
2455154.00739 16.599
2455154.01041 16.599
2455154.01452 16.604
2455154.01754 16.629
2455154.02054 16.646
2455154.02354 16.619
2455154.02656 16.629
2455154.02958 16.642
