2456358.58657 16.942
2456358.58962 16.966
2456358.59267 16.888
2456358.59573 16.919
2456358.5988 16.91
2456358.60186 16.916
2456358.60493 16.922
2456358.60799 16.912
2456358.61104 16.968
2456358.61412 16.959
2456358.62384 16.972
2456358.6269 16.985
2456358.62997 16.995
2456358.64521 16.966
2456358.64827 16.956
2456358.65133 16.936
2456358.66182 16.909
2456358.66487 16.937
2456358.66793 16.924
2456358.67099 16.921
2456358.67405 16.921
2456358.6771 16.936
2456358.68014 16.92
2456358.6832 16.957
2456358.68627 16.99
2456358.68932 16.995
2456358.69865 16.961
2456358.70167 16.958
2456358.70474 16.932
2456358.7078 16.942
2456358.71085 16.922
2456358.71392 16.885
2456358.7364 16.98
2456358.73945 16.967
2456358.74253 17.013
2456358.74558 16.902
2456358.74864 16.913
2456358.75171 16.952
2456358.75477 16.979
2456358.75787 16.978
2456358.76095 16.962
2456358.76402 16.963
2456358.77458 16.913
2456358.78069 16.883
2456358.78373 16.891
2456358.78679 16.959
2456358.78983 16.941
2456358.79289 16.93
2456358.79595 16.931
2456358.79901 16.906
2456358.80207 16.937
2456358.81264 16.953
2456358.8157 16.962
2456358.81875 16.957
2456358.84953 16.918
2456358.85258 16.91
2456358.85564 16.909
2456358.8587 16.942
2456358.86176 16.958
2456358.86483 16.942
2456358.87094 16.923
2456358.87399 16.946
2456358.87705 16.978
2456358.89928 16.937
2456358.90235 16.955
2456358.90541 16.975
2456358.90847 16.981
2456358.91154 16.976
2456358.9146 16.935
2456358.92424 16.936
2456358.92731 16.957
2456358.93038 16.976
2456358.93343 16.958
2456358.93648 16.944
2456358.93952 16.98
