2455152.57708 16.618
2455152.5831 16.596
2455152.58913 16.573
2455152.59214 16.589
2455152.61133 16.529
2455152.61434 16.538
2455152.61735 16.568
2455152.63241 16.607
2455152.63542 16.656
2455152.63955 16.62
2455152.64557 16.573
2455152.65162 16.568
2455152.68881 16.602
2455152.69181 16.584
2455152.69784 16.578
2455152.70195 16.592
2455152.70496 16.623
2455152.70797 16.612
2455152.71097 16.606
2455152.71397 16.62
2455152.71697 16.585
2455152.71998 16.55
2455152.75421 16.627
2455152.75722 16.664
2455152.76023 16.653
2455152.76514 16.615
2455152.76814 16.624
2455152.77114 16.562
2455152.77415 16.59
2455152.78016 16.562
2455152.78317 16.541
2455152.7963 16.589
2455152.79931 16.566
2455152.80233 16.554
2455152.80835 16.591
2455152.81135 16.604
2455152.81436 16.585
2455152.81736 16.59
2455152.82037 16.621
2455152.82337 16.613
2455152.8275 16.602
2455152.83051 16.632
2455152.83352 16.628
2455152.83653 16.582
2455152.83954 16.569
2455152.84254 16.581
2455152.84555 16.562
2455152.84856 16.546
2455152.85944 16.563
2455152.86245 16.562
2455152.86547 16.565
2455152.86847 16.599
2455152.87148 16.619
2455152.87451 16.633
2455152.87751 16.669
2455152.88052 16.632
2455152.88354 16.624
2455152.88655 16.626
2455152.89063 16.61
2455152.89363 16.599
2455152.92483 16.588
2455152.92784 16.606
2455152.93085 16.598
2455152.93386 16.619
2455152.93687 16.595
2455152.93988 16.574
2455152.98423 16.533
2455152.98723 16.581
2455152.99024 16.558
2455152.99326 16.599
2455152.99626 16.636
2455152.99927 16.644
2455153.00229 16.621
2455153.0053 16.625
2455153.00831 16.592
2455153.01133 16.58
2455153.01545 16.603
2455153.01845 16.568
2455153.02145 16.54
