2453994.65746 0.931
2453994.66065 0.944
2453994.66384 0.902
2453994.66703 0.915
2453994.6766 0.923
2453994.67978 0.921
2453994.68297 0.909
2453994.68616 0.912
2453994.69454 1.014
2453994.69773 0.999
2453994.70093 0.976
2453994.70411 0.977
2453994.7073 0.931
2453994.71049 0.945
2453994.71369 0.926
2453994.71687 0.897
2453994.72006 0.909
2453994.72325 0.924
2453994.73216 0.941
2453994.73536 0.954
2453994.74812 0.942
2453994.7545 0.951
2453994.76089 0.97
2453994.76841 0.947
2453994.7716 0.925
2453994.77478 0.905
2453994.77797 0.915
2453994.78116 0.898
2453994.78436 0.909
2453994.78756 0.913
2453994.79075 0.925
2453994.79394 0.94
2453994.79714 0.889
2453994.80565 0.915
2453994.80885 0.93
2453994.84866 0.931
2453994.85185 0.92
2453994.85504 0.971
2453994.85823 0.935
2453994.86142 0.973
2453994.86463 0.951
2453994.86781 0.933
2453994.871 0.955
2453994.88396 0.938
2453994.88716 0.938
2453994.89675 0.9
2453994.89994 0.916
2453994.90313 0.896
2453994.91732 0.879
2453994.92052 0.889
