2453997.59226 0.881
2453997.59545 0.873
2453997.60184 0.819
2453997.60504 0.804
2453997.60822 0.833
2453997.6114 0.798
2453997.6146 0.78
2453997.61779 0.849
2453997.62098 0.866
2453997.62905 0.858
2453997.63225 0.896
2453997.63544 0.885
2453997.64822 0.902
2453997.6514 0.871
2453997.65461 0.845
2453997.6578 0.914
2453997.66947 0.812
2453997.67266 0.841
2453997.67584 0.84
2453997.67903 0.853
2453997.68222 0.848
2453997.6854 0.859
2453997.68859 0.856
2453997.69178 0.848
2453997.69501 0.844
2453997.70359 0.899
2453997.70678 0.88
2453997.70997 0.881
2453997.71316 0.886
2453997.71636 0.871
2453997.71955 0.879
2453997.72274 0.885
2453997.72593 0.864
2453997.72912 0.858
2453997.73231 0.889
2453997.74039 0.871
2453997.74358 0.844
2453997.74677 0.861
2453997.74996 0.856
2453997.75315 0.859
2453997.75634 0.888
2453997.75953 0.854
2453997.76272 0.878
2453997.76591 0.937
2453997.7691 0.969
2453997.77667 0.939
2453997.77986 0.918
2453997.78306 0.925
2453997.78624 0.852
2453997.78942 0.809
2453997.79261 0.836
2453997.80215 0.863
2453997.8294 0.936
2453997.83578 0.874
2453997.83897 0.853
2453997.84216 0.871
2453997.85031 0.873
2453997.8535 0.814
2453997.85669 0.831
2453997.85988 0.789
2453997.86308 0.844
2453997.86627 0.843
2453997.86946 0.843
2453997.87266 0.87
2453997.87585 0.857
2453997.87905 0.894
