2456946.602278 +16.406
2456946.605293 +16.428
2456946.608307 +16.408
2456946.611320 +16.427
2456946.614333 +16.415
2456946.617348 +16.386
2456946.620363 +16.374
2456946.630076 +16.422
2456946.636100 +16.387
2456946.639103 +16.386
2456946.642110 +16.364
2456946.648138 +16.362
2456946.654154 +16.353
2456946.657167 +16.342
2456946.700697 +16.337
2456946.703709 +16.347
2456946.706719 +16.369
2456946.709732 +16.357
2456946.712750 +16.356
2456946.715763 +16.356
2456946.724807 +16.389
2456946.727817 +16.403
2456946.738712 +16.385
2456946.741727 +16.396
2456946.744744 +16.376
2456946.747763 +16.401
2456946.750781 +16.392
2456946.753799 +16.366
2456946.756812 +16.375
2456946.804909 +16.457
2456946.807925 +16.414
2456946.810950 +16.425
2456946.813962 +16.369
2456946.816972 +16.367
2456946.829028 +16.378
2456946.832056 +16.399
2456946.838665 +16.412
2456946.844704 +16.432
