2455238.5902 2.693
2455238.59391 2.724
2455238.59762 2.727
2455238.60135 2.701
2455238.60507 2.72
2455238.64854 2.624
2455238.65225 2.654
2455238.65597 2.637
2455238.65968 2.649
2455238.6634 2.635
2455238.67083 2.628
2455238.68701 2.596
2455238.69071 2.598
2455238.69442 2.615
2455238.69814 2.6
2455238.70185 2.598
2455238.70929 2.615
2455238.74407 2.565
2455238.75524 2.561
2455238.75896 2.579
2455238.76398 2.625
2455238.77142 2.604
2455238.77512 2.591
2455238.77884 2.611
2455238.78256 2.61
2455238.78628 2.617
2455238.78999 2.628
2455238.7937 2.586
2455238.80244 2.569
2455238.80616 2.57
2455238.80987 2.589
2455238.81359 2.574
2455238.8173 2.603
2455238.82472 2.601
2455238.83214 2.605
2455238.83585 2.626
2455238.84098 2.61
