2456353.60095 16.879
2456353.60693 16.891
2456353.60995 16.906
2456353.61295 16.884
2456353.61595 16.889
2456353.61896 16.924
2456353.62194 16.894
2456353.6298 16.853
2456353.6328 16.851
2456353.64478 16.869
2456353.64776 16.869
2456353.65077 16.878
2456353.65376 16.863
2456353.65676 16.87
2456353.67036 16.872
2456353.67337 16.887
2456353.67637 16.884
2456353.67938 16.903
2456353.68237 16.908
2456353.68536 16.916
2456353.71394 16.926
2456353.71693 16.919
2456353.71994 16.904
2456353.72293 16.891
2456353.72593 16.913
2456353.72893 16.933
2456353.82181 16.997
2456353.82782 16.993
2456353.83082 17.008
2456353.84547 17.0
2456353.84847 16.981
2456353.85446 16.973
2456353.86045 16.981
2456353.86943 16.961
2456353.87999 16.93
2456353.88299 16.934
2456353.88598 16.908
2456353.88898 16.919
2456353.91477 16.891
2456353.91776 16.885
2456353.92076 16.877
2456353.92376 16.881
2456353.92676 16.88
2456353.92976 16.869
2456353.93276 16.878
2456353.93576 16.887
2456353.93876 16.907
2456353.94175 16.883
2456353.95272 16.86
2456353.95572 16.874
2456353.95873 16.89
2456353.96172 16.876
2456353.97371 16.887
2456353.9767 16.851
2456353.98417 16.859
2456353.99017 16.868
2456353.99917 16.87
2456354.00514 16.901
2456354.00814 16.893
2456354.01113 16.894
2456354.01863 16.925
