2456365.60965 17.165
2456365.6127 17.229
2456365.61573 17.257
2456365.61878 17.274
2456365.62182 17.252
2456365.62486 17.206
2456365.6279 17.192
2456365.63702 17.282
2456365.64513 17.306
2456365.64817 17.337
2456365.65121 17.277
2456365.6573 17.284
2456365.66034 17.296
2456365.66338 17.277
2456365.66642 17.271
2456365.66947 17.303
2456365.67251 17.311
2456365.68028 17.331
2456365.68332 17.258
2456365.68941 17.253
2456365.69246 17.285
2456365.6955 17.323
2456365.69854 17.315
2456365.70158 17.342
2456365.71558 17.309
2456365.72167 17.206
2456365.72471 17.195
2456365.72775 17.259
2456365.73081 17.235
2456365.73384 17.247
2456365.73688 17.277
2456365.74297 17.22
2456365.75143 17.256
2456365.75448 17.281
2456365.75752 17.236
2456365.76051 17.251
2456365.76357 17.186
2456365.7666 17.207
2456365.76965 17.189
2456365.7727 17.227
2456365.77574 17.232
2456365.77879 17.173
2456365.78694 17.158
2456365.78999 17.167
2456365.79304 17.191
2456365.79609 17.154
2456365.79915 17.156
2456365.80219 17.198
2456365.80524 17.244
2456365.80828 17.212
2456365.81132 17.242
2456365.81436 17.282
2456365.82205 17.258
2456365.82509 17.265
2456365.82813 17.288
2456365.83118 17.198
2456365.83422 17.22
2456365.83727 17.201
2456365.8403 17.187
2456365.84334 17.23
2456365.84638 17.227
2456365.84941 17.25
2456365.85697 17.247
2456365.86001 17.219
2456365.86304 17.204
2456365.86608 17.266
2456365.86912 17.273
2456365.87217 17.275
2456365.87521 17.26
2456365.88129 17.228
2456365.88433 17.25
2456365.89386 17.185
2456365.8969 17.148
2456365.89993 17.143
