2455242.57377 2.414
2455242.57748 2.436
2455242.58491 2.391
2455242.58862 2.395
2455242.59976 2.34
2455242.60657 2.329
2455242.6103 2.329
2455242.62143 2.334
2455242.62514 2.359
2455242.62884 2.357
2455242.63256 2.389
2455242.63628 2.359
2455242.64542 2.392
2455242.66147 2.366
2455242.66539 2.366
2455242.67303 2.366
2455242.67697 2.353
2455242.68638 2.372
2455242.6901 2.364
2455242.69382 2.374
2455242.69754 2.357
2455242.70126 2.341
2455242.70497 2.344
2455242.70869 2.352
2455242.71241 2.351
2455242.74718 2.409
2455242.75089 2.393
2455242.75461 2.379
2455242.75831 2.412
2455242.76338 2.43
2455242.7671 2.446
2455242.77082 2.424
2455242.82041 2.438
2455242.82784 2.414
2455242.8485 2.413
2455242.85222 2.43
2455242.85593 2.456
