2455244.58219 2.165
2455244.5895 2.123
2455244.59316 2.141
2455244.59681 2.089
2455244.60047 2.112
2455244.60412 2.127
2455244.60778 2.086
2455244.63245 2.03
2455244.63975 2.048
2455244.6434 2.05
2455244.64706 2.042
2455244.65071 2.04
2455244.65436 2.036
2455244.66014 2.023
2455244.66379 2.02
2455244.6711 1.981
2455244.67476 1.999
2455244.67841 2.016
2455244.68207 2.014
2455244.6986 1.978
2455244.71693 1.979
2455244.72059 2.006
2455244.72424 2.002
2455244.73715 1.991
2455244.75177 2.007
2455244.75544 1.984
2455244.79018 2.006
2455244.79384 2.03
2455244.79749 2.042
2455244.80115 2.077
2455244.8048 2.071
2455244.80845 2.06
2455244.81389 2.047
2455244.81754 2.023
2455244.82119 2.011
