2453461.65788 2.195
2453461.66058 2.252
2453461.66329 2.217
2453461.66596 2.229
2453461.66865 2.357
2453461.67133 2.33
2453461.67405 2.368
2453461.67677 2.387
2453461.67946 2.409
2453461.68216 2.423
2453461.68485 2.406
2453461.68753 2.45
2453461.71003 2.448
2453461.71275 2.445
2453461.72094 2.425
2453461.72367 2.42
2453461.72642 2.375
2453461.72915 2.344
2453461.73187 2.284
2453461.73824 2.318
2453461.74096 2.215
2453461.74368 2.209
2453461.74642 2.264
2453461.74915 2.277
2453461.75188 2.273
2453461.79589 2.287
2453461.80667 2.27
2453461.80939 2.239
2453461.81212 2.245
2453461.81486 2.22
2453461.82032 2.218
2453461.82668 2.216
2453461.8294 2.228
2453461.83213 2.234
2453461.83488 2.277
2453461.84307 2.296
2453461.84579 2.308
2453461.84852 2.33
2453461.85126 2.316
2453461.85398 2.317
2453461.85673 2.339
2453461.85946 2.348
2453461.86218 2.326
2453461.86491 2.314
2453461.87128 2.3
2453461.874 2.279
2453461.88492 2.296
2453461.89037 2.242
2453461.8931 2.204
2453461.89585 2.258
2453461.93513 2.188
2453461.93787 2.206
2453461.94059 2.239
2453461.94332 2.302
2453461.94605 2.321
2453461.9488 2.31
2453461.95152 2.274
2453461.96065 2.289
2453461.96338 2.248
2453461.9661 2.248
2453461.96883 2.206
2453461.9743 2.225
2453461.9852 2.198
