2455799.99126 1.97
2455799.99355 1.949
2455799.99587 1.91
2455800.01351 1.793
2455800.0158 1.812
2455800.0181 1.811
2455800.03574 1.978
2455800.03807 1.995
2455800.04037 1.995
2455800.05807 1.897
2455800.06036 1.887
2455800.06263 1.859
2455800.08027 1.788
2455800.08254 1.793
2455800.08486 1.822
2455800.10255 1.893
2455800.10483 1.9
2455800.10713 1.92
2455800.12476 1.946
2455800.12705 1.934
2455800.12934 1.931
2455800.14699 1.91
2455800.14931 1.914
2455800.15159 1.877
2455800.16926 1.854
2455800.17156 1.845
2455800.17384 1.844
2455800.19152 1.97
2455800.19382 1.952
2455800.1961 1.995
2455800.21389 1.943
2455800.21617 1.916
2455800.21848 1.905
2455800.23738 1.819
2455800.23969 1.804
2455800.24197 1.848
2455800.25752 1.928
2455800.25979 1.932
2455800.26208 1.94
2455800.26906 1.952
2455800.27133 1.974
2455800.27361 1.962
2455800.27655 1.981
2455800.27883 2.009
2455800.2811 2.004
2455800.28404 1.944
2455800.28631 1.891
2455800.28862 1.873
2455800.29153 1.909
2455800.29383 1.946
2455800.29616 1.91
2455800.29909 1.919
2455800.30135 1.936
2455800.30368 1.947
2455800.30659 1.956
2455800.30888 1.911
2455800.31118 1.94
2455800.31411 1.957
2455800.31639 1.913
2455800.31866 1.927
