2455850.90228 1.966
2455850.92771 1.973
2455850.93001 2.036
2455850.93233 2.03
2455850.96304 1.896
2455850.99127 1.975
2455850.99358 1.984
2455850.99588 1.983
2455851.02186 2.039
2455851.02414 2.069
2455851.02646 2.023
2455851.05192 1.935
2455851.05419 1.94
2455851.05652 1.935
2455851.08201 2.036
2455851.08431 2.051
2455851.08661 2.049
2455851.11208 1.985
2455851.11438 1.993
2455851.11666 1.94
2455851.13199 1.902
2455851.13428 1.917
2455851.1366 1.89
2455851.15188 1.95
2455851.15417 1.988
2455851.15645 2.02
2455851.17169 2.112
2455851.17401 2.13
2455851.17631 2.121
2455851.18389 2.123
2455851.18616 2.104
2455851.18843 2.127
2455851.19571 2.137
2455851.19799 2.096
2455851.20031 2.066
2455851.20756 2.147
2455851.20986 2.13
2455851.21215 2.128
2455851.21934 2.09
2455851.22164 2.081
2455851.22392 2.134
2455851.23063 2.094
2455851.23293 2.104
2455851.23521 2.103
2455851.23816 2.119
2455851.24046 2.128
2455851.24277 2.14
2455851.24571 2.142
2455851.248 2.102
2455851.25031 2.107
2455851.2578 2.076
2455851.26075 2.042
2455851.26306 2.06
2455851.26536 2.011
