2455806.97416 0.673
2455806.99451 0.608
2455806.99684 0.558
2455806.99918 0.552
2455807.01914 0.562
2455807.02146 0.536
2455807.02377 0.58
2455807.04381 0.677
2455807.04613 0.673
2455807.04844 0.686
2455807.06836 0.648
2455807.07069 0.649
2455807.07302 0.668
2455807.0931 0.612
2455807.09542 0.571
2455807.09777 0.586
2455807.11794 0.686
2455807.12026 0.689
2455807.12254 0.701
2455807.1426 0.701
2455807.14498 0.691
2455807.14729 0.68
2455807.1673 0.637
2455807.16962 0.661
2455807.17192 0.654
2455807.19193 0.815
2455807.19423 0.846
2455807.19659 0.823
2455807.21667 0.886
2455807.21899 0.836
2455807.22132 0.809
2455807.23924 0.686
2455807.24162 0.671
2455807.24394 0.636
2455807.25359 0.617
2455807.25597 0.606
2455807.2583 0.567
2455807.26791 0.612
2455807.27029 0.589
2455807.27263 0.609
2455807.28227 0.741
2455807.2846 0.715
2455807.28692 0.728
2455807.29649 0.787
2455807.29883 0.688
2455807.30113 0.72
