2455852.89597 1.696
2455852.89829 1.705
2455852.90057 1.699
2455852.92032 1.62
2455852.9226 1.611
2455852.92493 1.563
2455852.94495 1.543
2455852.94727 1.567
2455852.94957 1.564
2455852.97383 1.63
2455852.97615 1.685
2455852.97844 1.692
2455853.00241 1.715
2455853.00469 1.725
2455853.007 1.693
2455853.03056 1.677
2455853.03288 1.656
2455853.0352 1.666
2455853.05859 1.79
2455853.06089 1.761
2455853.06318 1.735
2455853.08712 1.576
2455853.08942 1.582
2455853.09173 1.591
2455853.11557 1.556
2455853.11787 1.627
2455853.12016 1.58
2455853.14203 1.661
2455853.14432 1.732
2455853.14661 1.689
2455853.16808 1.532
2455853.17039 1.602
2455853.17267 1.567
2455853.17993 1.485
2455853.18225 1.535
2455853.18453 1.544
2455853.19182 1.536
2455853.1941 1.617
2455853.19639 1.602
2455853.20394 1.716
2455853.20854 1.73
2455853.21588 1.731
2455853.21817 1.731
2455853.22049 1.721
2455853.22341 1.697
2455853.22571 1.726
2455853.22801 1.7
2455853.23093 1.678
2455853.23325 1.643
2455853.23553 1.671
2455853.2385 1.674
2455853.2408 1.633
2455853.24309 1.619
2455853.24605 1.617
2455853.24833 1.609
2455853.25061 1.624
2455853.25354 1.569
2455853.25586 1.588
2455853.25816 1.638
