2455854.89402 2.203
2455854.90869 2.115
2455854.91626 2.168
2455854.93388 2.271
2455854.95763 2.349
2455854.95993 2.33
2455854.9847 2.2
2455854.98699 2.209
2455854.98931 2.25
2455855.00358 2.196
2455855.00586 2.23
2455855.00816 2.21
2455855.02228 2.282
2455855.02457 2.302
2455855.02689 2.295
2455855.04093 2.275
2455855.04324 2.26
2455855.04552 2.256
2455855.05951 2.195
2455855.06182 2.162
2455855.06411 2.135
2455855.07867 2.158
2455855.08323 2.155
2455855.09767 2.309
2455855.1 2.333
2455855.10228 2.343
2455855.11453 2.291
2455855.11682 2.315
2455855.11912 2.302
2455855.13146 2.203
2455855.13377 2.17
2455855.13608 2.181
2455855.14814 2.175
2455855.15042 2.186
2455855.15273 2.224
2455855.16502 2.181
2455855.16729 2.183
2455855.1696 2.188
2455855.18191 2.318
2455855.1842 2.329
2455855.18648 2.328
2455855.19883 2.3
2455855.20115 2.275
2455855.20344 2.258
2455855.21557 2.237
2455855.21788 2.17
2455855.22019 2.156
2455855.23241 2.163
2455855.23473 2.1
2455855.24899 2.303
2455855.25133 2.342
2455855.25366 2.417
