2453227.758370 +0.986
2453227.759850 +1.033
2453227.761330 +0.916
2453227.763910 +0.968
2453227.765400 +0.958
2453227.774990 +1.012
2453227.776460 +1.010
2453227.777940 +0.956
2453227.782000 +1.004
2453227.786070 +1.017
2453227.787540 +1.028
2453227.789030 +1.063
2453227.791600 +1.159
2453227.793080 +1.066
2453227.794560 +1.115
2453227.797130 +1.246
2453227.798630 +1.228
2453227.800110 +1.246
2453227.802690 +1.204
2453227.804170 +1.097
2453227.808220 +1.022
2453227.809700 +0.991
2453227.811170 +0.981
2453227.813740 +1.050
2453227.815220 +0.906
2453227.816700 +0.845
2453227.819300 +0.907
2453227.822260 +0.848
2453227.824830 +0.841
2453227.827780 +0.921
2453227.830360 +0.910
2453227.831840 +0.909
2453227.833340 +0.904
2453227.835910 +0.928
2453227.837390 +0.973
2453227.838870 +0.943
2453227.841440 +1.000
2453227.842920 +1.082
2453227.844400 +1.012
2453227.846960 +1.181
2453227.848440 +1.213
2453227.849920 +1.167
2453227.852490 +1.103
2453227.853980 +1.123
2453227.855470 +1.092
2453227.858040 +1.081
2453227.859520 +1.041
2453227.861000 +1.091
2453227.863580 +1.043
2453227.865060 +1.026
2453227.866540 +0.976
2453227.869100 +0.924
2453227.870580 +0.918
2453227.872060 +0.899
2453227.874640 +0.911
2453227.876130 +0.920
2453227.877610 +0.917
2453227.880180 +0.918
2453227.881660 +0.951
2453227.883140 +0.914
2453227.885710 +0.981
2453227.887190 +0.869
2453227.888650 +0.906
2453227.891230 +0.952
2453227.894190 +0.952
2453227.896770 +1.029
2453227.898260 +1.035
2453227.899740 +1.003
2453227.902290 +1.064
2453227.903780 +1.056
2453227.909310 +1.206
2453227.910790 +1.132
2453227.913370 +1.124
2453227.914850 +1.106
2453227.916330 +1.115
2453227.918910 +0.957
2453227.920400 +0.978
2453227.921880 +0.997
2453227.924470 +0.956
2453227.925950 +0.942
2453227.927430 +0.899
2453227.935520 +0.843
2453227.937020 +0.845
2453227.938500 +0.839
2453227.941080 +0.846
2453227.944030 +0.880
2453227.946610 +0.912
2453227.948090 +0.912
2453227.949570 +0.953
2453227.952130 +0.982
2453227.955100 +1.072
2453227.957690 +1.151
2453227.959170 +1.135
2453227.960650 +1.142
2453227.963220 +1.096
2453227.964690 +1.068
2453227.966170 +1.032
2453227.968750 +1.040
2453227.970230 +1.100
2453227.971730 +1.090
2453227.974300 +0.939
2453227.975780 +0.886
2453227.977260 +0.902
2453227.979830 +0.943
2453227.981310 +0.890
2453227.982790 +0.862
2453227.985380 +0.888
2453227.986850 +0.871
2453227.988340 +0.941
2453227.990910 +0.903
2453227.992370 +0.874
2453227.993870 +0.922
2453227.996440 +0.897
2453227.997920 +0.965
2453227.999410 +0.953
