2453226.762790 +1.400
2453226.764260 +1.449
2453226.766830 +1.385
2453226.768310 +1.467
2453226.769780 +1.430
2453226.772350 +1.465
2453226.775300 +1.459
2453226.777870 +1.518
2453226.779350 +1.521
2453226.780830 +1.505
2453226.783400 +1.556
2453226.784880 +1.452
2453226.786360 +1.546
2453226.788930 +1.453
2453226.790410 +1.484
2453226.791880 +1.546
2453226.794450 +1.614
2453226.795930 +1.547
2453226.797400 +1.670
2453226.799980 +1.672
2453226.801450 +1.676
2453226.805500 +1.666
2453226.806980 +1.585
2453226.808450 +1.649
2453226.811030 +1.686
2453226.812500 +1.548
2453226.813980 +1.614
2453226.816550 +1.560
2453226.818020 +1.488
2453226.819490 +1.488
2453226.822070 +1.373
2453226.823540 +1.430
2453226.825030 +1.433
2453226.827600 +1.413
2453226.829070 +1.395
2453226.833120 +1.382
2453226.834600 +1.378
2453226.836070 +1.357
2453226.838640 +1.414
2453226.840120 +1.345
2453226.841590 +1.415
2453226.844170 +1.458
2453226.845640 +1.382
2453226.847120 +1.519
2453226.849690 +1.510
2453226.851170 +1.458
2453226.852640 +1.508
2453226.856690 +1.632
2453226.858170 +1.630
2453226.860740 +1.605
2453226.862210 +1.595
2453226.863690 +1.508
2453226.866260 +1.532
2453226.867750 +1.505
2453226.869220 +1.483
2453226.871780 +1.413
2453226.873270 +1.377
2453226.874740 +1.395
2453226.877320 +1.452
2453226.878790 +1.434
2453226.880270 +1.446
2453226.882840 +1.375
2453226.885790 +1.416
2453226.891310 +1.425
2453226.893880 +1.455
2453226.895360 +1.399
2453226.896830 +1.462
2453226.899400 +1.436
2453226.900880 +1.568
2453226.904930 +1.534
2453226.906410 +1.559
2453226.907890 +1.528
2453226.910450 +1.515
2453226.911940 +1.636
2453226.913400 +1.685
2453226.915970 +1.689
2453226.917440 +1.713
2453226.918920 +1.705
2453226.921500 +1.555
2453226.922980 +1.638
2453226.924460 +1.549
2453226.927030 +1.472
2453226.928500 +1.367
2453226.929970 +1.391
2453226.939540 +1.344
2453226.941020 +1.342
2453226.943590 +1.378
2453226.945060 +1.313
2453226.946540 +1.296
2453226.949110 +1.353
2453226.950580 +1.364
2453226.952060 +1.423
2453226.954630 +1.358
2453226.956100 +1.466
2453226.957580 +1.540
2453226.960150 +1.544
2453226.961640 +1.493
2453226.963100 +1.558
2453226.996250 +1.345
2453226.998810 +1.411
2453227.000290 +1.339
2453227.001760 +1.407
2453227.004340 +1.541
2453227.005830 +1.506
2453227.007290 +1.468
2453227.011340 +1.458
2453227.012820 +1.432
