2457101.631849 +18.101
2457101.634858 +18.058
2457101.637864 +18.035
2457101.640870 +18.013
2457101.643878 +18.046
2457101.646881 +18.076
2457101.652900 +18.082
2457101.662554 +18.157
2457101.665559 +18.079
2457101.668556 +18.197
2457101.699185 +18.188
2457101.702186 +18.098
2457101.705191 +18.167
2457101.708195 +18.092
2457101.711196 +18.128
2457101.714196 +18.103
2457101.717197 +18.089
2457101.720201 +18.166
2457101.723204 +18.149
2457101.768366 +18.066
2457101.774369 +18.053
2457101.777370 +18.076
2457101.780371 +18.103
2457101.783375 +18.122
2457101.786377 +18.136
2457101.789375 +18.141
2457101.792381 +18.089
2457101.820073 +18.089
2457101.826088 +18.103
2457101.834630 +18.108
2457101.837641 +18.158
2457101.855670 +18.033
2457101.858683 +18.054
2457101.861688 +18.059
2457101.871443 +18.117
