2457039.812676 +17.340
2457039.815658 +17.310
2457039.821616 +17.339
2457039.824614 +17.336
2457039.827600 +17.286
2457039.830588 +17.286
2457039.833571 +17.284
2457039.836556 +17.317
2457039.839575 +17.281
2457039.845914 +17.277
2457039.848893 +17.279
2457039.851877 +17.310
2457039.854862 +17.265
2457039.857848 +17.299
2457039.860839 +17.292
2457039.863818 +17.335
2457039.866803 +17.249
2457039.869784 +17.274
2457039.872766 +17.295
2457039.881232 +17.335
2457039.884224 +17.357
2457039.893194 +17.379
2457039.896183 +17.401
2457039.899177 +17.376
2457039.902176 +17.421
2457039.905173 +17.352
2457039.917515 +17.342
2457039.923495 +17.302
2457039.926485 +17.318
2457039.932460 +17.325
2457039.935444 +17.374
2457039.938449 +17.345
2457039.941436 +17.359
2457039.950622 +17.305
2457039.953596 +17.276
2457039.956580 +17.344
2457039.959556 +17.300
2457039.962540 +17.271
2457039.965534 +17.297
2457039.968513 +17.270
2457039.971497 +17.276
2457039.977461 +17.277
2457039.984090 +17.247
2457039.987076 +17.282
2457039.990055 +17.269
2457039.993041 +17.271
2457039.996016 +17.313
2457039.999000 +17.302
2457040.001981 +17.284
2457040.004969 +17.339
2457040.007949 +17.375
2457040.010931 +17.396
2457040.019514 +17.388
2457040.022488 +17.380
2457040.025469 +17.334
2457040.031431 +17.390
2457040.034406 +17.353
2457040.037393 +17.352
2457040.040369 +17.370
2457040.043353 +17.388
2457040.059174 +17.392
2457040.062161 +17.370
2457040.065147 +17.346
2457040.068134 +17.334
2457040.071111 +17.255
2457040.074100 +17.262
