2454719.92607 1.131
2454719.92809 1.092
2454719.93102 1.159
2454719.93278 1.152
2454719.93566 1.109
2454719.93743 1.104
2454719.94067 1.105
2454719.94272 1.067
2454719.94519 1.044
2454719.94744 1.049
2454719.95006 1.03
2454719.95206 1.028
2454719.95466 1.058
2454719.95642 1.035
2454719.95929 1.093
2454719.96105 1.11
2454719.96391 1.104
2454719.96566 1.16
2454719.96852 1.131
2454719.9703 1.122
2454719.97316 1.145
2454719.97506 1.154
2454719.97774 1.154
2454719.97971 1.195
2454719.98221 1.172
2454719.98397 1.208
2454719.98698 1.161
2454719.98874 1.181
2454719.99162 1.155
2454719.99338 1.138
2454719.99627 1.144
2454719.99802 1.095
2454720.00093 1.11
2454720.00269 1.099
2454720.00548 1.077
2454720.00745 1.083
2454720.01031 1.082
2454720.01211 1.076
2454720.01498 1.09
2454720.01688 1.086
2454720.01955 1.102
2454720.02152 1.092
2454720.03678 1.152
2454720.03854 1.152
2454720.05434 1.117
2454720.0561 1.097
2454720.07169 1.07
2454720.0736 1.065
2454720.08913 1.167
2454720.091 1.167
2454720.10688 1.166
2454720.10906 1.15
2454720.12403 1.06
2454720.12579 1.055
2454720.14164 1.157
2454720.1434 1.149
2454720.15899 1.164
2454720.16075 1.17
2454720.1763 1.071
2454720.17833 1.063
2454720.19366 1.105
2454720.19568 1.119
2454720.21087 1.219
2454720.21274 1.182
2454720.22798 1.113
2454720.22964 1.106
2454720.24457 1.085
2454720.24624 1.067
2454720.26137 1.179
2454720.26303 1.172
2454720.2783 1.147
2454720.28014 1.136
2454720.29537 1.054
2454720.29704 1.047
