2454710.93556 0.26
2454710.93826 0.294
2454710.94086 0.271
2454710.9572 0.246
2454710.95965 0.241
2454710.96266 0.211
2454710.97848 0.162
2454710.98096 0.169
2454710.98392 0.189
2454710.99988 0.3
2454711.00234 0.302
2454711.00509 0.28
2454711.02139 0.188
2454711.02401 0.192
2454711.027 0.169
2454711.04316 0.234
2454711.04587 0.249
2454711.04832 0.261
2454711.06472 0.276
2454711.06718 0.283
2454711.07014 0.273
2454711.08644 0.182
2454711.08913 0.183
2454711.09161 0.195
2454711.10809 0.261
2454711.11054 0.279
2454711.11337 0.29
2454711.13516 0.203
2454711.13782 0.173
2454711.14028 0.16
2454711.15655 0.237
2454711.15912 0.239
2454711.16173 0.266
2454711.17814 0.296
2454711.18059 0.298
2454711.18338 0.304
2454711.19973 0.177
2454711.20226 0.207
2454711.20492 0.187
2454711.20875 0.185
2454711.21147 0.21
2454711.21439 0.242
2454711.21847 0.236
2454711.22173 0.282
2454711.22814 0.288
2454711.23059 0.296
2454711.23397 0.316
2454711.23725 0.316
2454711.24028 0.265
2454711.24388 0.293
2454711.24763 0.225
2454711.25028 0.233
2454711.2528 0.204
2454711.25647 0.164
2454711.25894 0.17
2454711.26178 0.209
2454711.26541 0.203
2454711.26795 0.241
2454711.27094 0.231
2454711.27469 0.27
2454711.27735 0.282
2454711.28008 0.304
2454711.28389 0.298
2454711.28634 0.299
