2456680.60004 17.358
2456680.60301 17.413
2456680.60599 17.385
2456680.60897 17.425
2456680.61194 17.383
2456680.61492 17.396
2456680.63495 17.4
2456680.63792 17.375
2456680.64089 17.364
2456680.64386 17.365
2456680.64683 17.374
2456680.6498 17.404
2456680.65277 17.335
2456680.65574 17.355
2456680.65871 17.381
2456680.66169 17.355
2456680.66833 17.318
2456680.6713 17.363
2456680.67428 17.358
2456680.67726 17.345
2456680.68022 17.39
2456680.68319 17.38
2456680.68616 17.386
2456680.68913 17.33
2456680.6921 17.315
2456680.69508 17.351
2456680.70354 17.347
2456680.70651 17.377
2456680.70947 17.372
2456680.71244 17.377
2456680.7154 17.38
2456680.71838 17.373
2456680.72135 17.351
2456680.72431 17.372
2456680.72728 17.367
2456680.73026 17.34
2456680.73681 17.345
2456680.73977 17.317
2456680.74275 17.33
2456680.74573 17.328
2456680.75166 17.333
2456680.75761 17.336
2456680.76057 17.344
2456680.76354 17.304
2456680.77145 17.316
2456680.77441 17.346
2456680.78331 17.301
2456680.78629 17.29
2456680.79816 17.333
2456680.80481 17.305
2456680.80778 17.292
2456680.81074 17.317
