2456678.62825 17.127
2456678.63126 17.164
2456678.63427 17.135
2456678.63728 17.121
2456678.64032 17.111
2456678.64333 17.128
2456678.64633 17.104
2456678.64934 17.158
2456678.65235 17.111
2456678.71018 17.119
2456678.71314 17.149
2456678.71611 17.114
2456678.71907 17.14
2456678.72204 17.13
2456678.72502 17.136
2456678.73515 17.117
2456678.73811 17.121
2456678.74107 17.186
2456678.74403 17.162
2456678.74703 17.165
2456678.74999 17.153
2456678.75295 17.196
2456678.75591 17.196
2456678.75888 17.149
2456678.76184 17.163
2456678.77504 17.134
2456678.77801 17.142
2456678.78098 17.131
2456678.78395 17.166
2456678.78691 17.137
2456678.78987 17.185
2456678.79284 17.161
2456678.79582 17.113
2456678.80685 17.176
2456678.80982 17.178
2456678.81279 17.139
2456678.81576 17.108
2456678.84 17.139
2456678.84297 17.131
2456678.84594 17.194
2456678.8489 17.177
2456678.85188 17.193
2456678.85485 17.201
