2456077.65509 16.65
2456077.65802 16.645
2456077.66095 16.707
2456077.6727 16.669
2456077.67563 16.684
2456077.68834 16.686
2456077.69127 16.683
2456077.6942 16.741
2456077.69713 16.719
2456077.70006 16.735
2456077.703 16.733
2456077.70593 16.753
2456077.70886 16.682
2456077.71179 16.662
2456077.71473 16.631
2456077.72451 16.695
2456077.72745 16.692
2456077.73039 16.674
2456077.73331 16.676
2456077.73626 16.684
2456077.7392 16.673
2456077.74213 16.635
2456077.74505 16.644
2456077.74803 16.601
2456077.75095 16.639
2456077.75778 16.669
2456077.7695 16.655
2456077.77243 16.632
2456077.77536 16.664
2456077.77829 16.649
2456077.78122 16.649
2456077.78416 16.652
2456077.79787 16.743
2456077.80081 16.732
2456077.80374 16.761
2456077.80667 16.692
2456077.80961 16.723
2456077.81254 16.722
2456077.81547 16.677
2456077.8184 16.685
2456077.83012 16.688
2456077.83306 16.707
2456077.836 16.723
2456077.83893 16.699
2456077.84187 16.666
2456077.8448 16.638
2456077.84774 16.691
2456077.85067 16.694
2456077.85363 16.664
2456077.86218 16.738
2456077.86806 16.693
2456077.871 16.699
2456077.87393 16.671
2456077.8798 16.665
2456077.88274 16.659
2456077.88567 16.677
2456077.88861 16.666
2456077.89721 16.725
2456077.90016 16.734
2456077.90309 16.689
2456077.90602 16.726
2456077.90896 16.706
2456077.91189 16.703
2456077.91777 16.691
2456077.9207 16.688
2456077.92364 16.671
2456077.93218 16.659
