2456676.59831 17.129
2456676.60132 17.096
2456676.60735 17.077
2456676.61036 17.071
2456676.61337 17.096
2456676.63091 17.11
2456676.63392 17.092
2456676.63694 17.117
2456676.63995 17.13
2456676.64297 17.153
2456676.64598 17.124
2456676.652 17.134
2456676.66173 17.111
2456676.66473 17.106
2456676.66773 17.114
2456676.67074 17.102
2456676.67375 17.121
2456676.6828 17.11
2456676.68581 17.108
2456676.69732 17.078
2456676.70334 17.091
2456676.70634 17.076
2456676.70935 17.061
2456676.71236 17.117
2456676.71538 17.103
2456676.71839 17.092
2456676.72141 17.072
2456676.72442 17.118
2456676.73084 17.148
2456676.73385 17.12
2456676.73686 17.147
2456676.73986 17.131
2456676.75192 17.107
2456676.75493 17.12
2456676.76788 17.108
2456676.7709 17.081
2456676.77391 17.118
2456676.77693 17.099
2456676.78597 17.062
2456676.80745 17.131
2456676.81047 17.1
2456676.81649 17.169
2456676.82251 17.203
2456676.82553 17.156
2456676.82854 17.149
2456676.83956 17.098
2456676.85766 17.114
2456676.86067 17.12
