2455450.86826 2.089
2455450.8709 2.081
2455450.87362 2.086
2455450.8814 2.119
2455450.88402 2.052
2455450.88662 2.104
2455450.89608 2.124
2455450.8987 2.152
2455450.90132 2.2
2455450.91118 2.239
2455450.9138 2.193
2455450.91652 2.216
2455450.92603 2.137
2455450.92879 2.142
2455450.93141 2.144
2455450.94115 2.2
2455450.94376 2.18
2455450.94638 2.197
2455450.95637 2.222
2455450.95898 2.148
2455450.96171 2.145
2455450.97527 2.191
2455450.97788 2.128
2455450.98053 2.174
2455450.99401 2.101
2455450.99667 2.081
2455450.99932 2.086
2455451.01315 2.053
2455451.0158 2.079
2455451.01845 2.121
2455451.0509 2.125
2455451.05354 2.138
2455451.0562 2.132
2455451.06983 2.145
2455451.07248 2.132
2455451.07505 2.125
2455451.08881 2.263
2455451.09139 2.226
2455451.09396 2.217
2455451.10741 2.103
2455451.10998 2.142
2455451.11255 2.15
2455451.12582 2.108
2455451.12839 2.092
2455451.13096 2.079
2455451.14439 2.154
2455451.14696 2.188
2455451.14953 2.137
2455451.16233 2.114
2455451.1649 2.123
2455451.16747 2.1
2455451.17729 2.166
2455451.17993 2.112
2455451.1825 2.128
