2455322.85087 2.612
2455322.85426 2.635
2455322.85776 2.526
2455322.86174 2.633
2455322.86514 2.654
2455322.86853 2.58
2455322.88234 2.724
2455322.88574 2.669
2455322.88927 2.667
2455322.90363 2.592
2455322.90704 2.601
2455322.9106 2.568
2455322.92513 2.572
2455322.92855 2.515
2455322.93196 2.545
2455322.94664 2.614
2455322.95008 2.583
2455322.95354 2.576
2455322.96802 2.616
2455322.97141 2.566
2455322.97482 2.558
2455322.99008 2.635
2455322.99348 2.638
2455322.99689 2.655
2455323.01129 2.635
2455323.01471 2.665
2455323.01822 2.583
2455323.03249 2.605
2455323.03589 2.634
2455323.03933 2.565
2455323.05348 2.618
2455323.05689 2.658
2455323.06029 2.617
2455323.07506 2.481
2455323.07833 2.484
2455323.08162 2.491
2455323.0951 2.665
2455323.09838 2.632
2455323.10166 2.642
2455323.11874 2.565
2455323.12204 2.559
2455323.13566 2.573
2455323.13894 2.593
2455323.14221 2.579
2455323.15574 2.535
2455323.15902 2.588
2455323.16229 2.666
2455323.18142 2.616
2455323.18471 2.553
2455323.18799 2.63
