2455444.64075 15.696
2455444.64354 15.681
2455444.64418 15.714
2455444.64583 15.674
2455444.64647 15.674
2455444.64711 15.708
2455444.64774 15.72
2455444.64838 15.695
2455444.64902 15.727
2455444.64965 15.676
2455444.65029 15.727
2455444.65094 15.729
2455444.65157 15.725
2455444.65222 15.675
2455444.65286 15.718
2455444.6535 15.682
2455444.65413 15.698
2455444.65477 15.689
2455444.65541 15.695
2455444.66369 15.726
2455444.66433 15.725
2455444.66497 15.683
2455444.6656 15.692
2455444.66624 15.699
2455444.66689 15.683
2455444.66752 15.671
2455444.66816 15.65
2455444.6688 15.718
2455444.66943 15.711
2455444.67007 15.699
2455444.67071 15.695
2455444.67134 15.694
2455444.67262 15.673
2455444.67325 15.677
2455444.67389 15.668
2455444.67453 15.662
2455444.67516 15.674
2455444.6758 15.646
2455444.67644 15.659
2455444.67707 15.64
2455444.67771 15.66
2455444.67835 15.646
2455444.67899 15.66
2455444.68027 15.652
2455444.68154 15.657
2455444.69049 15.735
2455444.69112 15.702
2455444.69176 15.712
2455444.6924 15.721
2455444.69303 15.727
2455444.69367 15.701
2455444.69431 15.716
2455444.69494 15.71
2455444.69558 15.73
2455444.69622 15.731
2455444.69685 15.712
2455444.69749 15.751
2455444.69813 15.716
2455444.69876 15.71
2455444.6994 15.691
2455444.70004 15.723
2455444.70067 15.707
2455444.70131 15.688
2455444.70194 15.698
2455444.70258 15.729
2455444.70322 15.704
2455444.70385 15.708
2455444.70449 15.691
2455444.70513 15.724
2455444.70576 15.735
2455444.7064 15.724
2455444.70704 15.745
2455444.70767 15.716
2455444.70831 15.725
2455444.70895 15.748
2455444.70958 15.73
2455444.71023 15.71
2455444.71087 15.696
2455444.71151 15.739
2455444.71214 15.746
2455444.71278 15.705
2455444.71343 15.725
2455444.71406 15.712
2455444.7147 15.685
2455444.71535 15.679
2455444.71598 15.688
2455444.71662 15.67
2455444.71726 15.676
2455444.71853 15.67
2455444.71917 15.717
2455444.7198 15.664
2455444.72044 15.691
2455444.72108 15.68
2455444.72173 15.699
2455444.72236 15.669
2455444.723 15.69
2455444.72363 15.673
2455444.72492 15.679
2455444.73004 15.706
2455444.73067 15.703
2455444.73132 15.707
2455444.73196 15.693
2455444.73259 15.695
2455444.73387 15.702
2455444.7345 15.725
2455444.73514 15.687
2455444.73578 15.721
2455444.73641 15.692
2455444.73705 15.678
2455444.73769 15.708
2455444.73832 15.715
2455444.73896 15.727
2455444.7396 15.675
2455444.74023 15.693
2455444.74088 15.699
2455444.74153 15.711
2455444.74218 15.692
2455444.74281 15.704
2455444.74346 15.713
2455444.7441 15.69
2455444.74473 15.688
2455444.74537 15.679
2455444.74602 15.682
2455444.74666 15.711
2455444.74729 15.699
2455444.74793 15.692
2455444.74857 15.702
2455444.7492 15.682
2455444.74984 15.69
2455444.75048 15.701
2455444.75111 15.675
2455444.75175 15.671
2455444.75238 15.682
2455444.75303 15.668
2455444.75367 15.679
2455444.75431 15.66
2455444.75494 15.668
2455444.75558 15.652
2455444.75622 15.671
2455444.77661 15.675
2455444.77726 15.684
2455444.78366 15.678
2455444.78429 15.678
2455444.78493 15.669
2455444.78558 15.684
2455444.78622 15.676
2455444.78685 15.671
2455444.78749 15.687
2455444.78813 15.689
2455444.78877 15.659
2455444.78941 15.658
2455444.79069 15.627
2455444.79133 15.638
2455444.79197 15.638
2455444.7926 15.658
2455444.79324 15.674
2455444.79388 15.67
2455444.79451 15.686
2455444.79515 15.662
2455444.79579 15.681
2455444.79644 15.672
2455444.79707 15.664
2455444.79771 15.681
2455444.79835 15.658
2455444.79898 15.694
2455444.79962 15.694
2455444.80027 15.68
2455444.8009 15.662
2455444.80154 15.659
2455444.80218 15.648
2455444.80281 15.648
2455444.80345 15.648
2455444.8041 15.657
2455444.80473 15.687
2455444.80538 15.661
2455444.80667 15.654
2455444.8073 15.657
2455444.80858 15.659
2455444.80921 15.66
2455444.80985 15.663
2455444.81049 15.717
2455444.81112 15.687
2455444.81176 15.672
2455444.81241 15.676
2455444.81304 15.705
2455444.81368 15.692
2455444.81432 15.692
2455444.81495 15.705
2455444.81559 15.678
2455444.81623 15.669
2455444.81686 15.683
2455444.8175 15.682
2455444.81814 15.678
2455444.81877 15.696
2455444.81941 15.678
2455444.82006 15.691
2455444.82069 15.691
2455444.82133 15.669
2455444.82197 15.708
2455444.8226 15.68
2455444.82324 15.644
2455444.82388 15.675
2455444.82451 15.655
2455444.82515 15.637
2455444.82579 15.663
2455444.82642 15.644
2455444.82706 15.675
2455444.82771 15.659
2455444.82835 15.651
2455444.82898 15.655
2455444.82962 15.673
2455444.83026 15.653
2455444.83089 15.636
2455444.83153 15.646
2455444.83216 15.655
2455444.8328 15.66
2455444.83344 15.665
2455444.83407 15.655
2455444.83471 15.687
2455444.83535 15.685
2455444.83598 15.686
2455444.83663 15.69
2455444.83727 15.702
2455444.83792 15.683
2455444.83855 15.707
2455444.83919 15.695
2455444.84112 15.728
2455444.84176 15.722
2455444.85455 15.706
2455444.85582 15.718
2455444.85646 15.694
2455444.85711 15.744
2455444.85774 15.73
2455444.85902 15.718
2455444.85965 15.724
2455444.86029 15.753
2455444.86093 15.713
2455444.86156 15.698
2455444.8622 15.714
2455444.86284 15.73
2455444.86347 15.708
2455444.86411 15.693
2455444.86538 15.692
2455444.86602 15.712
2455444.86666 15.716
2455444.86729 15.675
2455444.86793 15.713
2455444.86858 15.72
2455444.86921 15.691
2455444.86985 15.707
2455444.87049 15.702
2455444.87112 15.7
2455444.87241 15.699
2455444.87368 15.696
2455444.87432 15.706
2455444.87495 15.691
2455444.8756 15.687
2455444.88326 15.702
2455444.88455 15.719
2455444.88711 15.722
2455444.88774 15.719
2455444.88839 15.735
2455444.88903 15.715
2455444.88966 15.724
2455444.8903 15.738
2455444.89094 15.732
2455444.89157 15.729
2455444.89221 15.729
2455444.89286 15.717
2455444.8935 15.736
2455444.89413 15.697
2455444.89477 15.699
2455444.89541 15.659
2455444.89604 15.67
2455444.89733 15.662
2455444.89796 15.659
2455444.8986 15.697
2455444.89987 15.681
2455444.90078 15.657
2455444.90141 15.715
2455444.90205 15.692
2455444.9027 15.665
2455444.90335 15.692
2455444.90399 15.681
2455444.90463 15.701
2455444.90528 15.678
2455444.90594 15.685
2455444.90659 15.689
2455444.90722 15.67
2455444.90787 15.691
2455444.90851 15.656
2455444.90914 15.681
2455444.90979 15.694
2455444.91043 15.657
2455444.91107 15.695
2455444.9117 15.686
2455444.91234 15.703
2455444.91298 15.695
2455444.91361 15.709
2455444.91425 15.707
2455444.91488 15.722
2455444.91553 15.726
2455444.91617 15.712
2455444.91681 15.713
2455444.91744 15.721
2455444.91808 15.736
2455444.91872 15.711
2455444.91936 15.704
2455444.92 15.7
2455444.92064 15.709
2455444.92127 15.725
2455444.92191 15.724
2455444.92255 15.713
2455444.92318 15.735
2455444.92382 15.69
2455444.92446 15.695
2455444.92509 15.693
2455444.92573 15.708
2455444.92637 15.71
2455444.927 15.699
2455444.92764 15.683
2455444.92829 15.694
2455444.92892 15.683
2455444.92956 15.676
2455444.9302 15.673
2455444.93083 15.669
2455444.93147 15.645
2455444.93211 15.658
2455444.93274 15.664
2455444.93338 15.667
2455444.93402 15.642
2455444.93465 15.657
2455444.9353 15.661
2455444.93594 15.677
2455444.93657 15.633
2455444.93721 15.635
2455444.93785 15.648
2455444.93848 15.669
2455444.93912 15.65
2455444.93977 15.651
2455444.94041 15.638
2455444.94104 15.632
2455444.94168 15.645
2455444.94232 15.635
2455444.94296 15.662
2455444.94361 15.657
2455444.94426 15.636
2455444.9449 15.646
2455444.94553 15.669
2455444.94617 15.664
2455444.94681 15.649
2455444.94745 15.636
2455444.94809 15.67
2455444.94873 15.67
2455444.94938 15.655
2455444.95001 15.672
2455444.95193 15.69
2455444.9564 15.691
2455444.96345 15.7
2455444.96409 15.701
