2457284.716011 +18.270
2457284.718994 +18.267
2457284.721974 +18.264
2457284.724958 +18.226
2457284.727945 +18.221
2457284.746169 +18.197
2457284.770027 +18.181
2457284.780400 +18.194
2457284.792319 +18.219
2457284.804242 +18.259
2457284.807220 +18.259
2457284.816724 +18.286
2457284.825679 +18.219
2457284.831642 +18.246
2457284.847820 +18.255
2457284.853785 +18.285
2457284.856772 +18.301
2457284.859754 +18.328
2457284.862746 +18.302
2457284.921330 +18.246
2457284.927301 +18.239
2457284.939246 +18.212
2457284.972604 +18.278
2457284.975586 +18.247
2457284.983092 +18.286
2457284.995023 +18.299
2457284.998007 +18.292
2457285.006956 +18.268
2457285.016343 +18.301
2457285.022319 +18.244
