2455061.90443 2.361
2455061.90715 2.305
2455061.90987 2.331
2455061.92376 2.223
2455061.92647 2.239
2455061.92921 2.251
2455061.94294 2.275
2455061.94567 2.222
2455061.94839 2.229
2455061.96218 2.299
2455061.96491 2.304
2455061.96762 2.305
2455061.98146 2.258
2455061.98418 2.242
2455061.98692 2.244
2455062.00081 2.307
2455062.00353 2.325
2455062.00624 2.315
2455062.0203 2.358
2455062.02302 2.38
2455062.02574 2.4
2455062.03954 2.306
2455062.04226 2.303
2455062.04498 2.285
2455062.05885 2.298
2455062.06161 2.307
2455062.06433 2.309
2455062.07804 2.269
2455062.08076 2.299
2455062.08347 2.321
2455062.0975 2.287
2455062.10022 2.26
2455062.10296 2.256
2455062.1171 2.229
2455062.11983 2.237
2455062.12255 2.246
2455062.13645 2.292
2455062.1392 2.276
2455062.14192 2.324
2455062.15591 2.295
2455062.15862 2.286
2455062.16138 2.275
2455062.17545 2.24
2455062.17816 2.264
2455062.18087 2.255
2455062.19516 2.222
2455062.19793 2.3
2455062.20071 2.296
2455062.21472 2.265
2455062.21745 2.259
2455062.22019 2.242
2455062.23414 2.217
2455062.23686 2.227
2455062.23958 2.247
2455062.25361 2.299
2455062.25633 2.258
2455062.25906 2.306
