2455057.92909 2.266
2455057.93174 2.256
2455057.93442 2.244
2455057.94836 2.202
2455057.95108 2.193
2455057.95373 2.195
2455057.96733 2.22
2455057.9701 2.238
2455057.97299 2.241
2455057.98693 2.279
2455057.98969 2.264
2455057.99236 2.25
2455058.00596 2.219
2455058.00862 2.217
2455058.01129 2.219
2455058.02512 2.228
2455058.02778 2.266
2455058.03046 2.245
2455058.04426 2.31
2455058.04699 2.299
2455058.04971 2.289
2455058.06339 2.218
2455058.06611 2.214
2455058.06882 2.194
2455058.0831 2.236
2455058.08582 2.204
2455058.08853 2.203
2455058.10263 2.303
2455058.10541 2.29
2455058.10814 2.268
2455058.12251 2.217
2455058.12526 2.213
2455058.12811 2.246
2455058.15082 2.281
2455058.16548 2.386
2455058.16839 2.357
2455058.17111 2.29
2455058.18541 2.267
2455058.18814 2.268
2455058.19098 2.278
2455058.20914 2.333
2455058.21186 2.336
2455058.22651 2.389
2455058.22934 2.377
2455058.23208 2.399
2455058.24675 2.305
2455058.24994 2.313
2455058.25265 2.301
