2455089.90201 3.022
2455089.90479 2.956
2455089.9076 2.926
2455089.91112 2.912
2455089.91389 2.915
2455089.91673 2.929
2455089.92005 2.916
2455089.92284 2.917
2455089.92561 2.928
2455089.92921 2.925
2455089.93199 2.967
2455089.93476 2.935
2455089.9471 2.96
2455089.9498 2.987
2455089.95252 3.007
2455089.96588 3.011
2455089.96863 2.958
2455089.97133 2.943
2455089.98472 2.952
2455089.98749 2.947
2455089.9903 2.915
2455090.00447 2.94
2455090.00723 2.965
2455090.01001 2.986
2455090.0236 3.005
2455090.02638 2.999
2455090.02917 2.945
2455090.04271 2.866
2455090.04551 2.861
2455090.04831 2.914
2455090.0624 2.939
2455090.06522 2.889
2455090.06799 2.918
2455090.08166 2.918
2455090.0845 2.89
2455090.08727 2.9
2455090.10115 2.836
2455090.10397 2.843
2455090.10677 2.827
2455090.12049 2.89
2455090.12332 2.899
2455090.12611 2.919
2455090.13987 3.006
2455090.14276 2.998
2455090.1456 2.969
2455090.15957 2.844
2455090.16237 2.858
2455090.16516 2.821
