2455360.8794 3.412
2455360.88221 3.32
2455360.885 3.26
2455360.89257 3.227
2455360.89538 3.238
2455360.89823 3.268
2455360.90573 3.358
2455360.90851 3.34
2455360.91132 3.457
2455360.91895 3.483
2455360.92173 3.504
2455360.92469 3.49
2455360.93219 3.444
2455360.93495 3.404
2455360.93777 3.403
2455360.94532 3.318
2455360.9481 3.215
2455360.95091 3.211
2455360.95861 3.211
2455360.96138 3.298
2455360.96421 3.322
2455360.97222 3.611
2455360.97499 3.555
2455360.97779 3.571
2455360.98556 3.561
2455360.98831 3.516
2455360.99122 3.522
2455360.99865 3.465
2455361.0014 3.431
2455361.00421 3.414
2455361.01199 3.429
2455361.01483 3.4
2455361.01763 3.363
2455361.02545 3.59
2455361.02825 3.56
2455361.03103 3.558
2455361.04124 3.525
2455361.04402 3.564
2455361.05122 3.418
2455361.05404 3.365
2455361.07742 3.337
2455361.08028 3.389
2455361.12391 3.258
2455361.12668 3.307
2455361.14373 3.544
2455361.14655 3.507
2455361.14931 3.585
2455361.16363 3.435
2455361.16651 3.39
2455361.16932 3.356
2455361.18339 3.269
2455361.18623 3.293
2455361.18907 3.361
2455361.20302 3.541
2455361.2058 3.55
2455361.20861 3.535
2455361.22322 3.383
2455361.22622 3.314
2455361.22911 3.286
2455361.24302 3.368
2455361.2459 3.299
2455361.24869 3.408
