2454318.91708 1.783
2454318.91948 1.878
2454318.92258 1.811
2454318.92564 1.85
2454318.92802 1.877
2454318.93042 1.922
2454318.93484 1.981
2454318.93723 2.004
2454318.93962 2.033
2454318.94267 2.045
2454318.94607 2.046
2454318.94846 2.028
2454318.95153 1.993
2454318.95391 1.982
2454318.95752 1.944
2454318.96059 1.851
2454318.96298 1.824
2454318.96536 1.789
2454319.00041 2.045
2454319.00372 2.042
2454319.00611 2.031
2454319.03214 1.924
2454319.03454 1.927
2454319.05733 2.105
2454319.06064 2.099
2454319.08361 1.8
2454319.08601 1.772
2454319.11023 2.002
2454319.11262 2.031
2454319.13538 1.834
2454319.13778 1.813
2454319.16052 1.993
2454319.16383 2.012
2454319.18682 1.922
2454319.1892 1.878
2454319.21186 1.851
2454319.21426 1.898
