2454352.85534 2.134
2454352.85773 2.241
2454352.86013 2.282
2454352.87367 2.295
2454352.87704 2.274
2454352.87942 2.239
2454352.89331 2.038
2454352.89571 2.056
2454352.89811 2.055
2454352.91288 2.238
2454352.91528 2.277
2454352.91767 2.316
2454352.93185 2.252
2454352.93522 2.201
2454352.93762 2.153
2454352.95494 1.981
2454352.95843 2.006
2454352.96081 2.016
2454352.97723 2.281
2454352.98065 2.272
2454352.98303 2.295
2454352.9995 2.07
2454353.00189 2.095
2454353.00559 2.07
2454353.02149 2.271
2454353.02388 2.261
2454353.02758 2.295
2454353.04488 2.245
2454353.04727 2.207
2454353.05096 2.195
2454353.06698 2.034
2454353.06936 2.038
2454353.07307 2.07
2454353.11204 2.114
2454353.11443 2.063
2454353.11682 2.066
2454353.13427 2.176
2454353.13666 2.203
2454353.13905 2.241
2454353.15674 2.28
2454353.15914 2.26
2454353.16156 2.154
