2454345.85836 1.744
2454345.86075 1.826
2454345.86315 1.839
2454345.87468 1.807
2454345.87707 1.808
2454345.88039 1.787
2454345.89188 1.527
2454345.89427 1.521
2454345.89669 1.507
2454345.90838 1.639
2454345.9108 1.684
2454345.91412 1.678
2454345.92574 1.844
2454345.92814 1.817
2454345.93053 1.808
2454345.94196 1.654
2454345.94435 1.612
2454345.94796 1.567
2454345.95963 1.513
2454345.96204 1.554
2454345.96444 1.591
2454345.9787 1.844
2454345.9811 1.809
2454345.98479 1.803
2454346.00539 1.578
2454346.00779 1.545
2454346.0102 1.571
2454346.02443 1.726
2454346.02683 1.761
2454346.03051 1.809
2454346.04488 1.786
2454346.04729 1.734
2454346.05096 1.678
2454346.06776 1.491
2454346.07015 1.509
2454346.08479 1.777
2454346.0906 1.826
2454346.10602 1.793
2454346.10948 1.726
2454346.11188 1.649
2454346.17105 1.629
2454346.17346 1.623
