2455381.82888 3.542
2455381.83233 3.5
2455381.83572 3.343
2455381.83961 3.317
2455381.8431 3.354
2455381.84651 3.37
2455381.8503 3.367
2455381.85369 3.533
2455381.85718 3.549
2455381.86117 3.572
2455381.86458 3.52
2455381.86813 3.496
2455381.87196 3.489
2455381.87537 3.428
2455381.87888 3.367
2455381.88273 3.329
2455381.88617 3.277
2455381.88976 3.238
2455381.89357 3.253
2455381.89705 3.224
2455381.90045 3.275
2455381.90425 3.367
2455381.90764 3.415
2455381.91104 3.396
2455381.91512 3.499
2455381.91851 3.503
2455381.92203 3.533
2455381.92869 3.475
2455381.9321 3.424
2455381.93553 3.375
2455381.9396 3.296
2455381.94301 3.286
2455381.94641 3.267
2455381.95027 3.15
2455381.95368 3.231
2455381.95712 3.233
2455381.96087 3.266
2455381.96427 3.348
2455381.96772 3.438
2455381.97157 3.502
2455381.97497 3.482
2455381.97841 3.49
2455381.98237 3.459
2455381.98586 3.466
2455381.98949 3.383
2455382.00181 3.236
2455382.00523 3.205
2455382.00862 3.189
2455382.02078 3.274
2455382.02418 3.313
2455382.02763 3.375
2455382.0396 3.332
2455382.04294 3.405
2455382.04644 3.351
2455382.05809 3.212
2455382.06155 3.223
2455382.06487 3.195
2455382.07656 3.38
2455382.0799 3.423
2455382.08325 3.502
2455382.09475 3.455
2455382.09808 3.478
2455382.1014 3.476
2455382.11319 3.35
2455382.11674 3.299
2455382.12012 3.313
2455382.132 3.472
2455382.13539 3.471
2455382.13897 3.529
2455382.15059 3.68
2455382.15412 3.538
2455382.15751 3.505
2455382.16931 3.365
2455382.17263 3.307
2455382.17595 3.374
