2454355.86339 1.472
2454355.8658 1.353
2454355.86818 1.277
2454355.90138 1.248
2454355.90377 1.295
2454355.90741 1.364
2454355.92141 1.354
2454355.92427 1.308
2454355.92726 1.283
2454355.94575 1.134
2454355.94814 1.155
2454355.95053 1.186
2454355.96781 1.497
2454355.9702 1.504
2454355.97259 1.501
2454355.99 1.208
2454355.99238 1.184
2454355.99479 1.141
2454356.01198 1.221
2454356.01438 1.285
2454356.01679 1.375
2454356.03462 1.412
2454356.03703 1.423
2454356.03944 1.404
2454356.05692 1.211
2454356.05931 1.2
2454356.0617 1.221
2454356.07789 1.404
2454356.0816 1.443
2454356.08398 1.447
2454356.10015 1.245
2454356.10372 1.188
2454356.10611 1.149
2454356.12257 1.159
2454356.12626 1.21
2454356.12866 1.269
2454356.14466 1.393
2454356.14705 1.356
2454356.15075 1.38
