2454332.84927 2.062
2454332.85171 1.964
2454332.85475 1.953
2454332.85714 1.915
2454332.86148 1.933
2454332.86388 1.917
2454332.86694 1.926
2454332.86934 1.968
2454332.87359 2.095
2454332.876 2.14
2454332.87905 2.22
2454332.88145 2.235
2454332.88561 2.231
2454332.88801 2.165
2454332.89107 2.214
2454332.89346 2.193
2454332.89781 2.243
2454332.90021 2.195
2454332.90326 2.141
2454332.90566 2.067
2454332.90999 2.044
2454332.91237 2.028
2454332.91544 2.031
2454332.91907 2.038
2454332.92216 2.018
2454332.92488 2.048
2454332.94466 2.231
2454332.94707 2.213
2454332.95782 1.986
2454332.96022 1.983
2454332.97086 1.853
2454332.97325 1.815
2454332.98438 1.961
2454332.98677 2.045
2454332.99737 2.181
2454332.99978 2.172
2454333.01091 2.114
2454333.0146 2.047
2454333.02565 1.919
2454333.02804 1.903
2454333.03891 1.981
2454333.04131 2.063
2454333.05404 2.199
2454333.05644 2.183
2454333.06009 2.19
2454333.06978 1.981
2454333.07346 1.965
2454333.07586 1.944
2454333.08674 1.854
2454333.08913 1.858
2454333.09152 1.884
2454333.10259 2.093
2454333.10504 2.109
2454333.1087 2.147
2454333.11973 2.131
2454333.12213 2.118
2454333.12453 2.111
2454333.13527 1.927
2454333.13766 1.914
2454333.14005 1.945
2454333.15087 2.022
2454333.15455 2.084
2454333.15694 2.114
2454333.16804 2.234
2454333.17044 2.223
2454333.17284 2.207
2454333.1837 2.035
2454333.1861 2.033
2454333.18972 2.006
2454333.19927 1.934
2454333.20324 1.95
2454333.20564 1.979
2454333.21646 2.225
2454333.21885 2.278
2454333.22126 2.273
