2454303.85891 0.736
2454303.8617 0.697
2454303.86446 0.754
2454303.87601 0.857
2454303.8784 0.829
2454303.88171 0.826
2454303.89336 0.764
2454303.89575 0.734
2454303.89816 0.693
2454303.91009 0.717
2454303.91248 0.734
2454303.91578 0.773
2454303.92758 0.884
2454303.92998 0.914
2454303.93236 0.865
2454303.94389 0.77
2454303.94629 0.758
2454303.94966 0.734
2454303.96148 0.61
2454303.96387 0.591
2454303.96626 0.607
2454303.97772 0.788
2454303.98012 0.793
2454303.98373 0.821
2454303.99427 0.795
2454303.99763 0.792
2454304.00002 0.777
2454304.01163 0.659
2454304.01403 0.644
2454304.01642 0.631
2454304.02824 0.732
2454304.03161 0.771
2454304.03399 0.813
2454304.04971 0.849
2454304.05315 0.818
2454304.05554 0.786
2454304.0663 0.663
2454304.06868 0.646
2454304.07108 0.619
2454304.08785 0.743
2454304.09023 0.765
2454304.09262 0.821
2454304.10961 0.808
2454304.112 0.804
2454304.1144 0.799
2454304.12281 0.75
2454304.12521 0.726
2454304.12759 0.708
2454304.13631 0.726
2454304.13869 0.759
2454304.14109 0.807
2454304.14955 0.929
2454304.15193 0.949
2454304.15558 0.959
2454304.16303 0.915
2454304.16543 0.892
2454304.16879 0.865
2454304.17639 0.763
2454304.17975 0.704
2454304.18214 0.682
2454304.19093 0.613
2454304.19331 0.636
2454304.19571 0.645
2454304.20412 0.801
2454304.20651 0.817
2454304.20889 0.807
2454304.21765 0.857
2454304.22004 0.833
2454304.22242 0.818
2454304.23095 0.769
2454304.23333 0.728
2454304.2367 0.694
2454304.24419 0.672
2454304.24756 0.684
2454304.24994 0.682
2454304.25866 0.794
2454304.26107 0.818
2454304.26345 0.842
2454304.27194 0.952
2454304.27433 0.887
2454304.27673 0.867
2454304.28545 0.798
2454304.28785 0.787
2454304.29024 0.728
2454304.29891 0.586
2454304.3013 0.598
2454304.30441 0.614
2454304.31235 0.735
2454304.31475 0.795
