2456422.93197 16.164
2456422.93576 16.166
2456422.93955 16.129
2456422.94644 16.036
2456422.95022 16.007
2456422.95401 15.988
2456422.95779 15.922
2456422.96228 15.853
2456422.96606 15.863
2456422.96984 15.9
2456422.97363 15.966
2456422.97743 15.995
2456422.98355 16.092
2456422.98734 16.134
2456422.99112 16.135
2456422.99491 16.137
2456422.99869 16.087
2456423.00248 16.039
2456423.00626 16.001
2456423.01383 15.931
2456423.01761 15.878
2456423.0214 15.874
2456423.02518 15.925
2456423.02896 15.923
2456423.03275 15.985
2456423.03653 16.055
2456423.04032 16.097
2456423.04411 16.101
2456423.04789 16.113
2456423.05167 16.056
2456423.05544 16.093
2456423.05923 16.081
2456423.1043 16.197
2456423.10804 16.216
2456423.11178 16.151
2456423.11553 16.129
2456423.11927 16.101
2456423.12301 16.059
2456423.12676 15.994
2456423.1305 15.966
2456423.13425 15.957
2456423.13799 15.966
2456423.14174 16.022
2456423.14548 15.989
2456423.16441 16.138
2456423.16814 16.1
2456423.17188 16.095
2456423.17563 16.042
2456423.17937 15.913
2456423.18312 15.932
2456423.18686 15.919
2456423.19061 15.921
2456423.19436 15.941
