2454342.86094 2.736
2454342.86333 2.715
2454342.86573 2.71
2454342.88095 2.844
2454342.88335 2.746
2454342.88574 2.695
2454342.90144 2.437
2454342.90383 2.411
2454342.90623 2.419
2454342.91755 2.517
2454342.91994 2.599
2454342.92234 2.645
2454342.94141 2.658
2454342.97004 2.517
2454342.97243 2.584
2454342.98625 2.787
2454342.98873 2.787
2454342.99203 2.777
2454343.0027 2.651
2454343.00608 2.634
2454343.00846 2.577
2454343.0197 2.468
2454343.0221 2.475
2454343.02455 2.455
2454343.03655 2.771
2454343.04028 2.811
2454343.04269 2.815
2454343.05582 2.789
2454343.05823 2.73
2454343.0616 2.717
2454343.06691 2.545
2454343.06938 2.531
2454343.07291 2.528
2454343.08494 2.574
2454343.08733 2.634
2454343.08972 2.667
2454343.10317 2.797
2454343.10557 2.8
2454343.10894 2.752
2454343.12021 2.612
2454343.1226 2.592
2454343.125 2.553
2454343.13657 2.46
2454343.13897 2.518
2454343.14228 2.537
2454343.15593 2.814
2454343.15845 2.791
2454343.17014 2.794
2454343.17254 2.745
