2454344.85366 2.459
2454344.85605 2.424
2454344.85916 2.444
2454344.87162 2.286
2454344.87403 2.224
2454344.87644 2.191
2454344.88798 2.249
2454344.9072 2.52
2454344.9096 2.563
2454344.91204 2.514
2454344.92549 2.341
2454344.92858 2.292
2454344.93097 2.236
2454344.94272 2.181
2454344.94512 2.205
2454344.9475 2.228
2454344.9589 2.481
2454344.96229 2.481
2454344.97774 2.413
2454344.98013 2.308
2454344.98254 2.296
2454344.99686 2.212
2454344.99926 2.249
2454345.00166 2.244
2454345.01306 2.415
2454345.01545 2.453
2454345.01904 2.532
2454345.02951 2.453
2454345.03289 2.376
2454345.03534 2.352
2454345.04852 2.206
2454345.05091 2.185
2454345.05429 2.166
2454345.06685 2.415
2454345.06925 2.47
2454345.07163 2.466
2454345.08367 2.502
2454345.08608 2.468
2454345.0894 2.466
2454345.10088 2.294
2454345.10326 2.29
2454345.10566 2.266
2454345.11755 2.373
2454345.11993 2.393
2454345.12536 2.445
2454345.12776 2.465
2454345.13015 2.531
2454345.14576 2.358
2454345.14816 2.393
2454345.15056 2.342
2454345.16485 2.209
2454345.16725 2.23
2454345.17091 2.258
2454345.18646 2.533
2454345.18885 2.503
