2455384.85045 3.842
2455384.85388 3.86
2455384.85726 3.855
2455384.86113 3.817
2455384.86461 3.722
2455384.86803 3.732
2455384.87181 3.677
2455384.87522 3.606
2455384.87863 3.607
2455384.88242 3.538
2455384.88583 3.473
2455384.88921 3.502
2455384.89319 3.558
2455384.89661 3.597
2455384.9001 3.699
2455384.90427 3.914
2455384.90766 3.861
2455384.91103 3.8
2455384.91502 3.799
2455384.91846 3.811
2455384.92183 3.765
2455384.92561 3.704
2455384.92902 3.683
2455384.93238 3.595
2455384.93651 3.586
2455384.93987 3.573
2455384.9433 3.559
2455384.94747 3.583
2455384.9509 3.641
2455384.95428 3.702
2455384.95806 3.752
2455384.96145 3.782
2455384.96484 3.824
2455384.96863 3.869
2455384.972 3.87
2455384.97543 3.782
2455384.98642 3.675
2455384.9898 3.547
2455384.99318 3.527
2455385.0053 3.553
2455385.0088 3.58
2455385.01233 3.683
2455385.02444 3.817
2455385.02782 3.785
2455385.03119 3.78
2455385.04318 3.57
2455385.04652 3.538
2455385.04985 3.555
2455385.06189 3.569
2455385.06529 3.644
2455385.06863 3.691
2455385.0837 3.964
2455385.08704 3.844
2455385.09917 3.752
2455385.10274 3.668
2455385.1062 3.61
2455385.11814 3.659
2455385.12147 3.683
2455385.12491 3.779
2455385.13639 3.948
2455385.13971 3.939
2455385.14308 3.949
2455385.15483 3.712
2455385.15819 3.671
2455385.16159 3.674
2455385.17352 3.693
2455385.1769 3.774
