2455392.8319 1.792
2455392.83523 1.744
2455392.83874 1.673
2455392.843 1.606
2455392.84647 1.565
2455392.84982 1.625
2455392.85368 1.729
2455392.85711 1.707
2455392.86048 1.797
2455392.86433 1.876
2455392.86785 1.9
2455392.87119 1.895
2455392.87514 1.907
2455392.87846 1.811
2455392.88183 1.748
2455392.90139 1.567
2455392.90483 1.543
2455392.90817 1.59
2455392.92412 1.842
2455392.92758 1.856
2455392.931 1.865
2455392.94742 1.66
2455392.95081 1.633
2455392.95421 1.545
2455392.97007 1.777
2455392.97352 1.888
2455392.97693 1.928
2455392.99278 1.747
2455392.99623 1.864
2455392.99962 1.741
2455393.01565 1.652
2455393.01901 1.512
2455393.02235 1.71
2455393.03784 1.789
2455393.04118 1.851
2455393.0445 2.01
2455393.06345 1.784
2455393.0669 1.803
2455393.07032 1.748
2455393.08656 1.842
2455393.09 1.979
2455393.09337 1.886
2455393.10929 1.816
2455393.11263 1.744
2455393.11601 1.644
2455393.13176 1.636
2455393.1351 1.641
2455393.13847 1.723
