2456431.88407 16.06
2456431.88803 16.109
2456431.89199 16.156
2456431.90886 16.354
2456431.91285 16.254
2456431.91685 16.242
2456431.93343 16.049
2456431.93734 16.066
2456431.94126 16.027
2456431.96886 16.303
2456431.97263 16.286
2456431.97637 16.251
2456431.99386 16.122
2456431.99761 16.179
2456432.00138 16.22
2456432.00547 16.243
2456432.00924 16.295
2456432.01305 16.367
2456432.01714 16.405
2456432.02088 16.47
2456432.02465 16.448
2456432.03808 16.261
2456432.04185 16.195
2456432.04563 16.163
2456432.0497 16.08
2456432.05347 16.076
2456432.05724 16.115
2456432.06133 16.183
2456432.07654 16.3
2456432.08031 16.265
2456432.09388 16.157
2456432.10142 16.103
2456432.10533 16.069
2456432.1091 16.059
2456432.11287 16.095
2456432.11678 16.166
2456432.12055 16.202
2456432.12431 16.276
2456432.13748 16.366
2456432.14125 16.302
