2454480.59984 0.813
2454480.60232 0.81
2454480.60727 0.819
2454480.60977 0.805
2454480.61225 0.823
2454480.6172 0.802
2454480.61969 0.775
2454480.62217 0.743
2454480.62463 0.725
2454480.6296 0.715
2454480.63824 0.738
2454480.65073 0.795
2454480.66321 0.835
2454480.66571 0.82
2454480.66821 0.86
2454480.67073 0.836
2454480.67662 0.806
2454480.67914 0.802
2454480.68164 0.783
2454480.68412 0.791
2454480.68662 0.763
2454480.68912 0.742
2454480.69162 0.734
2454480.69412 0.733
2454480.69663 0.752
2454480.69914 0.781
2454480.70164 0.79
2454480.70417 0.779
2454480.70667 0.802
2454480.70915 0.778
2454480.71165 0.77
2454480.72261 0.804
2454480.72513 0.8
2454480.72765 0.816
2454480.73016 0.807
2454480.73272 0.821
2454480.73528 0.824
2454480.73774 0.848
2454480.74022 0.811
2454480.74278 0.769
2454480.74533 0.744
2454480.74784 0.743
2454480.75035 0.718
2454480.75287 0.696
2454480.75873 0.691
2454480.76124 0.698
2454480.76373 0.694
2454480.76624 0.702
2454480.76874 0.686
2454480.77125 0.703
2454480.77376 0.715
2454480.77626 0.756
2454480.77875 0.776
2454480.78125 0.768
2454480.78375 0.773
2454480.78624 0.787
2454480.78873 0.811
2454480.79118 0.844
2454480.79365 0.834
2454480.79934 0.804
2454480.80181 0.807
2454480.80427 0.798
2454480.80674 0.795
2454480.8117 0.781
2454480.81416 0.771
2454480.81665 0.787
2454480.81915 0.751
2454480.82408 0.739
2454480.82656 0.762
2454480.82903 0.769
2454480.8315 0.787
2454480.83396 0.778
2454480.83968 0.764
2454480.84219 0.774
2454480.84476 0.773
2454480.84724 0.804
2454480.84971 0.826
2454480.8522 0.819
2454480.85468 0.815
2454480.85715 0.817
2454480.85962 0.796
2454480.86952 0.835
2454480.87201 0.78
2454480.87449 0.749
2454480.88045 0.73
2454480.88788 0.674
2454480.89284 0.698
2454480.89531 0.746
2454480.89778 0.726
2454480.90026 0.764
2454480.90522 0.704
2454480.90768 0.739
2454480.91265 0.818
2454480.96928 0.799
2454480.97175 0.798
2454480.97425 0.803
2454480.97675 0.806
2454480.97922 0.79
2454480.98168 0.827
2454480.98664 0.824
2454480.99156 0.844
2454480.99403 0.852
2454481.00223 0.795
2454481.00472 0.774
2454481.01977 0.724
2454481.02231 0.738
2454481.02481 0.701
2454481.02731 0.754
2454481.02981 0.754
2454481.03483 0.811
2454481.03733 0.818
