2454479.61702 2.05
2454479.61963 2.075
2454479.6222 2.062
2454479.62742 2.108
2454479.63 2.077
2454479.6326 2.088
2454479.63523 2.103
2454479.63779 2.13
2454479.64054 2.12
2454479.64329 2.178
2454479.64603 2.169
2454479.6488 2.116
2454479.65156 2.124
2454479.66381 2.104
2454479.66924 2.106
2454479.67193 2.09
2454479.67734 2.117
2454479.68006 2.081
2454479.68279 2.096
2454479.68552 2.104
2454479.68824 2.106
2454479.69096 2.102
2454479.69366 2.105
2454479.70291 2.134
2454479.71603 2.076
2454479.71853 2.091
2454479.72102 2.054
2454479.72349 2.014
2454479.72845 1.988
2454479.7359 2.032
2454479.7384 2.025
2454479.74461 1.998
2454479.74707 2.035
2454479.74952 2.055
2454479.75198 2.082
2454479.75444 2.104
2454479.75965 2.116
2454479.76221 2.111
2454479.7648 2.122
2454479.76728 2.137
2454479.77221 2.171
2454479.77468 2.163
2454479.77714 2.121
2454479.77959 2.149
2454479.78814 2.06
2454479.79333 2.086
2454479.79585 2.059
2454479.7984 2.099
2454479.801 2.11
2454479.80361 2.11
2454479.80618 2.12
2454479.80877 2.124
2454479.81138 2.116
2454479.81918 2.081
2454479.82178 2.082
2454479.82825 2.089
2454479.83081 2.127
2454479.83338 2.124
2454479.84373 2.119
2454479.84633 2.078
2454479.84894 2.061
2454479.85153 2.039
2454479.8541 2.005
2454479.85673 2.021
2454479.85932 1.971
2454479.86192 2.007
2454479.86454 1.985
2454479.87101 2.044
2454479.87357 2.035
2454479.87616 2.056
2454479.87876 2.064
2454479.88136 2.063
2454479.88396 2.112
2454479.88657 2.101
2454479.88912 2.106
2454479.89173 2.16
2454479.89432 2.141
2454479.89694 2.13
2454479.89955 2.12
2454479.90215 2.135
2454479.9047 2.145
2454479.91379 2.089
2454479.91635 2.073
2454479.92153 2.073
2454479.92667 2.085
2454479.92924 2.077
2454479.93437 2.101
2454479.93693 2.099
2454479.9395 2.115
2454479.94464 2.123
2454479.9472 2.111
2454479.94976 2.107
2454479.95625 2.098
2454479.9589 2.124
2454479.96151 2.114
2454479.96411 2.143
2454479.96672 2.144
2454479.96929 2.149
2454479.97185 2.117
2454479.97448 2.083
2454479.97709 2.056
2454479.97969 2.038
2454479.9823 1.975
2454479.98493 2.008
2454479.98751 1.994
2454479.9901 2.014
2454479.99266 1.998
2454479.99921 2.024
2454480.00183 2.017
2454480.00441 2.043
2454480.00698 2.067
2454480.00953 2.086
2454480.01209 2.068
2454480.01466 2.101
2454480.02237 2.155
2454480.02494 2.154
2454480.03012 2.118
2454480.03271 2.158
2454480.03531 2.131
2454480.0417 2.132
2454480.04426 2.095
2454480.04681 2.06
2454480.04938 2.07
