2456236.56218 17.078
2456236.5652 17.125
2456236.56823 17.144
2456236.57427 17.116
2456236.58241 17.131
2456236.58543 17.181
2456236.58849 17.207
2456236.59761 17.223
2456236.60066 17.199
2456236.60371 17.209
2456236.60676 17.113
2456236.60978 17.189
2456236.61846 17.116
2456236.62152 17.123
2456236.62457 17.089
2456236.62761 17.111
2456236.63064 17.117
2456236.63368 17.085
2456236.63671 17.11
2456236.63974 17.102
2456236.64277 17.089
2456236.6458 17.098
2456236.65392 17.153
2456236.65696 17.185
2456236.66001 17.205
2456236.66305 17.22
2456236.66609 17.224
2456236.66915 17.297
2456236.67219 17.284
2456236.67525 17.291
2456236.68972 17.125
2456236.69276 17.113
2456236.69579 17.124
2456236.69885 17.143
2456236.70494 17.064
2456236.70798 17.083
2456236.71102 17.095
2456236.71406 17.119
2456236.7171 17.124
2456236.72537 17.179
2456236.7284 17.203
2456236.73142 17.226
2456236.73447 17.238
2456236.73751 17.147
2456236.74055 17.091
2456236.74358 17.125
2456236.74663 17.172
2456236.74965 17.174
2456236.75269 17.139
2456236.7676 17.095
2456236.77064 17.087
2456236.77365 17.063
2456236.77669 17.117
2456236.77972 17.112
2456236.78276 17.094
2456236.78578 17.152
2456236.78881 17.116
2456236.79741 17.201
2456236.80044 17.219
2456236.80346 17.252
2456236.80653 17.241
2456236.80958 17.243
2456236.81262 17.222
2456236.81564 17.175
2456236.81868 17.162
2456236.82173 17.139
2456236.82477 17.133
2456236.83336 17.133
2456236.84248 17.102
2456236.84553 17.091
2456236.85164 17.098
2456236.85771 17.194
2456236.86076 17.226
2456236.87028 17.275
2456236.87635 17.189
2456236.8794 17.147
2456236.88245 17.192
2456236.89464 17.134
2456236.90718 17.101
2456236.91022 17.145
