2456237.58695 16.898
2456237.58999 16.926
2456237.59304 16.898
2456237.59608 16.951
2456237.59912 16.93
2456237.60521 16.93
2456237.60824 16.934
2456237.61126 16.883
2456237.6143 16.928
2456237.62503 16.993
2456237.62806 17.04
2456237.63105 17.053
2456237.63408 17.053
2456237.63712 16.999
2456237.64017 16.994
2456237.64625 16.994
2456237.64927 16.943
2456237.65231 16.936
2456237.66377 16.935
2456237.66677 16.938
2456237.66978 16.938
2456237.67279 16.916
2456237.6758 16.904
2456237.6788 16.965
2456237.68181 16.954
2456237.68482 16.951
2456237.68783 16.968
2456237.69625 17.043
2456237.70529 16.956
2456237.70831 16.916
2456237.71433 16.908
2456237.71737 16.891
2456237.72043 16.945
2456237.73279 16.947
2456237.73583 16.915
2456237.73887 16.896
2456237.74493 16.922
2456237.74798 16.909
2456237.75102 16.939
2456237.75407 16.913
2456237.75713 16.963
2456237.76015 17.039
2456237.77148 17.005
2456237.77452 17.082
2456237.77757 16.987
2456237.78062 16.973
2456237.78368 16.994
2456237.78674 16.937
2456237.7898 16.983
2456237.79285 16.936
2456237.7959 16.938
2456237.80457 16.935
2456237.80762 16.948
2456237.8107 16.96
2456237.81374 16.947
2456237.8168 17.014
2456237.81982 16.998
2456237.82287 16.998
2456237.82594 16.995
2456237.82898 17.036
2456237.83204 17.093
2456237.84118 17.028
2456237.84422 16.986
2456237.84726 17.01
2456237.85032 16.98
2456237.85335 16.994
2456237.85642 16.977
2456237.85947 16.961
2456237.8625 16.915
2456237.86557 16.949
2456237.86861 16.918
2456237.87651 16.931
2456237.87956 16.904
2456237.88261 16.931
2456237.88567 16.914
2456237.88872 16.961
2456237.89177 16.967
2456237.8948 16.979
2456237.89786 17.025
2456237.90093 17.08
2456237.90398 17.129
2456237.91271 17.083
2456237.91574 17.045
