2456235.54787 16.914
2456235.55093 16.926
2456235.55398 16.988
2456235.55704 16.96
2456235.56008 16.984
2456235.56313 17.048
2456235.56618 17.072
2456235.57486 17.063
2456235.58399 16.973
2456235.58705 16.99
2456235.59009 17.015
2456235.59314 16.99
2456235.59617 16.933
2456235.59919 16.945
2456235.60224 16.962
2456235.6113 16.982
2456235.61434 16.965
2456235.61741 16.956
2456235.62045 16.955
2456235.62351 16.973
2456235.62656 17.023
2456235.6296 17.055
2456235.63267 17.086
2456235.63572 17.057
2456235.63878 17.073
2456235.64759 16.99
2456235.65367 16.965
2456235.65668 16.959
2456235.65972 16.943
2456235.6628 16.975
2456235.66585 16.955
2456235.6689 16.936
2456235.67196 16.962
2456235.67502 16.946
2456235.68327 16.91
2456235.68631 16.971
2456235.68937 16.956
2456235.69241 16.977
2456235.69546 17.021
2456235.69851 16.983
2456235.70157 17.012
2456235.70462 17.043
2456235.70767 17.071
2456235.71074 17.052
2456235.71934 17.011
2456235.72239 16.989
2456235.72545 16.959
2456235.72851 16.947
2456235.73157 16.974
2456235.73463 16.976
2456235.73769 16.946
2456235.74072 16.979
2456235.74376 16.942
2456235.74683 16.946
2456235.75542 16.973
2456235.75846 16.97
2456235.76152 17.025
2456235.76458 16.977
2456235.76764 17.031
2456235.77069 17.061
2456235.77374 17.043
2456235.77679 17.016
2456235.77984 16.996
2456235.7829 16.976
2456235.79217 16.908
2456235.79521 16.93
2456235.79825 16.91
2456235.8013 16.955
2456235.80435 16.915
2456235.8074 16.923
2456235.81045 16.988
2456235.81351 16.947
2456235.81655 16.938
2456235.8196 16.933
2456235.82908 16.96
2456235.83214 16.947
2456235.83519 16.982
2456235.83826 16.994
