2455244.58188 15.213
2455244.58492 15.225
2455244.59701 15.202
2455244.60004 15.195
2455244.60306 15.183
2455244.61023 15.179
2455244.61627 15.169
2455244.62232 15.173
2455244.62533 15.184
2455244.62835 15.189
2455244.63138 15.196
2455244.63439 15.212
2455244.63741 15.215
2455244.6445 15.218
2455244.65054 15.196
2455244.65357 15.188
2455244.65659 15.181
2455244.65961 15.171
2455244.66566 15.155
2455244.6818 15.149
2455244.68483 15.153
2455244.69088 15.17
2455244.69694 15.193
2455244.69995 15.198
2455244.70408 15.212
2455244.70709 15.222
2455244.71312 15.204
2455244.71917 15.186
2455244.72217 15.181
2455244.72519 15.181
2455244.7282 15.172
2455244.73121 15.179
2455244.74417 15.169
2455244.74717 15.183
2455244.75323 15.194
2455244.75625 15.226
2455244.75927 15.224
2455244.76638 15.207
2455244.76939 15.193
2455244.77241 15.181
2455244.77543 15.181
2455244.77844 15.171
2455244.78147 15.161
2455244.78448 15.169
2455244.79356 15.147
2455244.80346 15.143
2455244.80648 15.156
2455244.81249 15.168
2455244.81855 15.207
2455244.82459 15.216
2455244.8466 15.168
2455244.84961 15.172
2455244.85262 15.172
2455244.86249 15.179
2455244.89672 15.172
2455244.89973 15.158
2455244.90274 15.158
2455244.90578 15.165
2455244.9118 15.159
2455244.91484 15.143
2455244.92199 15.149
2455244.925 15.155
2455244.93407 15.176
2455244.93708 15.181
2455244.97748 15.175
2455244.98049 15.171
2455244.99974 15.216
2455245.00275 15.221
2455245.01182 15.194
