2455857.56176 15.761
2455857.56778 15.743
2455857.57078 15.735
2455857.5768 15.726
2455857.57981 15.739
2455857.58706 15.779
2455857.59306 15.816
2455857.59907 15.801
2455857.62261 15.777
2455857.62561 15.772
2455857.62862 15.769
2455857.63162 15.769
2455857.63461 15.777
2455857.63761 15.76
2455857.64062 15.796
2455857.64364 15.79
2455857.64663 15.805
2455857.65745 15.817
2455857.66045 15.773
2455857.66345 15.774
2455857.66645 15.748
2455857.66945 15.754
2455857.67245 15.768
2455857.67545 15.757
2455857.67844 15.778
2455857.68145 15.75
2455857.68445 15.775
2455857.69783 15.715
2455857.70083 15.725
2455857.70382 15.738
2455857.70682 15.773
2455857.70982 15.776
2455857.71582 15.807
2455857.71881 15.806
2455857.72641 15.769
2455857.7294 15.789
2455857.73538 15.776
2455857.73839 15.771
2455857.74139 15.791
2455857.74738 15.776
2455857.75038 15.797
2455857.75338 15.786
2455857.76108 15.791
2455857.76408 15.821
2455857.76707 15.824
2455857.77007 15.816
2455857.77307 15.819
2455857.77607 15.805
2455857.77907 15.797
2455857.78206 15.786
2455857.78506 15.784
2455857.79867 15.762
2455857.80167 15.78
2455857.80467 15.745
2455857.80766 15.772
2455857.81066 15.742
2455857.81366 15.758
2455857.81666 15.745
2455857.81966 15.757
2455857.82265 15.764
2455857.83061 15.785
2455857.83361 15.801
2455857.8366 15.787
2455857.8426 15.803
2455857.84559 15.814
2455857.84859 15.805
2455857.8516 15.768
2455857.85459 15.759
2455857.85759 15.792
2455857.86507 15.791
2455857.87107 15.801
2455857.87407 15.818
2455857.87707 15.795
2455857.88008 15.817
2455857.88308 15.798
2455857.88608 15.831
2455857.88908 15.836
2455857.89969 15.779
2455857.90269 15.785
2455857.90568 15.766
2455857.90868 15.766
2455857.91167 15.781
2455857.91467 15.769
2455857.91767 15.748
2455857.92066 15.768
2455857.92366 15.775
2455857.92666 15.773
