2454009.64821 0.341
2454009.65122 0.342
2454009.65881 0.339
2454009.66182 0.344
2454009.66482 0.339
2454009.66783 0.322
2454009.67085 0.334
2454009.67687 0.345
2454009.68289 0.369
2454009.6935 0.403
2454009.6965 0.377
2454009.69952 0.393
2454009.70252 0.377
2454009.70853 0.341
2454009.71155 0.32
2454009.71455 0.33
2454009.71756 0.311
2454009.72058 0.295
2454009.72806 0.326
2454009.73107 0.325
2454009.73408 0.298
2454009.7371 0.305
2454009.74011 0.31
2454009.74312 0.31
2454009.74612 0.333
2454009.74913 0.343
2454009.75215 0.37
2454009.75515 0.379
2454009.76254 0.36
2454009.76554 0.35
2454009.77157 0.334
2454009.77458 0.332
2454009.7806 0.332
2454009.78661 0.336
2454009.78962 0.343
2454009.79735 0.335
2454009.80035 0.356
2454009.80336 0.335
2454009.80638 0.372
2454009.80939 0.378
2454009.81239 0.373
2454009.81841 0.364
2454009.82142 0.365
2454009.82443 0.354
2454009.83468 0.342
2454009.83768 0.326
2454009.84069 0.316
2454009.84369 0.308
2454009.84671 0.322
2454009.84972 0.308
2454009.85272 0.315
2454009.85574 0.291
2454009.86612 0.345
2454009.87213 0.347
2454009.87515 0.373
2454009.87815 0.379
2454009.88116 0.375
2454009.88418 0.351
2454009.88718 0.338
2454009.8932 0.347
2454009.90061 0.364
2454009.90362 0.362
2454009.90662 0.359
2454009.91265 0.362
2454009.91565 0.359
2454009.91866 0.365
2454009.92168 0.366
2454009.92468 0.372
2454009.92769 0.377
2454009.93502 0.378
2454009.93802 0.391
2454009.94103 0.35
2454009.94405 0.334
2454009.94705 0.328
2454009.95007 0.323
2454009.95308 0.339
2454009.95609 0.322
2454009.9591 0.308
2454009.96211 0.311
2454009.96966 0.3
2454009.97267 0.327
2454009.97869 0.35
