2455865.57129 15.803
2455865.57499 15.834
2455865.57869 15.835
2455865.58238 15.829
2455865.58608 15.856
2455865.58978 15.847
2455865.59348 15.858
2455865.59718 15.858
2455865.61003 15.868
2455865.61373 15.873
2455865.61743 15.846
2455865.62112 15.835
2455865.62481 15.836
2455865.63217 15.827
2455865.63586 15.828
2455865.64323 15.829
2455865.65223 15.817
2455865.65962 15.814
2455865.66331 15.821
2455865.667 15.844
2455865.6707 15.87
2455865.67439 15.875
2455865.6818 15.869
2455865.68548 15.837
2455865.69437 15.822
2455865.69807 15.821
2455865.70176 15.823
2455865.70545 15.824
2455865.70914 15.852
2455865.71284 15.834
2455865.71654 15.826
2455865.72023 15.865
2455865.72393 15.859
2455865.72762 15.849
2455865.74063 15.837
2455865.74433 15.803
2455865.74802 15.805
2455865.75171 15.828
2455865.75542 15.834
2455865.75912 15.837
2455865.76281 15.829
2455865.76651 15.822
2455865.7702 15.836
2455865.78276 15.824
2455865.78644 15.855
2455865.79016 15.854
2455865.79385 15.851
2455865.79755 15.853
2455865.80126 15.825
2455865.80495 15.83
2455865.80864 15.821
2455865.81233 15.821
2455865.8213 15.845
2455865.82499 15.851
2455865.82868 15.843
2455865.83237 15.853
2455865.83606 15.858
2455865.83976 15.848
2455865.84345 15.871
2455865.84714 15.863
2455865.85083 15.865
2455865.86735 15.834
2455865.87105 15.854
2455865.87473 15.836
2455865.87842 15.835
2455865.88211 15.824
2455865.88581 15.835
2455865.88951 15.814
2455865.90621 15.839
2455865.91359 15.894
2455865.91728 15.868
2455865.92098 15.883
2455865.92467 15.876
2455865.92838 15.84
