2455858.56148 15.78
2455858.56747 15.824
2455858.57049 15.838
2455858.58689 15.785
2455858.58989 15.805
2455858.59888 15.837
2455858.60188 15.847
2455858.60788 15.839
2455858.61088 15.816
2455858.61389 15.824
2455858.62129 15.771
2455858.63031 15.74
2455858.63632 15.779
2455858.63932 15.805
2455858.65594 15.765
2455858.65895 15.726
2455858.66195 15.728
2455858.66494 15.759
2455858.66795 15.772
2455858.67094 15.787
2455858.67393 15.832
2455858.67693 15.835
2455858.69046 15.83
2455858.69344 15.806
2455858.69643 15.788
2455858.69943 15.752
2455858.70243 15.781
2455858.70841 15.777
2455858.71443 15.78
2455858.71742 15.764
2455858.72829 15.839
2455858.73129 15.859
2455858.73429 15.833
2455858.74029 15.799
2455858.74329 15.792
2455858.74629 15.794
2455858.74928 15.762
2455858.91601 15.777
2455858.91901 15.786
2455858.92201 15.787
2455858.925 15.813
2455858.92801 15.786
2455858.93585 15.78
2455858.93884 15.78
2455858.94183 15.755
2455858.94484 15.782
2455858.94784 15.805
