2457373.593343 +16.184
2457373.597778 +16.183
2457373.599986 +16.183
2457373.602196 +16.180
2457373.604412 +16.188
2457373.606632 +16.173
2457373.608844 +16.176
2457373.611051 +16.194
2457373.613261 +16.191
2457373.615483 +16.188
2457373.617703 +16.209
2457373.619912 +16.208
2457373.622123 +16.197
2457373.624340 +16.195
2457373.629388 +16.141
2457373.640431 +16.123
2457373.642642 +16.122
2457373.647079 +16.136
2457373.649290 +16.163
2457373.651506 +16.178
2457373.653721 +16.171
2457373.655933 +16.156
2457373.658155 +16.178
2457373.660366 +16.164
2457373.672929 +16.127
2457373.675143 +16.122
2457373.677355 +16.133
2457373.679576 +16.130
2457373.681786 +16.131
2457373.683997 +16.144
2457373.686213 +16.162
2457373.688432 +16.153
2457373.690648 +16.178
2457373.695073 +16.185
2457373.697289 +16.187
2457373.702066 +16.180
2457373.706506 +16.160
2457373.708716 +16.152
2457373.710923 +16.146
2457373.713136 +16.142
2457373.715363 +16.158
2457373.717576 +16.168
2457373.719789 +16.165
2457373.722002 +16.173
2457373.724215 +16.202
2457373.726440 +16.197
2457373.728649 +16.200
2457373.730860 +16.208
2457373.733070 +16.211
2457373.739013 +16.168
2457373.741236 +16.170
2457373.743446 +16.159
2457373.745669 +16.167
2457373.747880 +16.149
2457373.750098 +16.155
2457373.752312 +16.147
2457373.754522 +16.139
2457373.756733 +16.144
2457373.818293 +16.103
2457373.820515 +16.102
2457373.822726 +16.105
2457373.824938 +16.125
2457373.827151 +16.121
2457373.829363 +16.138
2457373.831588 +16.122
2457373.833799 +16.143
2457373.836007 +16.154
2457373.838218 +16.140
2457373.840430 +16.164
2457373.847074 +16.189
2457373.849294 +16.167
2457373.860428 +16.165
2457373.864856 +16.152
2457373.867068 +16.164
2457373.869286 +16.169
2457373.871499 +16.162
2457373.873713 +16.170
2457373.875933 +16.166
2457373.878148 +16.179
2457373.880366 +16.196
2457373.882578 +16.198
2457373.884793 +16.209
2457373.887010 +16.182
2457373.894198 +16.170
2457373.896410 +16.157
2457373.898625 +16.155
2457373.900837 +16.178
2457373.903058 +16.180
2457373.905270 +16.170
2457373.907480 +16.181
2457373.909693 +16.180
2457373.911904 +16.200
2457373.916332 +16.201
2457373.918541 +16.214
2457373.920752 +16.203
2457373.931087 +16.157
2457373.933297 +16.168
2457373.935507 +16.141
2457373.939940 +16.148
2457373.944366 +16.157
2457373.948792 +16.164
2457373.953230 +16.168
2457373.955451 +16.187
2457373.957662 +16.174
2457373.959883 +16.161
