2455590.63257 16.618
2455590.63555 16.609
2455590.63856 16.635
2455590.64156 16.629
2455590.64457 16.611
2455590.65054 16.618
2455590.65355 16.627
2455590.65656 16.586
2455590.67026 16.6
2455590.67924 16.589
2455590.68525 16.575
2455590.68826 16.59
2455590.69126 16.571
2455590.69428 16.601
2455590.71679 16.656
2455590.71979 16.651
2455590.72881 16.622
2455590.73612 16.607
2455590.73913 16.67
2455590.74214 16.7
2455590.74515 16.701
2455590.75118 16.676
2455590.75719 16.686
2455590.76021 16.685
2455590.76323 16.674
2455590.77254 16.681
2455590.78459 16.622
2455590.78761 16.61
2455590.79063 16.639
2455590.79364 16.622
2455590.79968 16.6
2455590.80742 16.56
2455590.81043 16.608
2455590.81344 16.608
2455590.81643 16.572
2455590.81944 16.616
2455590.82246 16.586
2455590.82546 16.564
2455590.82847 16.602
2455590.83148 16.608
2455590.83447 16.565
2455590.84818 16.634
2455590.85119 16.609
2455590.8542 16.657
2455590.85719 16.654
2455590.8602 16.656
2455590.86925 16.634
2455590.88018 16.613
2455590.8832 16.655
2455590.88621 16.633
2455590.88924 16.623
2455590.89227 16.649
2455590.89527 16.684
2455590.89827 16.672
2455590.90126 16.676
2455590.90425 16.689
2455590.9328 16.636
2455590.93879 16.671
2455590.94689 16.598
2455590.94989 16.642
2455590.95288 16.579
2455590.95588 16.569
2455590.95888 16.566
2455590.9649 16.583
2455590.9679 16.545
2455590.9709 16.58
2455590.9739 16.591
2455590.98193 16.599
2455590.98494 16.62
2455590.99393 16.593
2455590.99692 16.636
2455590.99992 16.618
2455591.00293 16.625
2455591.00593 16.631
2455591.00893 16.642
2455591.01652 16.625
2455591.02252 16.626
2455591.02552 16.627
2455591.02852 16.623
2455591.03153 16.656
2455591.03454 16.685
2455591.03754 16.607
2455591.04055 16.631
2455591.04356 16.643
