2457382.578810 +16.542
2457382.581023 +16.558
2457382.583246 +16.582
2457382.585464 +16.591
2457382.592101 +16.587
2457382.596527 +16.592
2457382.598744 +16.610
2457382.600954 +16.562
2457382.603167 +16.586
2457382.605385 +16.572
2457382.632586 +16.622
2457382.634799 +16.612
2457382.639223 +16.564
2457382.641436 +16.545
2457382.646623 +16.576
2457382.648835 +16.580
2457382.651048 +16.571
2457382.653262 +16.540
2457382.662118 +16.563
2457382.677606 +16.548
2457382.683626 +16.528
2457382.685849 +16.544
2457382.690271 +16.522
2457382.692480 +16.539
2457382.696920 +16.545
2457382.699128 +16.547
2457382.701344 +16.578
2457382.703561 +16.582
2457382.705775 +16.552
2457382.707995 +16.539
2457382.710207 +16.531
2457382.712419 +16.508
2457382.714631 +16.500
2457382.721903 +16.487
2457382.724116 +16.510
2457382.728544 +16.522
2457382.735187 +16.547
2457382.737403 +16.539
2457382.739628 +16.555
2457382.746273 +16.563
2457382.750708 +16.580
2457382.755850 +16.542
2457382.764734 +16.543
2457382.782432 +16.588
2457382.784644 +16.606
2457382.792014 +16.552
2457382.794227 +16.551
2457382.796440 +16.549
2457382.798653 +16.542
2457382.800866 +16.555
2457382.807512 +16.553
2457382.811941 +16.577
2457382.814159 +16.567
2457382.827962 +16.529
2457382.830187 +16.511
2457382.854558 +16.550
2457382.858992 +16.542
2457382.863866 +16.509
2457382.868295 +16.501
2457382.870508 +16.474
2457382.874932 +16.474
2457382.877154 +16.486
2457382.879365 +16.514
2457382.881577 +16.532
2457382.883788 +16.546
2457382.886003 +16.556
2457382.888226 +16.549
2457382.892649 +16.565
2457382.894869 +16.563
2457382.915591 +16.510
2457382.931107 +16.563
2457382.937436 +16.570
