2457372.597731 +16.127
2457372.602160 +16.099
2457372.604373 +16.113
2457372.606601 +16.090
2457372.615466 +16.064
2457372.619892 +16.082
2457372.622107 +16.091
2457372.624317 +16.071
2457372.626536 +16.073
2457372.628746 +16.090
2457372.651514 +16.104
2457372.653732 +16.107
2457372.655946 +16.123
2457372.658164 +16.113
2457372.660374 +16.117
2457372.662587 +16.123
2457372.670692 +16.153
2457372.672912 +16.157
2457372.675126 +16.151
2457372.679556 +16.159
2457372.681776 +16.138
2457372.683988 +16.152
2457372.686203 +16.141
2457372.688416 +16.124
2457372.706771 +16.115
2457372.708988 +16.108
2457372.711202 +16.109
2457372.713417 +16.106
2457372.717856 +16.099
2457372.720064 +16.088
2457372.722278 +16.088
2457372.724497 +16.092
2457372.726709 +16.065
2457372.728932 +16.057
2457372.731145 +16.055
2457372.733358 +16.044
2457372.735571 +16.041
2457372.737785 +16.051
2457372.743593 +16.064
2457372.745817 +16.068
2457372.748028 +16.073
2457372.750242 +16.080
2457372.754680 +16.070
2457372.761321 +16.058
2457372.763535 +16.041
2457372.765750 +16.053
2457372.767961 +16.050
2457372.770172 +16.046
2457372.772391 +16.047
2457372.774604 +16.046
2457372.781603 +16.071
2457372.786014 +16.104
2457372.792633 +16.110
2457372.794845 +16.115
2457372.797061 +16.102
2457372.799274 +16.094
2457372.801486 +16.083
2457372.803705 +16.071
2457372.805918 +16.072
2457372.808136 +16.070
2457372.810349 +16.083
2457372.812572 +16.091
2457372.816995 +16.088
2457372.821431 +16.104
2457372.823643 +16.118
2457372.829294 +16.123
2457372.831514 +16.123
2457372.833725 +16.127
2457372.835939 +16.123
2457372.838150 +16.123
2457372.842584 +16.098
2457372.844796 +16.104
2457372.847012 +16.084
2457372.849225 +16.093
2457372.851432 +16.099
2457372.853654 +16.111
2457372.858084 +16.117
2457372.860297 +16.124
2457372.865074 +16.118
2457372.867296 +16.115
2457372.869508 +16.111
2457372.871724 +16.095
2457372.876145 +16.081
2457372.878368 +16.074
2457372.880581 +16.063
2457372.882792 +16.053
2457372.885004 +16.052
2457372.887216 +16.059
2457372.889438 +16.079
2457372.896076 +16.093
2457372.902015 +16.091
2457372.904228 +16.091
2457372.906434 +16.084
2457372.908645 +16.077
2457372.910858 +16.077
2457372.915294 +16.061
2457372.917500 +16.054
2457372.919709 +16.065
2457372.921922 +16.076
2457372.926358 +16.070
2457372.928568 +16.083
2457372.930779 +16.105
2457372.932990 +16.126
2457372.937767 +16.131
2457372.939986 +16.125
2457372.957709 +16.117
2457372.959929 +16.126
2457372.962142 +16.124
2457372.964355 +16.126
2457372.966566 +16.144
2457372.968792 +16.142
