2455595.60753 16.633
2455595.61353 16.601
2455595.61653 16.56
2455595.61955 16.58
2455595.62256 16.556
2455595.62555 16.574
2455595.62855 16.6
2455595.63155 16.593
2455595.63453 16.587
2455595.65251 16.591
2455595.65551 16.568
2455595.65851 16.571
2455595.66152 16.572
2455595.66453 16.558
2455595.66753 16.565
2455595.67054 16.576
2455595.67958 16.595
2455595.68259 16.604
2455595.68561 16.626
2455595.68863 16.663
2455595.69164 16.612
2455595.69768 16.601
2455595.70069 16.629
2455595.7067 16.664
2455595.71517 16.704
2455595.71818 16.684
2455595.7212 16.672
2455595.72421 16.683
2455595.73021 16.695
2455595.73323 16.657
2455595.73626 16.621
2455595.74229 16.643
2455595.75082 16.601
2455595.75382 16.594
2455595.76582 16.608
2455595.76884 16.565
2455595.77486 16.598
2455595.78937 16.606
2455595.79235 16.591
2455595.79537 16.574
2455595.79837 16.544
2455595.80137 16.555
2455595.80439 16.592
2455595.80739 16.592
2455595.82244 16.579
2455595.82545 16.625
2455595.83146 16.615
2455595.83445 16.617
2455595.83745 16.613
2455595.84047 16.641
2455595.84348 16.619
2455595.84647 16.628
2455595.86113 16.669
2455595.86413 16.651
2455595.86713 16.663
2455595.87014 16.645
2455595.87313 16.691
2455595.8761 16.694
2455595.8791 16.684
2455595.88211 16.668
2455595.8851 16.693
2455595.88809 16.657
2455595.89634 16.625
2455595.89935 16.608
2455595.90234 16.59
2455595.91434 16.639
2455595.92035 16.617
2455595.92336 16.59
2455595.93168 16.585
2455595.9347 16.564
2455595.94073 16.542
2455595.94373 16.556
2455595.94971 16.56
2455595.95272 16.529
2455595.95574 16.588
2455595.95873 16.593
2455595.97076 16.546
2455595.97377 16.583
2455595.97678 16.586
2455595.97979 16.604
2455595.98281 16.595
2455595.9858 16.642
2455595.98879 16.61
2455595.99181 16.615
2455595.99481 16.624
2455596.00593 16.615
2455596.00892 16.625
2455596.01192 16.633
2455596.02092 16.632
2455596.02691 16.668
2455596.02992 16.683
2455596.03832 16.694
2455596.04132 16.672
2455596.04433 16.656
