2457375.585005 +16.273
2457375.587225 +16.280
2457375.589438 +16.253
2457375.596088 +16.226
2457375.600515 +16.252
2457375.602733 +16.242
2457375.604958 +16.245
2457375.607168 +16.242
2457375.609375 +16.270
2457375.611597 +16.268
2457375.613808 +16.244
2457375.627557 +16.243
2457375.632001 +16.234
2457375.634212 +16.231
2457375.636420 +16.222
2457375.638631 +16.233
2457375.645278 +16.280
2457375.666681 +16.293
2457375.668905 +16.261
2457375.671121 +16.272
2457375.675545 +16.284
2457375.677756 +16.252
2457375.682189 +16.259
2457375.693884 +16.321
2457375.696094 +16.293
2457375.698305 +16.308
2457375.700515 +16.261
2457375.702727 +16.267
2457375.704941 +16.265
2457375.707162 +16.291
2457375.711587 +16.260
2457375.716028 +16.283
2457375.718244 +16.281
2457375.722679 +16.292
2457375.733067 +16.260
2457375.735281 +16.277
2457375.741922 +16.220
2457375.744129 +16.216
2457375.746343 +16.219
2457375.757414 +16.231
2457375.761845 +16.232
2457375.766899 +16.221
2457375.769111 +16.237
2457375.771320 +16.238
2457375.775744 +16.231
2457375.777971 +16.210
2457375.780183 +16.191
2457375.782398 +16.195
2457375.789039 +16.207
2457375.803689 +16.272
2457375.805901 +16.279
2457375.808112 +16.288
2457375.810325 +16.292
2457375.812534 +16.258
2457375.814748 +16.277
2457375.816963 +16.276
2457375.823606 +16.249
2457375.830246 +16.246
2457375.832460 +16.250
2457375.844153 +16.272
2457375.846367 +16.274
2457375.850796 +16.283
2457375.853018 +16.275
2457375.855229 +16.277
2457375.857442 +16.278
2457375.866295 +16.277
2457375.868508 +16.273
2457375.870720 +16.282
2457375.880940 +16.273
2457375.883149 +16.281
2457375.887575 +16.249
2457375.889795 +16.234
2457375.892005 +16.225
2457375.894214 +16.224
2457375.898639 +16.222
2457375.900854 +16.196
2457375.912541 +16.243
2457375.914750 +16.282
2457375.916961 +16.252
2457375.919170 +16.252
2457375.921379 +16.257
2457375.923595 +16.233
2457375.925815 +16.252
2457375.930235 +16.246
2457375.932449 +16.232
2457375.934666 +16.245
2457375.936886 +16.217
2457375.939097 +16.246
2457375.941308 +16.240
2457375.943522 +16.254
2457375.949399 +16.286
2457375.951618 +16.292
2457375.953829 +16.312
2457375.956043 +16.295
2457375.958249 +16.323
2457375.962686 +16.275
