2457374.625401 +16.160
2457374.627622 +16.198
2457374.629832 +16.214
2457374.632046 +16.204
2457374.634252 +16.210
2457374.636464 +16.209
2457374.638688 +16.206
2457374.640897 +16.202
2457374.643109 +16.191
2457374.645321 +16.185
2457374.647535 +16.191
2457374.649760 +16.163
2457374.651970 +16.156
2457374.654179 +16.169
2457374.656389 +16.147
2457374.671155 +16.189
2457374.673371 +16.181
2457374.675584 +16.163
2457374.677796 +16.171
2457374.680008 +16.170
2457374.682222 +16.162
2457374.684441 +16.139
2457374.686655 +16.140
2457374.688867 +16.127
2457374.693293 +16.118
2457374.698336 +16.114
2457374.700559 +16.108
2457374.702773 +16.130
2457374.704986 +16.138
2457374.707199 +16.137
2457374.709421 +16.150
2457374.711636 +16.153
2457374.713848 +16.142
2457374.716061 +16.127
2457374.718278 +16.105
2457374.720491 +16.118
2457374.724917 +16.105
2457374.727131 +16.105
2457374.729341 +16.102
2457374.737456 +16.111
2457374.739667 +16.103
2457374.741881 +16.129
2457374.744092 +16.137
2457374.746312 +16.158
2457374.748528 +16.169
2457374.750740 +16.170
2457374.755177 +16.172
2457374.757388 +16.166
2457374.759602 +16.156
2457374.761814 +16.141
2457374.764030 +16.143
2457374.766247 +16.121
2457374.771014 +16.122
2457374.773239 +16.141
2457374.775452 +16.131
2457374.777678 +16.138
2457374.779903 +16.175
2457374.782114 +16.159
2457374.784324 +16.187
2457374.786540 +16.176
2457374.788748 +16.174
2457374.790975 +16.187
2457374.793187 +16.188
2457374.795393 +16.173
2457374.797608 +16.170
2457374.799819 +16.172
2457374.802042 +16.163
2457374.807924 +16.148
2457374.810142 +16.147
2457374.812354 +16.151
2457374.814568 +16.170
2457374.816786 +16.176
2457374.819004 +16.169
2457374.821217 +16.162
2457374.823428 +16.157
2457374.825640 +16.164
2457374.827853 +16.141
2457374.830068 +16.161
2457374.832285 +16.128
2457374.834497 +16.124
2457374.836712 +16.113
2457374.838928 +16.110
2457374.843698 +16.105
2457374.845927 +16.114
2457374.848137 +16.112
2457374.850351 +16.097
2457374.852560 +16.113
2457374.854771 +16.124
2457374.856996 +16.120
2457374.859209 +16.138
2457374.861422 +16.127
2457374.863633 +16.135
2457374.865842 +16.136
2457374.868065 +16.116
2457374.870277 +16.123
2457374.872490 +16.102
2457374.874702 +16.109
2457374.880590 +16.105
2457374.882808 +16.110
2457374.885017 +16.128
2457374.887228 +16.131
2457374.889439 +16.118
2457374.891650 +16.149
2457374.893877 +16.156
2457374.896088 +16.186
2457374.898299 +16.188
2457374.900507 +16.172
2457374.902722 +16.197
2457374.904945 +16.181
2457374.907155 +16.200
2457374.909366 +16.173
2457374.911576 +16.170
2457374.916625 +16.145
2457374.918838 +16.149
2457374.921046 +16.163
2457374.923260 +16.152
2457374.925467 +16.167
2457374.929899 +16.166
2457374.932111 +16.189
2457374.934324 +16.193
2457374.936537 +16.198
2457374.938752 +16.209
2457374.940968 +16.196
2457374.943178 +16.192
2457374.945389 +16.203
2457374.947609 +16.198
2457374.953377 +16.182
2457374.955588 +16.159
2457374.957800 +16.161
2457374.960011 +16.158
2457374.962229 +16.162
2457374.964441 +16.173
