2457384.570409 +16.628
2457384.572621 +16.580
2457384.574837 +16.603
2457384.577053 +16.609
2457384.579263 +16.619
2457384.581484 +16.636
2457384.583692 +16.625
2457384.585905 +16.635
2457384.588118 +16.659
2457384.590334 +16.627
2457384.592560 +16.651
2457384.594770 +16.629
2457384.596981 +16.634
2457384.599196 +16.657
2457384.601407 +16.636
2457384.606475 +16.625
2457384.610894 +16.610
2457384.613101 +16.585
2457384.615312 +16.594
2457384.619737 +16.623
2457384.621960 +16.619
2457384.624169 +16.666
2457384.626381 +16.648
2457384.628595 +16.646
2457384.630811 +16.641
2457384.633028 +16.646
2457384.635238 +16.619
2457384.647026 +16.565
2457384.649245 +16.591
2457384.679924 +16.588
2457384.682142 +16.572
2457384.684352 +16.577
2457384.686565 +16.557
2457384.688777 +16.590
2457384.690990 +16.580
2457384.693211 +16.608
2457384.695425 +16.581
2457384.697637 +16.600
2457384.699854 +16.609
2457384.702079 +16.640
2457384.704293 +16.646
2457384.706505 +16.649
2457384.708721 +16.639
2457384.710946 +16.630
2457384.715913 +16.598
2457384.718126 +16.561
2457384.720339 +16.566
2457384.742488 +16.607
2457384.746921 +16.609
2457384.752571 +16.597
2457384.754791 +16.565
2457384.759216 +16.578
2457384.763636 +16.577
2457384.772501 +16.589
2457384.779142 +16.589
2457384.781355 +16.592
2457384.792961 +16.548
2457384.795179 +16.566
2457384.797403 +16.543
2457384.799613 +16.557
2457384.801822 +16.553
2457384.804044 +16.561
2457384.808476 +16.578
2457384.819545 +16.603
2457384.851771 +16.599
2457384.856197 +16.613
2457384.860970 +16.606
2457384.867618 +16.588
2457384.869838 +16.580
2457384.872063 +16.558
2457384.874276 +16.595
2457384.876485 +16.579
2457384.878696 +16.583
2457384.880911 +16.574
2457384.883134 +16.563
2457384.885346 +16.581
2457384.887554 +16.597
2457384.889766 +16.617
2457384.891980 +16.581
2457384.897924 +16.600
2457384.900141 +16.573
2457384.902354 +16.590
2457384.904567 +16.606
2457384.911224 +16.597
2457384.913436 +16.599
2457384.915661 +16.577
2457384.917872 +16.606
2457384.920086 +16.609
2457384.926730 +16.634
2457384.928942 +16.611
