2454536.59126 16.263
2454536.59815 16.162
2454536.60157 16.139
2454536.60513 16.164
2454536.60871 16.132
2454536.61229 16.127
2454536.61588 16.076
2454536.61948 16.039
2454536.64776 16.193
2454536.65133 16.169
2454536.6549 16.242
2454536.65851 16.302
2454536.66214 16.278
2454536.66569 16.283
2454536.66927 16.337
2454536.67285 16.307
2454536.67643 16.256
2454536.6801 16.188
2454536.71667 16.112
2454536.732 16.271
2454536.73555 16.262
2454536.73911 16.26
2454536.74269 16.287
2454536.74628 16.242
2454536.74988 16.247
2454536.75708 16.23
2454536.76071 16.182
2454536.76896 16.156
2454536.7725 16.125
2454536.77608 16.089
2454536.77967 16.072
2454536.78327 16.07
2454536.78691 16.047
2454536.79044 16.077
2454536.79399 16.08
2454536.79758 16.142
2454536.80115 16.193
2454536.80939 16.221
2454536.81661 16.235
2454536.8203 16.303
2454536.82385 16.283
2454536.83099 16.207
2454536.84293 16.181
2454536.84653 16.165
2454536.85015 16.106
2454536.85375 16.083
2454536.8574 16.068
2454536.86098 16.104
2454536.86453 16.1
2454536.86812 16.109
2454536.87171 16.147
2454536.87543 16.187
2454536.88715 16.254
2454536.89078 16.293
2454536.89447 16.28
2454536.89804 16.301
2454536.90177 16.315
2454536.90538 16.26
2454536.90896 16.215
2454536.91256 16.222
2454536.9162 16.191
2454536.9242 16.128
2454536.9277 16.156
2454536.93132 16.131
2454536.93491 16.104
2454536.93856 16.083
