2455679.62414 16.481
2455679.62719 16.496
2455679.63023 16.518
2455679.63329 16.491
2455679.63633 16.501
2455679.64242 16.398
2455679.64547 16.375
2455679.6525 16.41
2455679.65554 16.361
2455679.65861 16.361
2455679.66166 16.334
2455679.66472 16.287
2455679.66777 16.268
2455679.68713 16.336
2455679.69019 16.354
2455679.69324 16.339
2455679.69629 16.365
2455679.69934 16.375
2455679.70237 16.394
2455679.70847 16.422
2455679.72276 16.443
2455679.72578 16.435
2455679.72881 16.411
2455679.73489 16.343
2455679.73793 16.335
2455679.74098 16.366
2455679.74403 16.302
2455679.74708 16.327
2455679.75798 16.271
2455679.76407 16.275
2455679.78233 16.47
2455679.78538 16.473
2455679.79279 16.454
2455679.79584 16.437
2455679.79889 16.37
2455679.80193 16.336
2455679.80498 16.333
2455679.80801 16.332
2455679.81105 16.318
2455679.81409 16.349
2455679.81714 16.34
2455679.83344 16.261
2455679.83647 16.311
2455679.83952 16.298
2455679.84256 16.27
2455679.84562 16.316
2455679.84866 16.319
2455679.85169 16.321
2455679.85473 16.354
2455679.85776 16.38
2455679.86081 16.423
2455679.86832 16.454
2455679.87136 16.417
2455679.8744 16.418
2455679.87744 16.413
2455679.88049 16.383
2455679.88353 16.377
2455679.88656 16.39
2455679.89263 16.348
2455679.90334 16.266
2455679.90637 16.232
2455679.9094 16.225
2455679.91244 16.266
2455679.91548 16.266
2455679.92157 16.382
2455679.9246 16.433
2455679.92763 16.44
2455679.93066 16.477
2455679.93841 16.459
2455679.94144 16.466
2455679.94448 16.457
2455679.95056 16.476
2455679.9536 16.433
2455679.95665 16.391
2455679.95969 16.332
