2456129.64854 15.834
2456129.65152 15.802
2456129.65448 15.887
2456129.65745 15.944
2456129.66042 15.956
2456129.66341 16.026
2456129.66639 16.06
2456129.66936 16.103
2456129.67234 16.118
2456129.69743 16.133
2456129.70041 16.088
2456129.70337 16.035
2456129.70635 16.017
2456129.70933 15.979
2456129.71229 15.914
2456129.71526 15.916
2456129.71825 15.856
2456129.72122 15.855
2456129.7242 15.869
2456129.73221 15.89
2456129.73518 15.908
2456129.77232 16.06
2456129.77529 15.996
2456129.77826 16.07
2456129.78123 16.015
2456129.78421 15.944
2456129.78718 15.853
2456129.79015 15.826
2456129.79314 15.789
2456129.80092 15.888
2456129.80388 15.936
2456129.80686 15.948
2456129.80983 16.021
2456129.81281 16.05
2456129.81579 16.083
2456129.81875 16.134
2456129.85307 15.938
2456129.85604 15.903
2456129.85902 15.834
2456129.8815 15.828
2456129.88447 15.888
2456129.88744 15.978
2456129.89043 16.051
2456129.8934 16.093
2456129.90757 16.227
2456129.91054 16.219
2456129.91351 16.194
2456129.91648 16.171
2456129.91947 16.102
2456129.92244 16.104
2456129.92542 16.026
2456129.92839 15.981
2456129.93137 15.948
2456129.93925 15.89
2456129.9452 15.881
