2455241.69215 18.309
2455241.72891 18.476
2455241.75353 18.268
2455241.76591 18.258
2455241.77835 18.434
2455241.79084 18.536
2455241.80333 18.533
2455241.81588 18.382
2455241.82848 18.143
2455241.84111 18.194
2455241.85373 18.349
2455241.86638 18.543
2455241.91169 18.260
2455241.92329 18.293
2455241.93486 18.418
2455241.94657 18.614
2455241.95819 18.552
2455241.96994 18.370
2455241.98167 18.291
2455241.99343 18.329
2455242.00541 18.410
2455242.01235 18.491
2455242.01574 18.584
2455242.01914 18.471
2455242.02254 18.613
2455242.02596 18.695
2455242.02766 18.549
2455242.02937 18.699
2455242.03107 18.595
2455242.03278 18.561
2455242.03449 18.575
2455242.03620 18.597
2455242.03791 18.473
2455242.03963 18.702
2455242.04134 18.575
2455242.04824 18.422
2455242.04995 18.423
