2455242.68965 18.176
2455242.70164 18.322
2455242.71362 18.406
2455242.72566 18.570
2455242.79879 18.488
2455242.81113 18.489
2455242.82349 18.370
2455242.83590 18.213
2455242.84832 18.198
2455242.87332 18.522
2455242.88592 18.414
2455242.89850 18.434
2455242.91114 18.251
2455242.92380 18.254
2455242.95884 18.565
2455242.98218 18.411
2455242.99396 18.243
2455243.00428 18.193
2455243.00928 18.307
2455243.01261 18.275
2455243.01594 18.371
2455243.01929 18.364
2455243.02264 18.398
2455243.02431 18.458
2455243.02599 18.424
2455243.02767 18.466
2455243.02935 18.539
2455243.03102 18.607
2455243.03271 18.639
2455243.03439 18.541
2455243.03607 18.568
2455243.03776 18.540
2455243.03945 18.567
2455243.04114 18.566
2455243.04282 18.459
2455243.04451 18.608
2455243.04623 18.515
2455243.04792 18.469
2455243.04961 18.410
2455243.05130 18.412
2455243.05299 18.285
