2455141.62835 0.56
2455141.62913 0.56
2455141.6299 0.57
2455141.63067 0.586
2455141.63144 0.607
2455141.63222 0.606
2455141.63299 0.619
2455141.63376 0.621
2455141.63454 0.649
2455141.63531 0.673
2455141.63608 0.671
2455141.63685 0.671
2455141.63763 0.673
2455141.6384 0.707
2455141.63995 0.717
2455141.64072 0.709
2455141.64226 0.735
2455141.64381 0.764
2455141.64458 0.766
2455141.64613 0.756
2455141.64845 0.795
2455141.64922 0.794
2455141.65 0.805
2455141.65077 0.787
2455141.65154 0.794
2455141.65387 0.768
2455141.65541 0.744
2455141.65696 0.727
2455141.65773 0.714
2455141.6585 0.698
2455141.65928 0.673
2455141.66005 0.673
2455141.66082 0.666
2455141.6616 0.645
2455141.66237 0.632
2455141.66314 0.632
2455141.66391 0.619
2455141.66469 0.621
2455141.66546 0.591
2455141.66623 0.598
2455141.66778 0.586
2455141.66855 0.584
2455141.6701 0.579
2455141.67087 0.576
2455141.67164 0.567
2455141.67242 0.575
2455141.67396 0.548
2455141.67551 0.582
2455141.67629 0.565
2455141.67938 0.575
2455141.6817 0.578
2455141.68247 0.57
2455141.68324 0.581
2455141.68479 0.587
2455141.68556 0.598
2455141.68634 0.6
2455141.68866 0.63
2455141.6902 0.615
2455141.69098 0.654
2455141.69175 0.658
2455141.69252 0.683
2455141.6933 0.686
2455141.69407 0.719
2455141.69485 0.712
2455141.69562 0.724
2455141.69639 0.727
2455141.69717 0.721
2455141.69794 0.756
2455141.69948 0.798
2455141.70181 0.787
2455141.70335 0.789
2455141.70412 0.78
2455141.7049 0.782
2455141.70644 0.78
2455141.70722 0.776
2455141.70876 0.775
2455141.70953 0.775
2455141.71262 0.722
2455141.71494 0.68
2455141.71649 0.66
2455141.71804 0.635
2455141.71958 0.627
2455141.7219 0.598
2455141.72268 0.56
2455141.72345 0.551
2455141.72422 0.555
2455141.725 0.546
2455141.72577 0.534
2455141.72654 0.526
2455141.72732 0.518
2455141.72886 0.52
2455141.72964 0.52
2455141.73119 0.523
2455141.73196 0.524
2455141.73273 0.528
2455141.73505 0.538
2455141.7366 0.547
2455141.73737 0.57
2455141.73814 0.562
2455141.73892 0.558
2455141.73969 0.568
2455141.74046 0.58
2455141.74201 0.599
2455141.74278 0.598
2455141.74356 0.625
2455141.74433 0.64
2455141.74588 0.651
2455141.74742 0.682
2455141.7482 0.698
2455141.74974 0.696
2455141.75129 0.714
2455141.75283 0.733
2455141.75515 0.764
2455141.7567 0.747
2455141.75747 0.783
2455141.75825 0.784
2455141.75902 0.771
2455141.75979 0.808
2455141.76057 0.802
2455141.76134 0.811
2455141.76211 0.782
2455141.76289 0.789
2455141.76366 0.788
2455141.76444 0.761
2455141.76521 0.745
2455141.76598 0.746
2455141.76676 0.741
2455141.76753 0.719
2455141.7683 0.711
2455141.76908 0.706
2455141.76985 0.688
2455141.77063 0.678
2455141.7714 0.673
2455141.77217 0.646
2455141.77295 0.642
2455141.77372 0.627
2455141.77527 0.626
2455141.77604 0.61
2455141.77681 0.611
2455141.77913 0.602
2455141.78068 0.592
2455141.78145 0.594
2455141.783 0.57
2455141.78378 0.569
2455141.78455 0.571
2455141.78532 0.55
2455141.78609 0.55
2455141.78687 0.559
2455141.78764 0.574
2455141.78842 0.561
2455141.78919 0.578
2455141.78996 0.566
2455141.79074 0.58
2455141.79151 0.559
2455141.79228 0.568
2455141.79306 0.579
2455141.79383 0.583
2455141.7946 0.597
2455141.79538 0.587
2455141.79615 0.615
2455141.79693 0.6
2455141.7977 0.604
2455141.79847 0.617
2455141.79924 0.618
2455141.80079 0.637
2455141.80157 0.643
2455141.80234 0.657
2455141.80311 0.674
2455141.80388 0.697
2455141.80466 0.697
2455141.80543 0.714
2455141.80621 0.718
2455141.80698 0.727
2455141.80853 0.737
2455141.8093 0.761
2455141.81007 0.768
2455141.81085 0.742
2455141.81239 0.778
2455141.81316 0.775
2455141.81471 0.769
2455141.81549 0.792
2455141.81626 0.774
2455141.81703 0.763
2455141.8178 0.774
2455141.81858 0.762
2455141.81935 0.771
2455141.82012 0.74
2455141.82167 0.74
2455141.82244 0.731
2455141.82321 0.705
2455141.82398 0.715
2455141.82476 0.685
2455141.82631 0.676
2455141.82708 0.653
2455141.82785 0.633
2455141.82862 0.634
2455141.8294 0.628
2455141.83095 0.609
2455141.83172 0.591
2455141.83249 0.566
2455141.83326 0.575
2455141.83481 0.556
2455141.83636 0.536
2455141.83713 0.508
2455141.83868 0.521
2455141.84023 0.521
2455141.841 0.517
2455141.84177 0.501
2455141.84255 0.518
2455141.84332 0.521
2455141.8441 0.532
2455141.84564 0.523
2455141.84641 0.539
2455141.84719 0.533
2455141.84796 0.547
2455141.8495 0.55
2455141.85028 0.561
2455141.85105 0.568
2455141.85182 0.584
2455141.8526 0.593
2455141.85337 0.606
2455141.85492 0.619
2455141.85569 0.612
2455141.85646 0.636
2455141.85723 0.648
2455141.85801 0.67
2455141.85878 0.704
2455141.85955 0.681
2455141.86033 0.682
2455141.86264 0.712
2455141.86342 0.732
2455141.86419 0.715
2455141.86496 0.718
2455141.86574 0.746
2455141.86651 0.755
2455141.86728 0.748
2455141.86806 0.749
2455141.86883 0.767
2455141.8696 0.779
2455141.87038 0.779
2455141.87115 0.788
2455141.87269 0.778
2455141.87347 0.778
2455141.87501 0.765
2455141.87579 0.773
2455141.87733 0.724
2455141.87888 0.711
2455141.87965 0.686
2455141.88043 0.696
2455141.8812 0.665
2455141.88352 0.625
2455141.88429 0.629
2455141.88584 0.59
2455141.88661 0.605
2455141.88739 0.598
2455141.88816 0.606
2455141.88893 0.59
2455141.8897 0.592
2455141.89048 0.56
2455141.89125 0.574
2455141.89202 0.574
2455141.8928 0.561
2455141.89357 0.546
2455141.89589 0.561
2455141.89743 0.547
2455141.89821 0.557
2455141.89975 0.551
2455141.90053 0.57
2455141.9013 0.57
2455141.90285 0.558
2455141.90362 0.568
2455141.90439 0.571
2455141.90516 0.556
2455141.90671 0.589
2455141.90826 0.597
2455141.90903 0.609
2455141.9098 0.601
2455141.91058 0.618
2455141.91212 0.637
2455141.9129 0.636
2455141.91367 0.666
2455141.91444 0.67
2455141.91521 0.694
2455141.91599 0.692
2455141.91676 0.709
2455141.91753 0.729
2455141.9183 0.739
2455141.91908 0.747
2455141.91985 0.729
2455141.92063 0.725
2455141.9214 0.751
2455141.92217 0.771
2455141.92294 0.757
2455141.92372 0.775
2455141.92449 0.793
2455141.92526 0.773
2455141.92604 0.749
2455141.92681 0.789
2455141.92836 0.783
2455141.92913 0.766
2455141.9299 0.771
2455141.93068 0.758
2455141.93222 0.745
2455141.93299 0.716
2455141.93377 0.722
2455141.93454 0.712
2455141.93609 0.687
2455141.93686 0.684
2455141.93763 0.675
2455141.93841 0.667
2455141.93995 0.636
2455141.9415 0.591
2455141.94382 0.559
2455141.94536 0.54
2455141.94614 0.521
2455141.94768 0.516
2455141.94923 0.51
2455141.95077 0.518
2455141.95232 0.525
2455141.95309 0.514
2455141.95464 0.504
2455141.95541 0.512
2455141.95618 0.532
2455141.95696 0.528
2455141.95773 0.523
2455141.9585 0.528
2455141.95928 0.527
2455141.96005 0.527
2455141.9616 0.559
2455141.96237 0.587
