2455159.56598 1.359
2455159.56675 1.317
2455159.56752 1.324
2455159.57139 1.292
2455159.57216 1.278
2455159.57293 1.297
2455159.57757 1.201
2455159.57988 1.166
2455159.58066 1.154
2455159.5822 1.128
2455159.58297 1.115
2455159.58375 1.069
2455159.58607 1.075
2455159.58761 1.036
2455159.58916 1.035
2455159.58993 1.021
2455159.59148 1.028
2455159.59225 1.036
2455159.59302 1.02
2455159.5938 1.02
2455159.59457 1.054
2455159.59534 1.076
2455159.59689 1.049
2455159.5992 1.062
2455159.59998 1.075
2455159.60075 1.072
2455159.60229 1.079
2455159.60307 1.104
2455159.60461 1.116
2455159.60615 1.155
2455159.60847 1.165
2455159.61002 1.2
2455159.61079 1.216
2455159.61156 1.217
2455159.61311 1.23
2455159.61388 1.229
2455159.61542 1.251
2455159.6162 1.255
2455159.61697 1.268
2455159.61774 1.279
2455159.61929 1.286
2455159.62006 1.287
2455159.62083 1.303
2455159.62238 1.303
2455159.62316 1.327
2455159.6247 1.305
2455159.62548 1.298
2455159.62625 1.303
2455159.62702 1.302
2455159.62779 1.292
2455159.62857 1.273
2455159.63011 1.263
2455159.63088 1.223
2455159.6332 1.205
2455159.63398 1.177
2455159.63552 1.159
2455159.6363 1.149
2455159.63784 1.131
2455159.63862 1.117
2455159.63939 1.11
2455159.64093 1.102
2455159.64171 1.112
2455159.64325 1.088
2455159.64403 1.102
2455159.6448 1.097
2455159.64635 1.104
2455159.64789 1.079
2455159.64866 1.088
2455159.64944 1.074
2455159.65021 1.07
2455159.65098 1.081
2455159.65253 1.08
2455159.6533 1.09
2455159.65408 1.085
2455159.65485 1.077
2455159.65562 1.096
2455159.65639 1.115
2455159.65794 1.118
2455159.65871 1.116
2455159.65949 1.14
2455159.66026 1.126
2455159.66103 1.124
2455159.66181 1.146
2455159.66335 1.166
2455159.66413 1.166
2455159.66567 1.213
2455159.66722 1.234
2455159.66876 1.23
2455159.66954 1.274
2455159.67108 1.262
2455159.67418 1.307
2455159.67495 1.31
2455159.67573 1.336
2455159.6765 1.345
2455159.67727 1.336
2455159.67805 1.343
2455159.67959 1.338
2455159.68037 1.327
2455159.68114 1.33
2455159.68191 1.33
2455159.68268 1.308
2455159.68346 1.298
2455159.68423 1.293
2455159.68577 1.257
2455159.68655 1.273
2455159.68732 1.237
2455159.68809 1.225
2455159.68887 1.209
2455159.68964 1.266
2455159.69196 1.159
2455159.69273 1.148
2455159.6935 1.134
2455159.69428 1.125
2455159.69505 1.109
2455159.69659 1.076
2455159.69737 1.084
2455159.69891 1.111
2455159.69968 1.052
2455159.70046 1.043
2455159.702 1.073
2455159.70278 1.037
2455159.70432 1.041
2455159.7051 1.043
2455159.70587 1.043
2455159.70742 1.047
2455159.70819 1.045
2455159.70896 1.057
2455159.70973 1.051
2455159.7105 1.061
2455159.71128 1.111
2455159.71282 1.091
2455159.7136 1.091
2455159.71514 1.117
2455159.71591 1.174
2455159.71669 1.132
2455159.71746 1.194
2455159.719 1.171
2455159.71978 1.225
2455159.72055 1.195
2455159.72133 1.199
2455159.7221 1.204
2455159.72287 1.211
2455159.72442 1.219
2455159.72519 1.25
2455159.72597 1.262
2455159.72674 1.25
2455159.72751 1.281
2455159.72829 1.264
2455159.72983 1.288
2455159.73061 1.291
2455159.73215 1.314
2455159.73292 1.274
2455159.7337 1.327
2455159.73524 1.327
2455159.73602 1.337
2455159.73756 1.299
2455159.73834 1.288
2455159.73911 1.286
2455159.74066 1.271
2455159.74143 1.322
2455159.74298 1.225
2455159.74375 1.22
2455159.74452 1.206
2455159.74607 1.182
2455159.74684 1.166
2455159.74839 1.134
2455159.74917 1.189
2455159.74994 1.138
2455159.75072 1.122
2455159.75226 1.099
2455159.75303 1.114
2455159.75381 1.11
2455159.75458 1.108
2455159.75535 1.102
2455159.75613 1.104
2455159.75767 1.094
2455159.75845 1.091
2455159.75922 1.103
2455159.76154 1.091
2455159.7654 1.088
2455159.76618 1.089
2455159.76695 1.083
2455159.7685 1.124
2455159.76927 1.127
2455159.77159 1.133
2455159.77236 1.146
2455159.77391 1.167
2455159.77468 1.17
2455159.77623 1.187
2455159.777 1.201
2455159.77777 1.261
2455159.77931 1.249
2455159.78009 1.263
2455159.78164 1.283
2455159.78241 1.282
2455159.78318 1.305
2455159.78395 1.303
2455159.7855 1.313
2455159.78628 1.325
2455159.78705 1.334
2455159.78782 1.347
2455159.7886 1.358
2455159.78937 1.349
2455159.79091 1.35
2455159.79169 1.359
2455159.79246 1.32
2455159.79323 1.317
2455159.79401 1.373
2455159.79478 1.306
2455159.79633 1.277
2455159.7971 1.323
2455159.79865 1.287
2455159.79942 1.225
2455159.80019 1.214
2455159.80174 1.185
2455159.80252 1.171
2455159.80406 1.198
2455159.80484 1.126
2455159.80561 1.159
2455159.80715 1.107
2455159.80793 1.143
2455159.80947 1.076
2455159.81024 1.114
2455159.81102 1.039
2455159.81256 1.047
2455159.81334 1.055
2455159.81488 1.053
2455159.81565 1.04
2455159.81643 1.047
2455159.81874 1.057
2455159.81952 1.071
2455159.82029 1.119
2455159.82184 1.133
2455159.82261 1.083
2455159.82416 1.1
2455159.82571 1.116
2455159.82648 1.127
2455159.82725 1.135
2455159.82802 1.149
2455159.82957 1.191
2455159.83035 1.192
2455159.83266 1.233
2455159.83344 1.239
2455159.83498 1.273
2455159.83576 1.277
2455159.8373 1.286
2455159.83807 1.306
2455159.83885 1.309
2455159.84039 1.33
2455159.84117 1.328
2455159.84271 1.33
2455159.84348 1.317
2455159.84426 1.361
2455159.8458 1.325
2455159.84657 1.372
2455159.84812 1.341
2455159.84889 1.342
2455159.84967 1.31
2455159.85044 1.317
2455159.85198 1.292
2455159.85276 1.267
2455159.85353 1.275
2455159.85431 1.263
2455159.85508 1.231
2455159.85585 1.229
2455159.8574 1.2
2455159.85817 1.177
2455159.85894 1.188
2455159.85972 1.178
2455159.86049 1.155
2455159.86281 1.158
2455159.86358 1.131
2455159.86513 1.145
2455159.8659 1.149
2455159.86667 1.134
2455159.86899 1.104
2455159.87054 1.124
2455159.87131 1.12
2455159.87208 1.12
2455159.87363 1.101
2455159.8744 1.106
2455159.87595 1.116
2455159.87672 1.089
2455159.8775 1.12
2455159.87904 1.129
2455159.87981 1.122
2455159.88136 1.144
2455159.88291 1.154
2455159.88368 1.167
2455159.88523 1.194
2455159.88677 1.211
2455159.89064 1.296
2455159.89141 1.302
2455159.89837 1.364
