2455152.591 1.267
2455152.59255 1.225
2455152.59486 1.186
2455152.59641 1.182
2455152.59718 1.167
2455152.59796 1.15
2455152.59873 1.131
2455152.60028 1.148
2455152.6026 1.139
2455152.60337 1.131
2455152.60569 1.14
2455152.60724 1.152
2455152.60956 1.169
2455152.61033 1.168
2455152.6111 1.162
2455152.61265 1.186
2455152.61342 1.196
2455152.61497 1.265
2455152.61651 1.235
2455152.61883 1.281
2455152.62038 1.301
2455152.62115 1.317
2455152.62193 1.305
2455152.62424 1.346
2455152.62502 1.346
2455152.62579 1.361
2455152.62656 1.36
2455152.62811 1.379
2455152.62966 1.398
2455152.63043 1.403
2455152.6312 1.399
2455152.63198 1.425
2455152.63352 1.434
2455152.63507 1.416
2455152.63584 1.429
2455152.63661 1.41
2455152.63739 1.397
2455152.63893 1.385
2455152.64048 1.362
2455152.64125 1.353
2455152.6428 1.32
2455152.64358 1.31
2455152.64435 1.276
2455152.6459 1.27
2455152.64667 1.272
2455152.64821 1.257
2455152.64976 1.224
2455152.65208 1.217
2455152.65362 1.217
2455152.6544 1.211
2455152.65517 1.207
2455152.65594 1.195
2455152.65749 1.21
2455152.65826 1.206
2455152.65904 1.197
2455152.65981 1.19
2455152.66058 1.186
2455152.66135 1.202
2455152.6629 1.194
2455152.66368 1.203
2455152.66445 1.193
2455152.66522 1.204
2455152.66677 1.208
2455152.66831 1.227
2455152.66909 1.221
2455152.66986 1.221
2455152.67063 1.245
2455152.67218 1.263
2455152.67373 1.276
2455152.67605 1.298
2455152.67759 1.369
2455152.67914 1.388
2455152.68378 1.411
2455152.68533 1.409
2455152.68687 1.431
2455152.68764 1.432
2455152.68842 1.432
2455152.69074 1.415
2455152.69151 1.451
2455152.69229 1.451
2455152.69306 1.444
2455152.69383 1.434
2455152.69461 1.391
2455152.69616 1.359
2455152.69693 1.34
2455152.6977 1.394
2455152.70002 1.291
2455152.70157 1.272
2455152.70234 1.266
2455152.70389 1.219
2455152.70544 1.215
2455152.70698 1.202
2455152.70776 1.191
2455152.7093 1.158
2455152.71085 1.148
2455152.7124 1.149
2455152.71317 1.143
2455152.71471 1.149
2455152.71626 1.151
2455152.71858 1.164
2455152.72012 1.177
2455152.7209 1.173
2455152.72167 1.187
2455152.72244 1.181
2455152.72399 1.205
2455152.72476 1.216
2455152.72554 1.229
2455152.72631 1.238
2455152.72785 1.266
2455152.7294 1.278
2455152.73017 1.293
2455152.73172 1.31
2455152.73327 1.326
2455152.73481 1.346
2455152.73559 1.366
2455152.73636 1.363
2455152.73713 1.369
2455152.73868 1.395
2455152.74023 1.407
2455152.741 1.397
2455152.74255 1.407
2455152.74409 1.431
2455152.74564 1.44
2455152.74641 1.421
2455152.74796 1.429
2455152.74951 1.39
2455152.75183 1.371
2455152.75337 1.348
2455152.75414 1.313
2455152.75492 1.299
2455152.75569 1.288
2455152.75724 1.27
2455152.75801 1.261
2455152.75878 1.254
2455152.75955 1.237
2455152.76033 1.229
2455152.7611 1.23
2455152.76265 1.234
2455152.76342 1.226
2455152.76419 1.214
2455152.76497 1.227
2455152.76651 1.215
2455152.76806 1.204
2455152.76883 1.198
2455152.76961 1.189
2455152.77038 1.207
2455152.77193 1.203
2455152.77347 1.198
2455152.77424 1.191
2455152.77579 1.212
2455152.77734 1.209
2455152.77889 1.218
2455152.77966 1.233
2455152.7812 1.232
2455152.78275 1.26
2455152.78507 1.284
2455152.78662 1.291
2455152.78739 1.301
2455152.78817 1.329
2455152.78894 1.331
2455152.79126 1.359
2455152.79203 1.368
2455152.7928 1.383
2455152.79435 1.384
2455152.79667 1.42
2455152.79744 1.429
2455152.79976 1.425
2455152.80131 1.418
2455152.80208 1.417
2455152.80363 1.408
2455152.80517 1.379
2455152.80672 1.378
2455152.80905 1.313
2455152.81291 1.263
2455152.81446 1.233
2455152.816 1.202
2455152.81678 1.189
2455152.81832 1.18
2455152.81987 1.156
2455152.82064 1.149
2455152.82141 1.149
2455152.82373 1.148
2455152.82451 1.144
2455152.82528 1.142
2455152.82605 1.149
2455152.8276 1.153
2455152.82914 1.153
2455152.82992 1.159
2455152.83301 1.18
2455152.83456 1.188
2455152.83533 1.211
2455152.8361 1.219
2455152.83688 1.228
2455152.83842 1.252
2455152.83997 1.264
2455152.84074 1.29
2455152.84229 1.306
2455152.84383 1.326
2455152.84615 1.347
2455152.8477 1.361
2455152.84847 1.365
2455152.84925 1.371
2455152.85157 1.396
2455152.85312 1.411
2455152.85389 1.429
2455152.85466 1.414
2455152.85544 1.431
2455152.85699 1.445
2455152.85776 1.427
2455152.85853 1.399
2455152.85931 1.391
2455152.86085 1.358
2455152.88483 1.181
2455152.88715 1.187
2455152.88792 1.194
2455152.89025 1.224
2455152.89257 1.256
2455152.89411 1.254
2455152.89566 1.305
2455152.89643 1.3
2455152.89798 1.327
2455152.90107 1.348
2455152.90184 1.37
2455152.90262 1.39
2455152.90339 1.404
2455152.90494 1.4
2455152.90648 1.411
2455152.90726 1.428
2455152.9088 1.433
2455152.91035 1.444
2455152.9119 1.42
2455152.91267 1.426
2455152.91422 1.401
2455152.91576 1.381
2455152.91809 1.358
2455152.91963 1.329
2455152.92041 1.327
2455152.92195 1.287
2455152.9235 1.27
2455152.92427 1.227
2455152.92504 1.243
2455152.92582 1.235
2455152.92736 1.206
2455152.92891 1.207
2455152.92968 1.171
