2453636.96281 1.727
2453636.9652 1.728
2453636.96757 1.698
2453636.97163 1.674
2453636.97413 1.727
2453636.97684 1.752
2453636.97935 1.766
2453636.98193 1.77
2453636.98461 1.798
2453636.98716 1.791
2453636.98975 1.797
2453636.99243 1.764
2453636.995 1.736
2453636.99763 1.753
2453637.00013 1.695
2453637.00563 1.614
2453637.01096 1.617
2453637.01352 1.728
2453637.01622 1.677
2453637.01884 1.709
2453637.0215 1.695
2453637.02692 1.768
2453637.03278 1.808
2453637.10256 1.753
2453637.10516 1.68
2453637.11036 1.652
2453637.11822 1.599
2453637.12087 1.686
2453637.12346 1.695
2453637.12648 1.693
2453637.14536 1.817
2453637.1481 1.764
2453637.15076 1.769
2453637.1535 1.716
2453637.15632 1.731
2453637.15907 1.713
2453637.1619 1.692
2453637.16465 1.674
2453637.16748 1.691
2453637.17024 1.712
2453637.17308 1.727
2453637.17606 1.726
2453637.17873 1.705
2453637.18148 1.752
2453637.18413 1.785
2453637.18686 1.791
2453637.18957 1.855
2453637.19214 1.831
2453637.19492 1.875
2453637.19773 1.858
2453637.20063 1.852
2453637.20322 1.761
2453637.20623 1.736
2453637.20895 1.735
2453637.21169 1.738
2453637.21429 1.666
2453637.21679 1.689
2453637.21956 1.668
2453637.22215 1.674
2453637.22472 1.685
2453637.22747 1.675
2453637.23002 1.704
2453637.23278 1.728
