2453644.95504 1.179
2453644.95783 1.152
2453644.96028 1.12
2453644.96262 1.137
2453644.96498 1.116
2453644.96733 1.056
2453644.96968 1.037
2453644.97203 1.02
2453644.97438 1.038
2453644.97673 1.032
2453644.97908 1.033
2453644.98143 1.045
2453644.98378 1.06
2453644.98612 1.081
2453644.98847 1.066
2453644.99082 1.076
2453644.99317 1.128
2453644.99552 1.145
2453644.99788 1.19
2453645.00023 1.188
2453645.00257 1.236
2453645.00492 1.235
2453645.00727 1.2
2453645.00962 1.183
2453645.01197 1.119
2453645.01431 1.149
2453645.01666 1.128
2453645.01901 1.113
2453645.02135 1.107
2453645.02371 1.09
2453645.02605 1.091
2453645.0284 1.093
2453645.03075 1.072
2453645.03309 1.069
2453645.03544 1.073
2453645.03779 1.082
2453645.04013 1.078
2453645.04249 1.098
2453645.04484 1.117
2453645.04719 1.124
2453645.04954 1.137
2453645.0519 1.135
2453645.05425 1.177
2453645.0566 1.173
2453645.05895 1.201
2453645.0613 1.157
2453645.06365 1.118
2453645.06599 1.123
2453645.06834 1.112
2453645.0707 1.099
2453645.07305 1.065
2453645.0754 1.062
2453645.07776 1.032
2453645.08012 1.034
2453645.08248 1.023
2453645.08483 1.045
2453645.08718 1.055
2453645.08954 1.067
2453645.0919 1.083
2453645.11073 1.214
2453645.11308 1.197
2453645.11543 1.161
2453645.12085 1.12
2453645.1235 1.12
2453645.12585 1.117
2453645.12819 1.073
2453645.13054 1.098
2453645.13289 1.095
2453645.13524 1.09
2453645.1376 1.09
2453645.13995 1.083
2453645.1423 1.094
2453645.14465 1.109
2453645.14699 1.103
2453645.14934 1.126
2453645.15169 1.128
2453645.15404 1.149
2453645.15639 1.155
2453645.15874 1.165
2453645.16109 1.179
2453645.16344 1.209
2453645.16579 1.183
2453645.16814 1.161
2453645.17048 1.138
2453645.17284 1.137
2453645.17519 1.105
2453645.17756 1.087
2453645.17991 1.06
2453645.18226 1.07
2453645.18462 1.055
2453645.18698 1.053
2453645.18933 1.056
2453645.19169 1.053
2453645.19404 1.069
2453645.19639 1.082
2453645.2011 1.147
2453645.20345 1.149
2453645.2058 1.2
2453645.20815 1.19
2453645.21051 1.198
2453645.21286 1.222
2453645.21522 1.226
2453645.21758 1.21
2453645.21993 1.177
2453645.22229 1.171
2453645.22464 1.147
2453645.227 1.125
2453645.22936 1.126
2453645.23171 1.1
2453645.23407 1.117
2453645.23642 1.09
2453645.23878 1.091
2453645.24113 1.091
2453645.24349 1.069
2453645.24584 1.097
2453645.24819 1.102
2453645.25055 1.098
2453645.25291 1.097
2453645.25528 1.13
