2457332.335799 +16.194
2457332.338634 +16.167
2457332.344294 +16.108
2457332.347118 +16.074
2457332.349954 +16.036
2457332.352778 +15.994
2457332.355613 +15.986
2457332.358437 +15.999
2457332.361273 +16.010
2457332.364097 +16.010
2457332.366933 +16.020
2457332.369757 +16.035
2457332.372581 +16.055
2457332.375417 +16.107
2457332.379062 +16.164
2457332.381887 +16.187
2457332.384711 +16.212
2457332.387546 +16.190
2457332.390370 +16.152
2457332.393206 +16.128
2457332.396030 +16.090
2457332.398854 +16.055
2457332.401690 +16.052
2457332.404514 +16.044
2457332.407350 +16.044
2457332.410174 +16.049
2457332.413009 +16.047
2457332.415833 +16.050
2457332.418669 +16.055
2457332.425174 +16.053
2457332.428009 +16.078
2457332.430833 +16.093
2457332.433657 +16.113
2457332.436493 +16.123
2457332.439317 +16.164
2457332.442153 +16.179
2457332.444977 +16.150
2457332.447801 +16.118
2457332.450637 +16.096
2457332.453461 +16.040
2457332.456285 +16.018
2457332.459120 +15.993
2457332.461944 +15.995
2457332.465602 +15.978
2457332.468426 +16.014
2457332.471262 +16.038
2457332.474097 +16.056
2457332.476921 +16.073
2457332.479757 +16.102
2457332.482581 +16.166
2457332.485417 +16.212
2457332.488241 +16.220
2457332.491076 +16.219
2457332.496725 +16.145
2457332.499560 +16.101
2457332.502384 +16.082
2457332.505208 +16.057
2457332.508889 +16.027
2457332.511713 +16.025
2457332.514537 +16.009
2457332.517373 +16.007
2457332.523032 +16.045
2457332.525857 +16.040
2457332.528681 +16.080
2457332.531516 +16.093
2457332.534352 +16.133
2457332.537176 +16.133
2457332.540000 +16.151
2457332.542836 +16.157
2457332.545660 +16.181
2457332.548495 +16.172
2457332.552153 +16.117
2457332.554988 +16.108
2457332.557812 +16.049
2457332.560637 +16.019
2457332.563472 +16.007
2457332.566308 +15.983
2457332.569132 +15.987
2457332.571956 +16.018
2457332.577627 +16.032
2457332.580451 +16.057
2457332.583275 +16.090
2457332.586111 +16.128
2457332.588935 +16.174
2457332.591759 +16.233
2457332.595405 +16.239
2457332.598229 +16.223
2457332.601065 +16.149
2457332.603889 +16.138
2457332.606725 +16.101
2457332.609549 +16.082
2457332.612384 +16.052
2457332.615208 +16.071
2457332.618032 +16.049
2457332.623704 +16.050
2457332.626528 +16.062
2457332.635023 +16.097
2457332.641516 +16.128
2457332.650000 +16.174
2457332.652836 +16.192
2457332.655660 +16.159
2457332.661319 +16.083
2457332.664155 +16.059
2457332.666979 +16.022
2457332.669803 +15.996
