2455242.68965 17.745
2455242.71362 17.723
2455242.72566 17.520
2455242.73773 17.440
2455242.74988 17.569
2455242.76206 17.879
2455242.77425 18.021
2455242.79879 17.516
2455242.81112 17.388
2455242.82348 17.583
2455242.84831 17.909
2455242.86080 17.662
2455242.87332 17.476
2455242.88592 17.486
2455242.89850 17.724
2455242.91114 17.970
2455242.95884 17.444
2455242.97051 17.672
2455242.99396 17.807
2455243.00928 17.535
2455243.01261 17.492
2455243.01594 17.469
2455243.01929 17.427
2455243.03102 17.500
2455243.03271 17.532
2455243.03439 17.544
2455243.03607 17.609
2455243.03776 17.621
2455243.03944 17.703
2455243.04113 17.719
2455243.04281 17.782
2455243.04450 17.837
2455243.04791 17.888
2455243.04960 17.914
2455243.05298 18.017
