2455241.69216 17.700
2455241.70440 18.024
2455241.74121 17.510
2455241.77836 18.015
2455241.80333 17.566
2455241.81588 17.443
2455241.84111 17.854
2455241.87908 17.546
2455241.91169 17.918
2455241.92329 17.998
2455241.94657 17.550
2455241.95819 17.459
2455241.96994 17.562
2455241.98167 17.832
2455242.00541 17.790
2455242.01235 17.614
2455242.01574 17.575
2455242.01915 17.520
2455242.02255 17.528
2455242.02597 17.480
2455242.02767 17.485
2455242.02938 17.471
2455242.03108 17.482
2455242.03279 17.481
2455242.03450 17.504
2455242.05340 17.938
2455242.05512 17.998
