2452991.59521 13.747
2452991.59664 13.751
2452991.59806 13.783
2452991.59948 13.725
2452991.6009 13.77
2452991.60232 13.755
2452991.60374 13.749
2452991.60517 13.738
2452991.60659 13.737
2452991.60801 13.732
2452991.61388 13.784
2452991.61529 13.778
2452991.61667 13.796
2452991.61805 13.788
2452991.61942 13.779
2452991.62079 13.752
2452991.62217 13.79
2452991.62355 13.75
2452991.62492 13.758
2452991.62631 13.78
2452991.63185 13.727
2452991.63323 13.736
2452991.63463 13.722
2452991.63603 13.745
2452991.6374 13.734
2452991.6388 13.711
2452991.64018 13.714
2452991.64155 13.737
2452991.65289 13.711
2452991.65431 13.727
2452991.65573 13.735
2452991.65715 13.764
2452991.65857 13.772
2452991.65999 13.749
2452991.6614 13.771
2452991.66282 13.737
2452991.66855 13.782
2452991.66992 13.784
2452991.6713 13.775
2452991.67268 13.769
2452991.67411 13.777
2452991.67554 13.795
2452991.67696 13.776
2452991.6798 13.801
2452991.68123 13.79
2452991.68711 13.756
2452991.68852 13.751
2452991.68995 13.745
2452991.69137 13.743
2452991.69278 13.744
2452991.69421 13.737
2452991.69563 13.735
2452991.69706 13.726
2452991.69848 13.769
2452991.6999 13.739
2452991.70576 13.804
2452991.70719 13.767
2452991.70862 13.807
2452991.71004 13.846
2452991.71146 13.845
2452991.71288 13.848
2452991.71431 13.842
2452991.71573 13.861
2452991.71712 13.799
2452991.71849 13.772
2452991.72402 13.85
2452991.7254 13.861
2452991.72678 13.77
2452991.72815 13.813
2452991.72953 13.741
2452991.7309 13.693
2452991.73227 13.808
2452991.73367 13.811
2452991.73509 13.733
2452991.73651 13.735
2452991.74235 13.783
2452991.74377 13.796
2452991.7452 13.789
2452991.74661 13.768
2452991.74803 13.742
2452991.74945 13.743
2452991.75087 13.741
2452991.75229 13.72
2452991.75373 13.749
2452991.75514 13.744
2452991.76102 13.848
2452991.76244 13.825
2452991.76385 13.845
2452991.76527 13.852
2452991.76669 13.832
2452991.76807 13.867
2452991.76944 13.876
2452991.77081 13.849
2452991.77219 13.861
2452991.77357 13.878
2452991.77931 13.829
2452991.78073 13.825
2452991.78215 13.789
2452991.78357 13.794
2452991.78499 13.777
2452991.78641 13.738
2452991.78784 13.768
2452991.78925 13.762
2452991.79067 13.751
2452991.79209 13.773
2452991.79799 13.778
2452991.79941 13.771
2452991.80083 13.782
2452991.80367 13.802
2452991.80508 13.764
2452991.8065 13.786
2452991.80791 13.778
2452991.80933 13.788
2452991.81076 13.807
2452991.81662 13.767
2452991.81804 13.767
2452991.81946 13.774
2452991.82088 13.769
2452991.8223 13.737
2452991.82373 13.746
2452991.82515 13.723
2452991.82658 13.727
2452991.828 13.719
2452991.82942 13.726
2452991.83526 13.74
2452991.83669 13.74
2452991.83811 13.773
2452991.83953 13.765
2452991.84096 13.764
2452991.84238 13.77
2452991.8438 13.783
2452991.84522 13.777
2452991.84665 13.78
2452991.84807 13.784
2452991.85537 13.84
2452991.85679 13.807
2452991.85963 13.845
2452991.86107 13.829
2452991.86249 13.744
2452991.86391 13.769
2452991.86534 13.756
2452991.86676 13.759
2452991.87262 13.777
2452991.87404 13.728
2452991.87546 13.759
2452991.87687 13.75
2452991.8783 13.786
2452991.87973 13.772
2452991.88115 13.798
2452991.88257 13.777
2452991.88399 13.791
2452991.88542 13.757
2452991.89128 13.84
2452991.89271 13.792
2452991.89412 13.808
2452991.89555 13.832
2452991.89697 13.788
2452991.89839 13.83
2452991.89981 13.813
2452991.90123 13.798
2452991.90266 13.847
2452991.90408 13.784
2452991.90993 13.773
2452991.91136 13.839
2452991.91277 13.812
2452991.9142 13.767
2452991.91562 13.771
2452991.91706 13.815
2452991.91848 13.806
2452991.9199 13.785
2452991.92132 13.833
2452991.92274 13.807
2452991.92859 13.855
2452991.93002 13.804
2452991.93143 13.863
2452991.93286 13.821
2452991.93428 13.855
2452991.93569 13.786
2452991.93711 13.845
2452991.93853 13.786
2452991.93995 13.811
2452991.94137 13.848
2452991.94727 13.832
2452991.94869 13.865
2452991.95012 13.889
2452991.95154 13.903
2452991.95296 13.928
2452991.95439 13.861
2452991.95581 13.852
2452991.95724 13.83
2452991.95867 13.889
2452991.9601 13.857
