2452992.59786 14.025
2452992.59928 14.025
2452992.6007 14.017
2452992.60212 14.041
2452992.60354 14.028
2452992.60497 14.031
2452992.60639 14.063
2452992.60782 14.068
2452992.60923 14.094
2452992.61064 14.055
2452992.61633 14.037
2452992.61775 14.033
2452992.61917 14.06
2452992.62058 14.061
2452992.622 14.074
2452992.62342 14.07
2452992.62485 14.062
2452992.62768 14.044
2452992.62912 14.081
2452992.63498 14.039
2452992.6364 14.03
2452992.63781 14.027
2452992.64065 14.03
2452992.6421 14.021
2452992.64352 14.057
2452992.64494 14.054
2452992.64636 14.057
2452992.64778 14.072
2452992.65355 14.077
2452992.65493 14.065
2452992.65631 14.077
2452992.65769 14.061
2452992.65906 14.095
2452992.66044 14.055
2452992.66183 14.067
2452992.66325 14.081
2452992.66467 14.031
2452992.66609 14.051
2452992.67194 14.036
2452992.67336 14.042
2452992.67478 14.013
2452992.6762 14.04
2452992.67761 14.036
2452992.68329 14.03
2452992.68471 14.043
2452992.69058 14.024
2452992.69199 14.025
2452992.69341 14.021
2452992.69483 14.021
2452992.69625 14.041
2452992.69767 14.037
2452992.69909 14.091
2452992.70051 14.067
2452992.70192 14.095
2452992.70334 14.063
2452992.70922 14.066
2452992.71064 14.061
2452992.71206 14.078
2452992.71348 14.085
2452992.71485 14.092
2452992.71623 14.097
2452992.71761 14.058
2452992.71899 14.101
2452992.72036 14.04
2452992.72173 14.051
2452992.72733 14.063
2452992.7287 14.061
2452992.73008 14.071
2452992.73146 14.094
2452992.73283 14.087
2452992.73421 14.091
2452992.73558 14.116
2452992.73703 14.098
2452992.73849 14.076
2452992.73995 14.107
2452992.74592 14.134
2452992.74734 14.123
2452992.74876 14.133
2452992.75018 14.12
2452992.7516 14.121
2452992.75302 14.143
2452992.75444 14.112
2452992.75586 14.123
2452992.75728 14.114
2452992.75871 14.097
2452992.76466 14.083
2452992.76607 14.074
2452992.76749 14.109
2452992.76892 14.093
2452992.77034 14.088
2452992.77178 14.065
2452992.77319 14.049
2452992.77603 14.074
2452992.77744 14.064
2452992.78332 14.008
2452992.78473 14.015
2452992.78615 14.024
2452992.78757 14.031
2452992.78899 14.029
2452992.79041 14.042
2452992.79182 14.059
2452992.79324 14.052
2452992.79466 14.064
2452992.79608 14.074
2452992.80194 14.104
2452992.80335 14.1
2452992.80477 14.084
2452992.80761 14.099
2452992.80903 14.117
2452992.81045 14.1
2452992.81187 14.1
2452992.81329 14.069
2452992.81471 14.062
2452992.82059 14.056
2452992.822 14.061
2452992.82342 14.033
2452992.82485 14.042
2452992.82627 14.009
2452992.82769 14.025
2452992.82911 14.006
2452992.83053 14.033
2452992.83195 14.017
2452992.83338 13.983
2452992.83926 14.053
2452992.84069 14.056
2452992.84211 14.082
2452992.84353 14.052
2452992.84495 14.065
2452992.84637 14.074
2452992.84779 14.054
2452992.84921 14.035
2452992.85063 14.046
2452992.85205 14.011
2452992.85803 13.958
2452992.85945 13.975
2452992.86088 13.958
2452992.86229 13.989
2452992.86371 13.983
2452992.86513 13.98
2452992.86655 14.013
2452992.86798 13.997
2452992.8694 13.992
2452992.87082 13.977
2452992.8767 13.951
2452992.87812 13.964
2452992.87954 13.951
2452992.88097 13.968
2452992.88381 13.977
2452992.88522 13.986
2452992.88664 13.997
2452992.88805 14.03
2452992.88947 14.067
2452992.89537 14.072
2452992.89678 14.081
2452992.8982 14.08
2452992.89962 14.074
2452992.90104 14.075
2452992.90245 14.061
2452992.90387 14.097
2452992.9053 14.072
2452992.90671 14.063
2452992.90813 14.054
2452992.91401 14.088
2452992.91685 14.117
2452992.9412 14.039
2452992.94261 14.077
2452992.94403 14.051
2452992.94546 14.065
2452992.95132 14.061
2452992.95274 14.053
2452992.95416 14.073
2452992.95558 14.05
2452992.95701 14.045
2452992.95844 14.046
2452992.95986 14.044
2452992.96128 14.042
2452992.96269 14.045
