2457338.628428 +18.475
2457338.631383 +18.455
2457338.637294 +18.527
2457338.643544 +18.514
2457338.646496 +18.471
2457338.649448 +18.475
2457338.652409 +18.409
2457338.655366 +18.471
2457338.661273 +18.524
2457338.670144 +18.510
2457338.677430 +18.421
2457338.686296 +18.401
2457338.710410 +18.468
2457338.713324 +18.378
2457338.716280 +18.433
2457338.728133 +18.442
2457338.731094 +18.379
2457338.734059 +18.437
2457338.737012 +18.413
2457338.745066 +18.376
2457338.750998 +18.383
2457338.768757 +18.448
2457338.771713 +18.401
2457338.792774 +18.469
2457338.798695 +18.453
2457338.804617 +18.522
2457338.817630 +18.542
2457338.820587 +18.495
2457338.823543 +18.538
2457338.826501 +18.545
2457338.829457 +18.427
2457338.832422 +18.490
2457338.835377 +18.484
2457338.838332 +18.440
2457338.844888 +18.440
2457338.847848 +18.474
2457338.850813 +18.403
