2457306.694300 +18.684
2457306.697254 +18.651
2457306.700213 +18.680
2457306.703180 +18.684
2457306.706133 +18.664
2457306.709088 +18.620
2457306.712048 +18.662
2457306.717968 +18.618
2457306.727501 +18.682
2457306.733423 +18.619
2457306.736381 +18.675
2457306.739340 +18.675
2457306.745261 +18.623
2457306.748221 +18.650
2457306.751181 +18.674
2457306.754135 +18.612
2457306.764441 +18.628
2457306.767398 +18.613
2457306.773320 +18.622
2457306.776287 +18.594
2457306.779246 +18.591
2457306.782208 +18.611
2457306.794718 +18.596
2457306.803600 +18.590
2457306.806560 +18.643
2457306.809525 +18.631
2457306.815444 +18.608
2457306.832258 +18.642
2457306.841140 +18.621
2457306.844093 +18.609
2457306.847051 +18.645
2457306.850012 +18.634
2457306.852965 +18.640
2457306.855917 +18.682
2457306.877204 +18.652
2457306.880166 +18.685
2457306.886082 +18.640
2457306.907914 +18.649
2457306.910873 +18.680
2457306.916791 +18.629
2457306.919747 +18.657
2457306.922703 +18.671
2457306.929023 +18.638
2457306.931985 +18.674
2457306.934946 +18.678
2457306.937906 +18.706
2457306.940859 +18.704
2457306.955659 +18.690
