2457307.704787 +18.515
2457307.707748 +18.528
2457307.710705 +18.493
2457307.713658 +18.504
2457307.729177 +18.524
2457307.732136 +18.490
2457307.735097 +18.488
2457307.746955 +18.515
2457307.778546 +18.537
2457307.781503 +18.574
2457307.784462 +18.598
2457307.790772 +18.566
2457307.793729 +18.614
2457307.796688 +18.585
2457307.799642 +18.583
2457307.802599 +18.673
2457307.805564 +18.637
2457307.808520 +18.614
2457307.811480 +18.607
2457307.814445 +18.644
2457307.817402 +18.622
2457307.827690 +18.669
2457307.833566 +18.639
2457307.836530 +18.576
2457307.839491 +18.593
2457307.860607 +18.591
2457307.863564 +18.646
2457307.866522 +18.632
2457307.872438 +18.604
2457307.875393 +18.647
2457307.878353 +18.645
2457307.884275 +18.582
2457307.891619 +18.562
2457307.894575 +18.573
2457307.897531 +18.612
2457307.900487 +18.616
2457307.903460 +18.585
2457307.909383 +18.609
2457307.912346 +18.598
2457307.915306 +18.571
2457307.918271 +18.585
2457307.927837 +18.577
2457307.933765 +18.613
2457307.939684 +18.575
2457307.942638 +18.542
2457307.951524 +18.526
2457307.961604 +18.506
2457307.964563 +18.561
2457307.967517 +18.559
2457307.970434 +18.517
