2457341.577465 +18.424
2457341.583397 +18.323
2457341.589309 +18.402
2457341.592260 +18.378
2457341.595231 +18.335
2457341.598198 +18.338
2457341.601151 +18.345
2457341.604111 +18.379
2457341.610470 +18.363
2457341.613429 +18.462
2457341.616386 +18.483
2457341.619342 +18.410
2457341.622307 +18.387
2457341.625264 +18.449
2457341.628225 +18.431
2457341.631180 +18.436
2457341.634138 +18.409
2457341.637092 +18.455
2457341.644487 +18.474
2457341.647448 +18.398
2457341.653358 +18.427
2457341.656314 +18.420
2457341.659269 +18.484
2457341.683490 +18.485
2457341.686456 +18.391
2457341.689414 +18.420
2457341.692371 +18.478
2457341.695324 +18.418
2457341.698286 +18.402
2457341.701240 +18.424
2457341.704215 +18.475
2457341.711512 +18.471
2457341.714467 +18.439
2457341.717422 +18.456
2457341.720377 +18.466
2457341.723329 +18.409
2457341.726284 +18.389
2457341.729239 +18.395
2457341.732192 +18.441
2457341.735151 +18.457
2457341.738104 +18.498
2457341.744399 +18.394
2457341.747366 +18.462
2457341.750321 +18.387
2457341.753276 +18.428
2457341.756237 +18.382
2457341.759198 +18.389
2457341.765112 +18.471
2457341.768066 +18.497
2457341.771023 +18.419
2457341.781886 +18.367
2457341.784853 +18.363
2457341.787812 +18.414
2457341.790765 +18.407
2457341.793721 +18.390
2457341.796688 +18.465
2457341.799644 +18.472
2457341.805561 +18.455
2457341.811844 +18.399
2457341.814807 +18.476
2457341.817778 +18.454
2457341.820733 +18.462
2457341.829606 +18.372
2457341.832558 +18.333
