2453504.87198 -0.341
2453504.87345 -0.345
2453504.87491 -0.351
2453504.87637 -0.361
2453504.87783 -0.367
2453504.87929 -0.364
2453504.88075 -0.355
2453504.88221 -0.36
2453504.88367 -0.365
2453504.88513 -0.389
2453504.88659 -0.378
2453504.88805 -0.388
2453504.88951 -0.371
2453504.89097 -0.365
2453504.89243 -0.36
2453504.89389 -0.383
2453504.89535 -0.364
2453504.89681 -0.35
2453504.89827 -0.35
2453504.89973 -0.338
2453504.90119 -0.338
2453504.90265 -0.33
2453504.90411 -0.342
2453504.90557 -0.329
2453504.9114 -0.375
2453504.91871 -0.365
2453504.92017 -0.378
2453504.92163 -0.37
2453504.92309 -0.367
2453504.92455 -0.367
2453504.92601 -0.358
2453504.92747 -0.348
2453504.92893 -0.37
2453504.93039 -0.361
2453504.93185 -0.365
2453504.93331 -0.351
2453504.93477 -0.368
2453504.93623 -0.357
2453504.93769 -0.377
2453504.93915 -0.385
2453504.94061 -0.384
2453504.94208 -0.386
2453504.94353 -0.394
2453504.945 -0.41
2453504.94645 -0.408
2453504.95735 -0.433
2453504.95882 -0.442
2453504.96028 -0.434
2453504.96174 -0.436
2453504.96321 -0.45
2453504.96467 -0.432
2453504.96613 -0.438
2453504.96759 -0.446
2453504.96905 -0.431
2453504.97051 -0.435
2453504.97197 -0.435
2453504.97344 -0.42
2453504.97782 -0.416
2453504.97928 -0.399
2453504.98075 -0.409
2453504.98513 -0.419
2453504.98659 -0.402
2453504.98805 -0.415
2453504.98951 -0.422
2453504.99097 -0.417
2453504.99243 -0.411
2453504.99389 -0.431
2453504.99535 -0.437
2453504.99682 -0.42
2453504.99828 -0.423
2453504.99974 -0.428
2453505.0012 -0.437
2453505.00265 -0.417
2453505.00412 -0.427
2453505.00557 -0.417
2453505.00703 -0.41
2453505.00849 -0.411
2453505.00995 -0.408
2453505.01141 -0.404
2453505.01287 -0.423
2453505.01433 -0.436
2453505.01579 -0.428
2453505.01725 -0.442
2453505.01872 -0.445
2453505.02017 -0.443
2453505.02163 -0.443
2453505.02309 -0.424
2453505.02455 -0.432
2453505.02601 -0.429
2453505.02747 -0.416
2453505.02893 -0.418
2453505.03039 -0.407
2453505.03186 -0.416
2453505.03332 -0.407
2453505.03478 -0.404
2453505.03622 -0.405
2453505.03769 -0.418
2453505.03915 -0.401
2453505.04061 -0.4
2453505.04207 -0.385
2453505.04353 -0.4
2453505.04499 -0.388
2453505.04645 -0.4
2453505.04792 -0.397
2453505.04937 -0.41
2453505.05083 -0.414
2453505.0523 -0.42
2453505.05522 -0.423
2453505.05668 -0.437
2453505.05814 -0.428
2453505.0596 -0.436
2453505.06106 -0.433
2453505.06252 -0.437
2453505.06398 -0.437
2453505.06544 -0.443
2453505.0669 -0.438
2453505.06836 -0.439
2453505.06982 -0.445
2453505.07127 -0.444
2453505.07274 -0.423
2453505.0742 -0.441
2453505.07566 -0.432
2453505.07712 -0.435
2453505.07858 -0.435
2453505.08004 -0.434
2453505.0815 -0.442
2453505.08296 -0.431
2453505.08442 -0.404
2453505.08589 -0.398
2453505.08735 -0.398
2453505.08881 -0.413
2453505.09027 -0.427
2453505.09173 -0.417
2453505.09319 -0.405
2453505.09465 -0.408
2453505.09611 -0.389
2453505.09757 -0.392
2453505.09903 -0.377
2453505.10049 -0.394
2453505.10195 -0.385
2453505.10341 -0.38
2453505.10487 -0.387
2453505.11217 -0.351
2453505.11364 -0.341
2453505.11509 -0.346
2453505.11655 -0.339
2453505.11802 -0.362
2453505.11947 -0.353
2453505.12094 -0.363
2453505.1224 -0.376
2453505.12386 -0.38
2453505.12532 -0.392
2453505.12678 -0.376
2453505.12824 -0.386
2453505.1297 -0.362
2453505.13116 -0.371
2453505.13262 -0.36
2453505.13408 -0.358
2453505.13554 -0.346
2453505.137 -0.346
2453505.13847 -0.342
2453505.13993 -0.338
2453505.14139 -0.341
2453505.14285 -0.337
2453505.14431 -0.331
2453505.14577 -0.331
2453505.14723 -0.318
2453505.14869 -0.304
2453505.15015 -0.309
