2457339.584191 +18.430
2457339.590124 +18.402
2457339.593082 +18.409
2457339.596038 +18.411
2457339.607861 +18.372
2457339.610817 +18.408
2457339.617372 +18.384
2457339.620342 +18.460
2457339.623307 +18.394
2457339.626263 +18.396
2457339.635145 +18.397
2457339.651473 +18.448
2457339.654436 +18.453
2457339.657396 +18.439
2457339.660356 +18.386
2457339.663313 +18.376
2457339.666267 +18.387
2457339.669222 +18.431
2457339.672187 +18.443
2457339.702334 +18.492
2457339.705292 +18.415
2457339.708245 +18.424
2457339.711217 +18.428
2457339.718884 +18.453
2457339.721842 +18.433
2457339.724802 +18.435
2457339.727762 +18.378
2457339.730726 +18.389
2457339.733696 +18.475
2457339.736652 +18.486
2457339.739609 +18.478
2457339.742569 +18.494
2457339.745525 +18.555
2457339.751782 +18.404
2457339.757696 +18.547
2457339.760648 +18.557
2457339.766557 +18.537
2457339.769510 +18.434
2457339.772467 +18.493
2457339.775421 +18.446
2457339.778377 +18.494
2457339.785405 +18.462
2457339.788363 +18.448
2457339.791326 +18.409
2457339.794285 +18.442
2457339.797239 +18.439
2457339.800194 +18.464
2457339.812016 +18.423
2457339.818599 +18.427
2457339.827475 +18.426
2457339.830441 +18.392
2457339.833400 +18.403
2457339.836358 +18.434
2457339.842230 +18.454
2457339.845192 +18.420
