2454204.895 2.076
2454204.89853 2.14
2454204.90558 2.176
2454204.90911 2.174
2454204.91263 2.111
2454204.91615 2.206
2454204.91968 2.21
2454204.9232 2.175
2454204.92673 2.197
2454204.93025 2.21
2454204.93378 2.148
2454204.9373 2.14
2454204.94083 2.098
2454204.94435 2.11
2454204.94788 2.114
2454204.9572 2.111
2454204.9832 2.107
2454204.98673 2.094
2454204.99026 2.087
2454204.99379 2.102
2454204.99731 2.112
2454205.00084 2.074
2454205.00437 2.123
2454205.02913 2.133
2454205.03266 2.126
2454205.03621 2.112
2454205.03974 2.076
2454205.04326 2.086
2454205.04679 2.089
2454205.05031 2.123
2454205.05384 2.106
2454205.05736 2.119
2454205.06089 2.081
2454205.06441 2.087
2454205.06794 2.153
2454205.07146 2.137
2454205.07499 2.132
2454205.07986 2.128
2454205.08339 2.128
2454205.08691 2.101
2454205.09043 2.086
2454205.09396 2.104
2454205.09749 2.128
2454205.10101 2.137
2454205.10454 2.099
2454205.10807 2.111
2454205.11159 2.113
2454205.11865 2.114
2454205.12218 2.113
2454205.1257 2.109
2454205.12923 2.097
2454205.13276 2.079
2454205.13629 2.068
2454205.13982 2.088
