2454200.92389 1.393
2454200.92743 1.417
2454200.93098 1.44
2454200.93451 1.444
2454200.93805 1.446
2454200.96284 1.413
2454200.99116 1.398
2454200.9947 1.405
2454200.99824 1.475
2454201.00177 1.43
2454201.00886 1.439
2454201.0124 1.429
2454201.01593 1.437
2454201.02301 1.393
2454201.02655 1.447
2454201.0557 1.468
2454201.05922 1.443
2454201.06276 1.41
2454201.06629 1.381
2454201.06983 1.391
2454201.07336 1.386
2454201.07688 1.365
2454201.08042 1.409
2454201.08396 1.414
2454201.08749 1.41
2454201.09103 1.413
2454201.09457 1.383
2454201.09811 1.428
2454201.10165 1.398
2454201.10873 1.384
2454201.11227 1.364
2454201.1158 1.387
2454201.11933 1.4
2454201.1264 1.4
2454201.12993 1.393
2454201.13347 1.391
2454201.137 1.41
2454201.14054 1.419
2454201.14407 1.404
2454201.14759 1.416
2454201.15112 1.469
2454201.15465 1.432
2454201.15819 1.427
2454201.16173 1.38
2454201.16527 1.46
2454201.16879 1.38
2454201.17234 1.399
2454201.17942 1.35
