2453621.738484 +1.566
2453621.745370 +1.635
2453621.748553 +1.622
2453621.764803 +1.613
2453621.767998 +1.639
2453621.771609 +1.537
2453621.774850 +1.550
2453621.778056 +1.569
2453621.781250 +1.548
2453621.791204 +1.577
2453621.794387 +1.592
2453621.797616 +1.635
2453621.800822 +1.631
2453621.810787 +1.592
2453621.820926 +1.515
2453621.827384 +1.550
2453621.833912 +1.532
2453621.837859 +1.551
2453621.845359 +1.625
2453621.848692 +1.642
2453621.855208 +1.604
2453621.865174 +1.616
2453621.868357 +1.587
2453621.871563 +1.593
2453621.874838 +1.547
2453621.878414 +1.548
2453621.881620 +1.552
2453621.884745 +1.546
2453621.887905 +1.604
2453621.891042 +1.569
2453621.897326 +1.544
2453621.900787 +1.559
2453621.903982 +1.556
2453621.907141 +1.641
2453621.910278 +1.633
2453621.913438 +1.587
2453621.916620 +1.515
2453621.919792 +1.540
2453621.922975 +1.497
2453621.929838 +1.470
2453621.933125 +1.504
2453621.936262 +1.537
2453621.939398 +1.530
2453621.942558 +1.617
2453621.955069 +1.614
2453621.961308 +1.615
2453621.964433 +1.594
2453621.970683 +1.593
2453621.973808 +1.594
2453621.977350 +1.630
