2453622.687951 +2.589
2453622.691366 +2.627
2453622.694954 +2.630
2453622.698264 +2.608
2453622.704838 +2.565
2453622.708125 +2.571
2453622.711875 +2.613
2453622.721782 +2.570
2453622.725475 +2.547
2453622.728785 +2.567
2453622.735428 +2.478
2453622.739178 +2.490
2453622.742500 +2.527
2453622.745741 +2.439
2453622.749005 +2.451
2453622.772037 +2.510
2453622.779039 +2.503
2453622.789271 +2.580
2453622.795810 +2.542
2453622.924178 +2.425
2453622.927454 +2.384
2453622.931076 +2.468
2453622.934282 +2.503
2453622.937697 +2.407
2453622.940857 +2.378
