2453620.677164 +1.651
2453620.680220 +1.642
2453620.683287 +1.565
2453620.686701 +1.619
2453620.689792 +1.543
2453620.692836 +1.500
2453620.695891 +1.513
2453620.708530 +1.567
2453620.711586 +1.631
2453620.714630 +1.639
2453620.717685 +1.653
2453620.724178 +1.641
2453620.736435 +1.561
2453620.743241 +1.587
2453620.746296 +1.621
2453620.749340 +1.583
2453620.764965 +1.591
2453620.768067 +1.596
2453620.777211 +1.606
2453620.790116 +1.561
2453620.793160 +1.470
2453620.796215 +1.518
2453620.799271 +1.556
2453620.802708 +1.581
2453620.805799 +1.610
2453620.811875 +1.557
2453620.817963 +1.612
2453620.821400 +1.644
2453620.827558 +1.617
2453620.830602 +1.623
2453620.833657 +1.566
2453620.837083 +1.599
2453620.840174 +1.611
2453620.843218 +1.529
2453620.846262 +1.583
2453620.852350 +1.501
2453620.855393 +1.501
2453620.864942 +1.588
2453620.867986 +1.538
2453620.871030 +1.525
2453620.877130 +1.502
2453620.880174 +1.589
2453620.883333 +1.529
2453620.886771 +1.550
2453620.889861 +1.523
2453620.892905 +1.499
2453620.895949 +1.465
2453620.898993 +1.454
2453620.902095 +1.440
2453620.905150 +1.449
2453620.908206 +1.541
2453620.911632 +1.482
2453620.921505 +1.600
2453620.924560 +1.603
2453620.927604 +1.618
2453620.930625 +1.570
2453620.933669 +1.525
2453620.936725 +1.574
2453620.940764 +1.506
2453620.943843 +1.499
2453620.946887 +1.556
2453620.949942 +1.594
2453620.952998 +1.528
2453620.956042 +1.506
2453620.959086 +1.582
