2456251.59845 17.299
2456251.60144 17.278
2456251.60743 17.135
2456251.61044 17.174
2456251.62087 17.123
2456251.62685 17.216
2456251.62985 17.267
2456251.63286 17.332
2456251.63884 17.393
2456251.64183 17.442
2456251.64483 17.534
2456251.65871 17.454
2456251.66469 17.277
2456251.6797 17.164
2456251.68749 17.135
2456251.6905 17.077
2456251.6935 17.136
2456251.69649 17.191
2456251.6995 17.241
2456251.7025 17.352
2456251.7055 17.358
2456251.7085 17.468
2456251.71149 17.492
2456251.71448 17.508
2456251.72249 17.35
2456251.72548 17.278
2456251.72848 17.25
2456251.73147 17.223
2456251.73447 17.193
2456251.73746 17.103
2456251.74047 17.144
2456251.74346 17.177
2456251.74645 17.096
2456251.74946 17.062
2456251.76021 17.151
2456251.76321 17.242
2456251.7662 17.26
2456251.76921 17.385
2456251.77221 17.397
2456251.77521 17.491
2456251.77821 17.469
2456251.78122 17.434
2456251.78422 17.381
2456251.79186 17.269
2456251.79486 17.163
2456251.79785 17.144
2456251.80085 17.153
2456251.80385 17.113
2456251.80685 17.104
2456251.80985 17.083
2456251.81285 17.152
2456251.81582 17.102
2456251.81882 17.173
2456251.82633 17.237
2456251.82934 17.348
2456251.83233 17.328
2456251.83533 17.415
2456251.83831 17.54
2456251.84432 17.485
2456251.84731 17.464
2456251.85031 17.459
2456251.85332 17.412
2456251.86096 17.294
2456251.86395 17.225
2456251.86694 17.165
2456251.86991 17.149
2456251.8729 17.157
2456251.8789 17.11
2456251.8819 17.106
2456251.88489 17.076
2456251.8879 17.127
2456251.89656 17.374
2456251.89956 17.425
2456251.90256 17.462
2456251.90556 17.527
2456251.90857 17.457
2456251.91157 17.466
2456251.91457 17.41
2456251.91758 17.39
2456251.92062 17.252
2456251.92363 17.283
2456251.9312 17.158
2456251.9342 17.153
2456251.93719 17.078
2456251.94019 17.083
2456251.94319 17.109
2456251.94618 17.117
2456251.94917 17.123
2456251.95218 17.142
2456251.95518 17.245
2456251.95817 17.296
