2455296.65233 16.695
2455296.6544 16.619
2455296.65646 16.68
2455296.66059 16.678
2455296.66265 16.652
2455296.66472 16.575
2455296.66679 16.665
2455296.66885 16.634
2455296.67093 16.551
2455296.673 16.607
2455296.67506 16.623
2455296.67713 16.583
2455296.67919 16.565
2455296.68126 16.571
2455296.68332 16.639
2455296.68539 16.555
2455296.68747 16.547
2455296.68954 16.57
2455296.69161 16.599
2455296.69367 16.573
2455296.69573 16.531
2455296.69779 16.609
2455296.69985 16.669
2455296.70192 16.581
2455296.70398 16.578
2455296.70605 16.582
2455296.70811 16.649
2455296.71019 16.634
2455296.72462 16.595
2455296.72668 16.535
2455296.72875 16.504
2455296.73082 16.595
2455296.73289 16.56
2455296.73495 16.57
2455296.73703 16.561
2455296.7391 16.58
2455296.74117 16.62
2455296.74324 16.563
2455296.7453 16.58
2455296.74737 16.623
2455296.74944 16.631
2455296.75152 16.622
2455296.75566 16.654
2455296.75979 16.584
2455296.76185 16.619
2455296.77012 16.571
2455296.77219 16.639
2455296.78252 16.658
2455296.7846 16.57
2455296.78666 16.524
2455296.78873 16.589
2455296.79079 16.633
2455296.79286 16.561
2455296.79493 16.611
2455296.797 16.626
2455296.79907 16.64
2455296.80116 16.595
2455296.80324 16.585
2455296.80532 16.671
2455296.80741 16.629
2455296.80948 16.619
2455296.81156 16.634
2455296.81365 16.636
2455296.8427 16.528
2455296.84851 16.634
2455296.85433 16.666
2455296.86596 16.687
2455296.87759 16.579
2455296.90086 16.566
2455296.90668 16.647
2455296.91833 16.673
