2457457.679542 +16.228
2457457.681814 +16.264
2457457.684092 +16.288
2457457.686373 +16.291
2457457.704946 +16.199
2457457.707232 +16.162
2457457.709518 +16.161
2457457.711805 +16.116
2457457.714090 +16.086
2457457.716361 +16.075
2457457.731255 +16.199
2457457.733539 +16.199
2457457.735818 +16.216
2457457.738094 +16.218
2457457.740380 +16.259
2457457.742658 +16.262
2457457.744940 +16.277
2457457.747215 +16.306
2457457.749491 +16.290
2457457.751780 +16.291
2457457.756670 +16.277
2457457.758962 +16.252
2457457.784593 +16.246
2457457.786881 +16.291
2457457.800577 +16.222
2457457.805145 +16.202
2457457.810145 +16.104
2457457.812427 +16.120
2457457.814715 +16.081
2457457.816995 +16.078
2457457.819284 +16.059
2457457.823855 +16.041
2457457.896277 +16.278
2457457.900849 +16.253
2457457.903128 +16.222
