2457460.664487 +16.213
2457460.666762 +16.258
2457460.669042 +16.272
2457460.671318 +16.301
2457460.673600 +16.314
2457460.678150 +16.320
2457460.680429 +16.344
2457460.682708 +16.343
2457460.687606 +16.341
2457460.689886 +16.325
2457460.692167 +16.299
2457460.694440 +16.294
2457460.699010 +16.305
2457460.703580 +16.306
2457460.716192 +16.297
2457460.718469 +16.344
2457460.720747 +16.341
2457460.723036 +16.356
2457460.727597 +16.352
2457460.732147 +16.320
2457460.734437 +16.308
2457460.739321 +16.285
2457460.741598 +16.225
2457460.746160 +16.172
2457460.748442 +16.164
2457460.750719 +16.139
2457460.752999 +16.122
2457460.755287 +16.100
2457460.757563 +16.132
2457460.759846 +16.111
2457460.765886 +16.189
2457460.768163 +16.247
2457460.770444 +16.290
2457460.772722 +16.281
2457460.779557 +16.322
2457460.784124 +16.339
2457460.786408 +16.337
2457460.791403 +16.339
2457460.793678 +16.307
2457460.795960 +16.293
2457460.798238 +16.309
2457460.802801 +16.294
2457460.805080 +16.297
2457460.807366 +16.262
2457460.809638 +16.268
2457460.811912 +16.263
2457460.817827 +16.297
2457460.820100 +16.321
2457460.822386 +16.321
2457460.829225 +16.364
2457460.833784 +16.373
2457460.843340 +16.281
2457460.845612 +16.231
2457460.847896 +16.184
2457460.850169 +16.155
2457460.852446 +16.134
2457460.870244 +16.267
