2456365.61027 16.017
2456365.61919 15.988
2456365.62216 15.992
2456365.62513 15.948
2456365.62809 15.955
2456365.63107 15.934
2456365.63404 15.927
2456365.63703 15.909
2456365.64605 15.917
2456365.64902 15.945
2456365.65198 15.966
2456365.65497 15.993
2456365.65794 16.03
2456365.66092 16.038
2456365.66389 16.006
2456365.66688 16.032
2456365.66985 15.967
2456365.67282 15.941
2456365.68261 15.89
2456365.6856 15.824
2456365.68856 15.855
2456365.69155 15.823
2456365.69452 15.853
2456365.69749 15.901
2456365.70046 15.934
2456365.70343 15.963
2456365.70641 15.981
2456365.70938 16.018
2456365.72082 15.975
2456365.7238 15.977
2456365.72677 15.997
2456365.72975 15.976
2456365.73271 15.967
2456365.7357 15.951
2456365.73866 15.941
2456365.74162 15.905
2456365.7446 15.875
2456365.75577 15.974
2456365.76171 16.041
2456365.76469 16.017
2456365.76765 16.031
2456365.77063 15.967
2456365.77361 15.972
2456365.77659 15.94
2456365.79382 15.857
2456365.79678 15.859
2456365.80273 15.95
2456365.8057 15.98
2456365.81462 15.986
2456365.82699 15.948
2456365.82996 15.96
2456365.83293 15.962
2456365.8359 15.944
2456365.83887 15.894
2456365.84186 15.898
2456365.84482 15.903
2456365.8478 15.91
2456365.85077 15.918
