2454449.686180 +1.797
2454449.687730 +1.797
2454449.689280 +1.815
2454449.690830 +1.814
2454449.692380 +1.743
2454449.698590 +1.787
2454449.700160 +1.748
2454449.701710 +1.750
2454449.704810 +1.789
2454449.706360 +1.813
2454449.707920 +1.727
2454449.709460 +1.739
2454449.711840 +1.808
2454449.761240 +1.715
2454449.762800 +1.750
2454449.764350 +1.678
2454449.765900 +1.716
2454449.767450 +1.763
2454449.770550 +1.700
2454449.772100 +1.706
2454449.773650 +1.694
2454449.775200 +1.660
2454449.776750 +1.749
2454449.778300 +1.712
2454449.779850 +1.772
2454449.781400 +1.670
2454449.784500 +1.708
2454449.786050 +1.729
2454449.787600 +1.743
2454449.789160 +1.774
2454449.827250 +1.751
2454449.828810 +1.758
2454449.830360 +1.760
2454449.834150 +1.834
2454449.837250 +1.837
2454449.843440 +1.837
2454449.844990 +1.852
2454449.846540 +1.760
2454449.849640 +1.840
2454449.852730 +1.792
2454449.855830 +1.822
2454449.858940 +1.843
2454449.860490 +1.831
2454449.863580 +1.757
2454449.865140 +1.772
2454449.866690 +1.778
2454449.868230 +1.791
2454449.869790 +1.747
2454449.909340 +1.784
2454449.910880 +1.832
2454449.916170 +1.780
2454449.917710 +1.759
2454449.919260 +1.832
2454449.920810 +1.761
2454449.922350 +1.776
2454449.923910 +1.781
2454449.925450 +1.787
2454449.927000 +1.781
2454449.930100 +1.756
2454449.931650 +1.810
2454449.933200 +1.774
2454449.934740 +1.803
2454449.936290 +1.806
2454449.937840 +1.805
2454449.939390 +1.838
2454449.940940 +1.894
2454449.942490 +1.866
2454449.944040 +1.814
2454449.947140 +1.836
2454449.948680 +1.844
2454449.950240 +1.860
2454449.951790 +1.889
2454449.953330 +1.766
2454449.955820 +1.807
2454449.957370 +1.768
2454449.958920 +1.800
2454449.960470 +1.780
2454449.962010 +1.837
2454449.963560 +1.839
2454449.965100 +1.815
2454449.966650 +1.791
2454449.968200 +1.827
2454449.969750 +1.788
2454449.971300 +1.788
2454449.996850 +1.829
