2454451.687290 +1.567
2454451.692070 +1.649
2454451.693670 +1.652
2454451.696810 +1.683
2454451.698370 +1.664
2454451.701520 +1.691
2454451.703110 +1.632
2454451.706260 +1.642
2454451.707830 +1.595
2454451.709400 +1.573
2454451.710990 +1.592
2454451.712560 +1.632
2454451.714130 +1.620
2454451.737200 +1.606
2454451.738780 +1.543
2454451.741960 +1.556
2454451.743540 +1.639
2454451.745110 +1.645
2454451.746710 +1.603
2454451.748300 +1.629
2454451.749940 +1.632
2454451.751530 +1.576
2454451.753100 +1.621
2454451.754680 +1.629
2454451.756240 +1.624
2454451.761180 +1.585
2454451.762760 +1.571
2454451.764320 +1.596
2454451.765890 +1.599
2454451.767450 +1.525
2454451.792700 +1.576
2454451.794270 +1.539
2454451.795840 +1.571
2454451.797430 +1.541
2454451.799900 +1.595
2454451.801470 +1.573
2454451.803030 +1.600
2454451.804610 +1.592
2454451.806200 +1.604
2454451.807770 +1.601
2454451.812490 +1.576
2454451.814060 +1.581
2454451.815640 +1.600
2454451.817200 +1.549
2454451.818780 +1.536
2454451.820360 +1.528
2454451.821920 +1.573
2454451.823490 +1.545
2454451.825080 +1.482
2454451.826640 +1.501
2454451.869160 +1.493
2454451.870730 +1.466
2454451.872300 +1.523
2454451.873870 +1.525
2454451.875440 +1.503
2454451.877000 +1.501
2454451.878590 +1.433
2454451.880180 +1.482
2454451.882660 +1.479
2454451.884220 +1.461
2454451.885790 +1.471
2454451.887360 +1.456
2454451.888930 +1.437
2454451.890480 +1.463
2454451.892050 +1.529
2454451.893620 +1.471
2454451.895190 +1.428
2454451.896760 +1.496
2454451.898330 +1.441
2454451.910920 +1.544
2454451.912480 +1.479
2454451.914050 +1.514
2454451.917210 +1.546
2454451.918780 +1.544
2454451.920360 +1.550
2454451.923890 +1.510
2454451.925450 +1.493
2454451.927030 +1.443
2454451.928620 +1.439
2454451.930190 +1.417
2454451.931770 +1.436
2454451.934900 +1.415
2454451.936470 +1.441
2454451.939590 +1.433
2454451.941170 +1.482
2454451.942730 +1.481
2454451.944290 +1.547
2454451.945860 +1.457
2454451.947420 +1.509
2454451.948980 +1.513
2454451.950560 +1.510
2454451.952130 +1.525
2454451.953700 +1.552
2454451.958410 +1.547
2454451.959980 +1.532
2454451.964190 +1.531
2454451.965750 +1.550
2454451.967330 +1.570
2454451.968890 +1.535
2454451.970490 +1.565
2454451.972050 +1.544
2454451.973610 +1.513
2454451.975180 +1.541
2454451.976750 +1.561
2454451.978310 +1.514
2454451.979860 +1.491
2454451.981410 +1.515
2454451.982980 +1.501
2454451.984550 +1.452
2454451.986130 +1.503
2454451.987700 +1.476
2454451.990830 +1.438
