2454475.598170 +1.700
2454475.599730 +1.688
2454475.601290 +1.822
2454475.602850 +1.763
2454475.604420 +1.710
2454475.605980 +1.743
2454475.607550 +1.710
2454475.609110 +1.729
2454475.610680 +1.799
2454475.612240 +1.750
2454475.613800 +1.806
2454475.615350 +1.746
2454475.616910 +1.934
2454475.618460 +1.784
2454475.620020 +1.852
2454475.621580 +1.935
2454475.626270 +1.946
2454475.630990 +1.875
2454475.632550 +1.954
2454475.634110 +1.927
2454475.635680 +1.897
2454475.639260 +1.812
2454475.640810 +1.882
2454475.642380 +1.881
2454475.643940 +1.773
2454475.645560 +1.832
2454475.647120 +1.799
2454475.648680 +1.773
2454475.650240 +1.813
2454475.651800 +1.745
2454475.653360 +1.809
2454475.654920 +1.824
2454475.656480 +1.782
2454475.658040 +1.728
2454475.675190 +1.944
2454475.676750 +1.943
2454475.686890 +1.886
2454475.688450 +1.844
2454475.690060 +1.807
2454475.691630 +1.753
2454475.693190 +1.818
2454475.694760 +1.772
2454475.696320 +1.782
2454475.697870 +1.737
2454475.699430 +1.778
2454475.700990 +1.736
2454475.704110 +1.730
2454475.707250 +1.772
2454475.816670 +1.741
2454475.818230 +1.790
2454475.819790 +1.819
2454475.822910 +1.786
2454475.826020 +1.831
2454475.827580 +1.833
2454475.829130 +1.871
2454475.830690 +1.860
2454475.832260 +1.866
2454475.833820 +1.871
2454475.835370 +1.900
2454475.836930 +1.898
2454475.838490 +1.840
2454475.840050 +1.941
2454475.841610 +1.832
2454475.843170 +1.875
2454475.844740 +1.858
2454475.846300 +1.874
2454475.847860 +1.730
2454475.849420 +1.773
2454475.852540 +1.722
2454475.854100 +1.693
2454475.856970 +1.700
2454475.860090 +1.707
2454475.861640 +1.715
2454475.863200 +1.741
2454475.866320 +1.706
2454475.867880 +1.714
2454475.869440 +1.769
2454475.871000 +1.876
2454475.872560 +1.779
2454475.874120 +1.876
2454475.875680 +1.824
2454475.878800 +1.905
2454475.881920 +1.851
2454475.883480 +1.872
2454475.885040 +1.909
