2454477.582440 +2.521
2454477.585720 +2.512
2454477.587290 +2.419
2454477.588850 +2.513
2454477.590420 +2.432
2454477.591990 +2.564
2454477.593560 +2.460
2454477.601470 +2.433
2454477.604620 +2.410
2454477.620520 +2.329
2454477.622720 +2.496
2454477.624280 +2.430
2454477.625860 +2.477
2454477.629010 +2.540
2454477.630570 +2.475
2454477.633710 +2.500
2454477.635290 +2.509
2454477.636870 +2.499
2454477.638450 +2.451
2454477.640010 +2.422
2454477.641580 +2.482
2454477.643150 +2.490
2454477.644720 +2.401
2454477.646290 +2.441
2454477.681910 +2.397
2454477.683470 +2.524
2454477.685040 +2.488
2454477.688180 +2.536
2454477.689750 +2.579
2454477.692900 +2.569
2454477.694490 +2.506
2454477.696060 +2.527
2454477.697630 +2.537
2454477.699190 +2.457
2454477.700770 +2.474
2454477.702340 +2.537
2454477.704500 +2.489
2454477.706060 +2.428
2454477.707630 +2.452
2454477.709190 +2.354
2454477.710760 +2.366
2454477.713890 +2.394
2454477.715460 +2.324
2454477.717040 +2.325
2454477.718600 +2.358
2454477.720170 +2.412
2454477.721740 +2.381
2454477.723300 +2.363
2454477.724860 +2.461
2454477.726430 +2.390
2454477.728010 +2.398
2454477.729580 +2.406
2454477.734280 +2.434
2454477.735850 +2.479
2454477.737410 +2.474
2454477.738980 +2.447
2454477.740550 +2.504
2454477.742120 +2.451
2454477.746220 +2.430
2454477.749360 +2.476
2454477.750980 +2.445
2454477.752550 +2.444
2454477.754120 +2.461
2454477.755710 +2.390
2454477.757290 +2.383
2454477.758860 +2.449
2454477.760430 +2.359
2454477.762000 +2.370
2454477.763580 +2.354
2454477.765140 +2.301
2454477.766720 +2.349
2454477.768300 +2.394
2454477.769870 +2.366
2454477.771440 +2.360
2454477.773030 +2.345
2454477.776190 +2.369
2454477.777770 +2.385
2454477.779340 +2.341
2454477.780940 +2.365
2454477.782530 +2.375
2454477.784100 +2.367
2454477.786290 +2.398
2454477.787880 +2.463
2454477.789460 +2.405
2454477.791040 +2.549
2454477.792620 +2.470
2454477.794190 +2.434
2454477.795770 +2.402
2454477.797340 +2.527
2454477.798930 +2.501
2454477.800510 +2.453
2454477.802090 +2.461
2454477.803670 +2.483
2454477.805270 +2.428
2454477.806860 +2.438
2454477.808440 +2.454
2454477.810030 +2.418
2454477.811610 +2.410
2454477.813230 +2.375
2454477.814810 +2.377
2454477.816400 +2.366
2454477.817990 +2.355
2454477.819590 +2.375
2454477.821190 +2.320
2454477.822810 +2.274
2454477.824440 +2.330
2454477.828030 +2.305
2454477.829620 +2.300
2454477.831200 +2.346
2454477.832770 +2.295
2454477.834340 +2.330
2454477.835910 +2.349
2454477.837480 +2.428
2454477.839040 +2.426
2454477.842220 +2.485
2454477.843790 +2.458
2454477.845360 +2.532
2454477.848520 +2.452
2454477.850090 +2.487
2454477.851660 +2.530
2454477.853230 +2.534
2454477.854810 +2.517
2454477.856360 +2.503
2454477.857940 +2.510
2454477.883730 +2.354
2454477.885300 +2.321
2454477.886870 +2.346
2454477.888450 +2.377
2454477.890020 +2.358
2454477.893180 +2.420
2454477.894760 +2.407
2454477.896330 +2.515
2454477.897910 +2.435
2454477.899470 +2.537
