2454448.671430 +2.204
2454448.674600 +2.160
2454448.676150 +2.152
2454448.679270 +2.188
2454448.680830 +2.122
2454448.683930 +2.182
2454448.685490 +2.190
2454448.690370 +2.157
2454448.691970 +2.193
2454448.693520 +2.176
2454448.695100 +2.174
2454448.696690 +2.210
2454448.698520 +2.177
2454448.701980 +2.127
2454448.703560 +2.105
2454448.706720 +2.128
2454448.708360 +2.103
2454448.709950 +2.071
2454448.741190 +2.183
2454448.742750 +2.222
2454448.744320 +2.138
2454448.745870 +2.167
2454448.747430 +2.160
2454448.748980 +2.100
2454448.750540 +2.190
2454448.754600 +2.096
2454448.756180 +2.098
2454448.759420 +2.137
2454448.760970 +2.052
2454448.764080 +2.115
2454448.765640 +2.051
2454448.767210 +2.200
2454448.768760 +2.109
2454448.770320 +2.213
2454448.773430 +2.204
2454448.775010 +2.108
2454448.778120 +2.150
2454448.779670 +2.186
2454448.781230 +2.106
2454448.784340 +2.190
2454448.785890 +2.189
2454448.787470 +2.157
2454448.790600 +2.133
2454448.792170 +2.122
2454448.796400 +2.151
2454448.797970 +2.125
2454448.799520 +2.134
2454448.801070 +2.079
2454448.802650 +2.074
2454448.804220 +2.172
2454448.805760 +2.169
2454448.807310 +2.067
2454448.808870 +2.065
2454448.810420 +2.112
2454448.811970 +2.135
2454448.813530 +2.131
2454448.815080 +2.105
2454448.816630 +2.060
2454448.818190 +2.115
2454448.819750 +2.066
2454448.821320 +2.144
2454448.822880 +2.129
2454448.824430 +2.094
2454448.854750 +2.116
2454448.856310 +2.114
2454448.857860 +2.124
2454448.859450 +2.150
2454448.861020 +2.101
2454448.862570 +2.120
2454448.864130 +2.161
2454448.865730 +2.148
2454448.867280 +2.096
2454448.870390 +2.110
2454448.871940 +2.077
2454448.873500 +2.187
2454448.876010 +2.135
2454448.877570 +2.197
2454448.879120 +2.176
2454448.880670 +2.186
2454448.882230 +2.158
2454448.883790 +2.145
2454448.885370 +2.187
2454448.886960 +2.218
2454448.888550 +2.131
2454448.890100 +2.213
2454448.891650 +2.204
2454448.893210 +2.190
2454448.894770 +2.196
2454448.896330 +2.166
2454448.897890 +2.166
2454448.899460 +2.174
2454448.901040 +2.208
2454448.904130 +2.148
2454448.905680 +2.222
2454448.907250 +2.127
2454448.908800 +2.142
2454448.942950 +2.182
2454448.944510 +2.218
2454448.947630 +2.253
2454448.950760 +2.220
2454448.952320 +2.215
2454448.953920 +2.212
2454448.955470 +2.202
2454448.959610 +2.146
2454448.982990 +2.173
2454448.984550 +2.202
2454448.986110 +2.198
2454448.987660 +2.223
2454448.989220 +2.256
2454448.990780 +2.205
2454448.995450 +2.280
