2456336.5787 17.646
2456336.58244 17.668
2456336.58617 17.621
2456336.58992 17.677
2456336.59367 17.633
2456336.59738 17.665
2456336.60112 17.634
2456336.60482 17.6
2456336.60857 17.548
2456336.62797 17.527
2456336.63171 17.59
2456336.63546 17.581
2456336.6392 17.66
2456336.64295 17.645
2456336.6467 17.64
2456336.65045 17.599
2456336.65419 17.622
2456336.65795 17.645
2456336.68736 17.56
2456336.69112 17.579
2456336.69486 17.578
2456336.6986 17.584
2456336.70235 17.588
2456336.7199 17.627
2456336.73111 17.558
2456336.7386 17.484
2456336.74235 17.493
2456336.756 17.563
2456336.75974 17.585
2456336.76348 17.635
2456336.76721 17.636
2456336.77096 17.642
2456336.7747 17.646
2456336.77846 17.648
2456336.7822 17.597
2456336.78595 17.594
2456336.78969 17.629
2456336.7995 17.499
2456336.80326 17.502
2456336.807 17.535
2456336.81075 17.506
2456336.81451 17.536
2456336.81824 17.596
2456336.82573 17.575
2456336.83324 17.648
2456336.84308 17.612
2456336.84683 17.622
2456336.8506 17.572
2456336.85433 17.579
2456336.85808 17.54
2456336.86183 17.521
2456336.86557 17.49
2456336.86933 17.511
