2456332.57564 17.497
2456332.57939 17.492
2456332.58687 17.553
2456332.5906 17.516
2456332.59435 17.505
2456332.59809 17.529
2456332.60184 17.53
2456332.61148 17.509
2456332.61522 17.466
2456332.61896 17.453
2456332.62271 17.444
2456332.62645 17.443
2456332.6302 17.453
2456332.63397 17.509
2456332.63772 17.535
2456332.64147 17.554
2456332.64523 17.553
2456332.65513 17.543
2456332.65887 17.565
2456332.66637 17.601
2456332.67012 17.515
2456332.67761 17.479
2456332.68136 17.455
2456332.6851 17.426
2456332.68884 17.447
2456332.71027 17.501
2456332.77633 17.576
2456332.7937 17.551
2456332.79744 17.523
2456332.81996 17.443
2456332.8296 17.458
2456332.83331 17.484
2456332.84458 17.505
2456332.84833 17.513
2456332.85208 17.552
2456332.87308 17.438
2456332.87682 17.449
2456332.88058 17.454
2456332.88434 17.433
2456332.88811 17.49
2456332.89186 17.466
2456332.89562 17.485
2456332.89938 17.544
2456332.90686 17.61
