2456331.56782 17.443
2456331.58284 17.489
2456331.58659 17.473
2456331.59033 17.512
2456331.59404 17.505
2456331.59778 17.554
2456331.60797 17.419
2456331.61545 17.382
2456331.62291 17.41
2456331.62665 17.467
2456331.63039 17.433
2456331.63413 17.519
2456331.63788 17.497
2456331.65931 17.563
2456331.66305 17.615
2456331.66679 17.555
2456331.68179 17.434
2456331.68553 17.388
2456331.69686 17.486
2456331.70061 17.526
2456331.70435 17.527
2456331.7081 17.57
2456331.71952 17.566
2456331.72325 17.49
2456331.72702 17.561
2456331.73455 17.412
2456331.74205 17.37
2456331.7458 17.37
2456331.76284 17.445
2456331.76658 17.475
2456331.77033 17.466
2456331.77406 17.487
2456331.7778 17.513
2456331.78156 17.558
2456331.78533 17.517
2456331.78907 17.581
2456331.82867 17.478
2456331.8324 17.514
2456331.83614 17.556
2456331.83984 17.514
2456331.84932 17.491
2456331.86948 17.342
2456331.87323 17.369
2456331.877 17.405
2456331.88074 17.409
2456331.88449 17.412
