2456959.585008 +17.683
2456959.587984 +17.691
2456959.590973 +17.857
2456959.593955 +17.818
2456959.599920 +17.938
2456959.602903 +17.906
2456959.605892 +17.896
2456959.608862 +17.955
2456959.611847 +17.953
2456959.618192 +17.929
2456959.621166 +17.949
2456959.624150 +17.953
2456959.627130 +17.847
2456959.630111 +17.818
2456959.633083 +17.777
2456959.636063 +17.697
2456959.639040 +17.623
2456959.642015 +17.654
2456959.645000 +17.619
2456959.653012 +17.486
2456959.655975 +17.502
2456959.658959 +17.522
2456959.661945 +17.528
2456959.664935 +17.553
2456959.667905 +17.566
2456959.670888 +17.680
2456959.673862 +17.681
2456959.676852 +17.714
2456959.679827 +17.732
2456959.686353 +17.933
2456959.689326 +17.965
2456959.692311 +17.960
2456959.695295 +17.927
2456959.698277 +17.937
2456959.701258 +17.997
2456959.704242 +17.883
2456959.707217 +17.866
2456959.710203 +17.850
2456959.713190 +17.813
2456959.723491 +17.588
2456959.726476 +17.590
2456959.729449 +17.548
2456959.732425 +17.479
2456959.735398 +17.480
2456959.738380 +17.529
2456959.741361 +17.457
2456959.744340 +17.512
2456959.747324 +17.472
2456959.753730 +17.491
2456959.756704 +17.530
2456959.759691 +17.585
2456959.762682 +17.657
2456959.765648 +17.763
2456959.768632 +17.741
2456959.771605 +17.766
2456959.774586 +17.812
2456959.777562 +17.874
2456959.801096 +17.964
2456959.804074 +17.882
2456959.807065 +17.944
2456959.810053 +17.892
2456959.813032 +17.812
2456959.816011 +17.761
2456959.822362 +17.631
2456959.825337 +17.580
2456959.828323 +17.593
2456959.849202 +17.651
2456959.856583 +17.674
2456959.859557 +17.723
2456959.862539 +17.713
2456959.865513 +17.778
2456959.868494 +17.890
2456959.871471 +17.840
2456959.874457 +17.983
2456959.877436 +17.979
2456959.880415 +17.940
2456959.883402 +17.944
2456959.889929 +17.806
2456959.892902 +17.856
2456959.895881 +17.784
2456959.898858 +17.738
2456959.901846 +17.635
2456959.904817 +17.649
2456959.907809 +17.640
2456959.910783 +17.535
2456959.913769 +17.541
2456959.916747 +17.499
2456959.924105 +17.508
2456959.933043 +17.564
2456959.936028 +17.603
2456959.939009 +17.648
2456959.941995 +17.705
2456959.944981 +17.699
2456959.950943 +17.829
2456959.957459 +17.894
2456959.960426 +17.913
2456959.963417 +17.881
2456959.966393 +17.952
2456959.972349 +17.982
2456959.978315 +17.974
