2453880.86927 1.83
2453880.87628 1.914
2453880.8833 1.877
2453880.89032 1.848
2453880.89733 1.82
2453880.91277 1.842
2453880.91978 1.854
2453880.92679 1.845
2453880.93379 1.901
2453880.94079 1.923
2453880.94778 1.865
2453880.95479 1.857
2453880.96179 1.857
2453880.96879 1.807
2453880.97581 1.793
2453880.98281 1.84
2453880.98981 1.867
2453880.99682 1.876
2453881.05858 1.858
2453881.07261 1.822
2453881.07962 1.809
2453881.08664 1.794
2453881.10067 1.827
2453881.10769 1.851
2453881.11473 1.899
2453881.12174 1.896
2453881.12876 1.83
2453881.13578 1.816
