2453889.84513 2.368
2453889.85212 2.354
2453889.85912 2.352
2453889.86612 2.313
2453889.88016 2.361
2453889.88718 2.309
2453889.8942 2.304
2453889.90122 2.348
2453889.90824 2.398
2453889.92058 2.373
2453889.9276 2.328
2453889.93462 2.324
2453889.94163 2.337
2453889.94865 2.366
2453889.95567 2.398
2453889.96269 2.422
2453889.9697 2.4
2453889.97673 2.398
2453889.98169 2.387
2453890.00592 2.27
2453890.01292 2.272
2453890.01991 2.314
2453890.03648 2.382
2453890.04348 2.344
2453890.05048 2.315
2453890.05747 2.324
2453890.06447 2.33
2453890.07147 2.331
2453890.07847 2.404
2453890.1053 2.351
2453890.1123 2.361
2453890.1193 2.293
2453890.1263 2.322
2453890.1333 2.324
2453890.14029 2.392
2453890.14729 2.413
2453890.16129 2.381
2453890.16828 2.354
2453890.17528 2.379
