2453883.85668 2.009
2453883.86041 1.973
2453883.86528 1.988
2453883.86908 1.982
2453883.87282 1.879
2453883.87755 2.023
2453883.88128 1.966
2453883.885 2.02
2453883.88996 1.95
2453883.89371 1.926
2453883.89779 1.987
2453883.90221 1.958
2453883.90594 1.952
2453883.91478 1.926
2453883.91883 1.924
2453883.92257 1.923
2453883.92694 2.082
2453883.93113 2.07
2453883.93484 1.974
2453883.9502 1.875
2453883.95441 1.911
2453883.95814 1.883
2453883.97381 1.881
2453883.97764 1.918
2453883.98137 1.971
2453883.99699 1.921
2453884.00072 1.94
2453884.00445 1.976
2453884.02028 1.988
2453884.02401 1.993
2453884.02809 2.021
2453884.04347 2.063
2453884.04721 2.046
2453884.05139 2.037
2453884.06691 1.934
2453884.07097 1.989
2453884.0747 2.0
2453884.09014 1.996
2453884.09432 2.035
2453884.09806 2.08
2453884.11388 2.074
2453884.11762 2.083
2453884.12135 2.014
2453884.13691 1.946
2453884.14067 1.912
2453884.1444 1.869
2453884.16021 2.037
2453884.16395 1.944
2453884.16799 1.945
