2453883.8804 1.193
2453883.88743 1.206
2453883.89199 1.141
2453883.90841 1.131
2453883.91544 1.16
2453883.92244 1.203
2453883.92944 1.209
2453883.93644 1.202
2453883.94344 1.158
2453883.95044 1.145
2453883.95744 1.163
2453883.96444 1.154
2453883.97144 1.149
2453883.97844 1.209
2453883.98544 1.206
2453883.99244 1.207
2453883.99901 1.216
2453884.02344 1.141
2453884.03617 1.189
2453884.04545 1.243
2453884.05247 1.257
2453884.07402 1.202
2453884.08104 1.195
2453884.08806 1.228
2453884.09508 1.256
2453884.10209 1.269
2453884.10911 1.255
2453884.11612 1.238
2453884.12314 1.248
2453884.13016 1.218
2453884.13718 1.193
2453884.1442 1.186
2453884.15122 1.183
2453884.15823 1.258
2453884.16526 1.259
2453884.17228 1.203
2453884.17931 1.17
2453884.18632 1.166
2453884.19334 1.21
