2454245.90896 1.197
2454245.91204 1.272
2454245.91512 1.316
2454245.92831 1.574
2454245.9314 1.579
2454245.93448 1.648
2454245.94664 1.585
2454245.95067 1.549
2454245.95374 1.477
2454245.96597 1.202
2454245.96905 1.17
2454245.97213 1.131
2454245.98536 1.152
2454245.98844 1.088
2454245.99154 1.151
2454246.00376 1.356
2454246.00779 1.433
2454246.01088 1.488
2454246.02298 1.601
2454246.02607 1.61
2454246.02916 1.606
2454246.04226 1.425
2454246.04534 1.314
2454246.04843 1.256
2454246.06052 1.084
2454246.06454 1.081
2454246.06763 1.082
2454246.07976 1.146
2454246.08285 1.208
2454246.08681 1.278
2454246.09894 1.516
2454246.10203 1.595
2454246.1051 1.639
2454246.11721 1.658
2454246.12029 1.613
2454246.12432 1.55
2454246.1364 1.27
2454246.13948 1.22
2454246.14258 1.176
2454246.15552 1.102
2454246.15861 1.082
2454246.16169 1.119
2454246.17383 1.265
2454246.17786 1.33
2454246.18094 1.405
2454246.19291 1.581
2454246.19601 1.609
2454246.1991 1.631
2454246.21215 1.469
2454246.21523 1.391
2454246.21833 1.313
2454246.23028 1.127
2454246.23337 1.074
2454246.2374 1.081
2454246.24953 1.11
2454246.2526 1.143
2454246.25569 1.163
2454246.26872 1.422
2454246.27179 1.514
2454246.27488 1.552
