2454254.88321 2.381
2454254.88629 2.399
2454254.88942 2.354
2454254.91194 1.899
2454254.92819 1.807
2454254.93127 1.837
2454254.93435 1.834
2454254.95063 2.125
2454254.9537 2.145
2454254.95678 2.227
2454254.97196 2.434
2454254.97597 2.41
2454254.97906 2.338
2454254.99431 2.006
2454254.99832 1.954
2454255.00139 1.898
2454255.01648 1.836
2454255.0205 1.879
2454255.02358 1.854
2454255.03865 2.18
2454255.04266 2.233
2454255.04574 2.271
2454255.06482 2.342
2454255.06791 2.246
2454255.08428 1.895
2454255.0883 1.889
2454255.09138 1.839
2454255.10649 1.843
2454255.11051 1.866
2454255.11359 1.936
2454255.12883 2.24
2454255.13286 2.273
2454255.13595 2.35
2454255.15146 2.393
2454255.15551 2.359
2454255.15859 2.235
2454255.16249 2.154
2454255.16958 2.008
2454255.17343 1.944
2454255.17652 1.89
2454255.18053 1.848
2454255.18427 1.838
2454255.18735 1.815
2454255.19137 1.847
2454255.19515 1.871
2454255.19823 1.907
2454255.20225 1.981
2454255.20602 2.021
2454255.20912 2.12
2454255.21314 2.146
2454255.21688 2.222
2454255.21998 2.289
2454255.22399 2.37
2454255.22773 2.378
2454255.23082 2.402
2454255.2339 2.404
2454255.24292 2.248
