2454247.91464 0.734
2454247.91772 0.81
2454247.92174 0.854
2454247.94059 0.996
2454247.94465 0.885
2454247.94773 0.847
2454247.96747 0.511
2454247.97056 0.472
2454247.97363 0.45
2454247.99348 0.6
2454247.99656 0.66
2454248.00058 0.693
2454248.01943 1.052
2454248.02346 1.062
2454248.02654 1.098
2454248.04997 0.604
2454248.05306 0.576
2454248.05736 0.52
2454248.07634 0.561
2454248.08008 0.586
2454248.08317 0.674
2454248.10329 0.951
2454248.10638 0.995
2454248.10946 1.023
2454248.12909 0.713
2454248.13216 0.675
2454248.13526 0.599
2454248.15469 0.457
2454248.15778 0.515
2454248.16181 0.509
2454248.18039 0.898
2454248.18442 0.916
2454248.18751 0.978
2454248.20881 0.921
2454248.2119 0.873
2454248.21498 0.77
2454248.23466 0.482
2454248.23774 0.479
2454248.24176 0.509
2454248.26146 0.674
2454248.26455 0.766
2454248.26763 0.822
