2455576.7228 15.79
2455576.72913 15.667
2455576.73548 15.639
2455576.74179 15.61
2455576.76251 15.822
2455576.76885 15.824
2455576.7752 15.803
2455576.78156 15.724
2455576.78792 15.635
2455576.7943 15.673
2455576.80066 15.672
2455576.80701 15.752
2455576.81469 15.723
2455576.821 15.764
2455576.82735 15.829
2455576.83366 15.789
2455576.84001 15.684
2455576.84634 15.655
2455576.85269 15.67
2455576.85904 15.681
2455576.86621 15.72
2455576.87255 15.752
2455576.87888 15.802
2455576.88522 15.752
2455576.89157 15.741
2455576.89793 15.664
2455576.90428 15.648
2455576.9106 15.656
2455576.91694 15.731
2455576.92458 15.717
2455576.93095 15.718
2455576.9373 15.793
2455576.94367 15.82
2455576.95001 15.749
2455576.95633 15.667
2455576.96269 15.636
2455576.96902 15.648
2455576.97704 15.674
2455576.98341 15.716
2455576.98971 15.749
2455576.99601 15.806
2455577.00236 15.773
2455577.00868 15.683
2455577.01499 15.66
2455577.02134 15.641
2455577.02769 15.7
2455577.03603 15.752
2455577.04238 15.717
2455577.04705 15.748
2455577.05174 15.792
2455577.05643 15.823
2455577.06111 15.774
2455577.06581 15.694
2455577.07051 15.689
