2455578.64728 15.695
2455578.65207 15.642
2455578.65687 15.564
2455578.66167 15.557
2455578.67386 15.561
2455578.68021 15.627
2455578.69934 15.749
2455578.70567 15.676
2455578.71202 15.57
2455578.71837 15.532
2455578.72594 15.554
2455578.73227 15.628
2455578.73862 15.665
2455578.74497 15.614
2455578.75133 15.679
2455578.75769 15.747
2455578.76403 15.636
2455578.77036 15.523
2455578.77674 15.547
2455578.78447 15.551
2455578.7908 15.607
2455578.79715 15.625
2455578.80351 15.677
2455578.80985 15.71
2455578.8162 15.674
2455578.82253 15.582
2455578.82887 15.524
2455578.8365 15.583
2455578.84286 15.603
2455578.84925 15.632
2455578.85561 15.618
2455578.86197 15.628
2455578.86832 15.723
2455578.87466 15.658
2455578.88098 15.595
2455578.8873 15.525
2455578.89491 15.536
2455578.90126 15.543
2455578.90757 15.576
2455578.9139 15.622
2455578.92026 15.693
2455578.92662 15.722
2455578.93301 15.646
2455578.93936 15.553
2455578.94738 15.533
2455578.95375 15.571
2455578.96011 15.649
2455578.96647 15.624
2455578.97285 15.609
2455578.97918 15.667
2455578.98553 15.702
2455578.99188 15.606
2455578.99821 15.549
2455579.00625 15.524
2455579.01259 15.535
2455579.01895 15.582
2455579.02526 15.615
2455579.03158 15.67
2455579.03792 15.698
2455579.04261 15.69
2455579.04731 15.628
2455579.052 15.559
2455579.05888 15.511
2455579.06359 15.553
2455579.06828 15.576
