2455577.64965 15.64
2455577.65445 15.642
2455577.65926 15.654
2455577.66408 15.735
2455577.67195 15.761
2455577.67672 15.809
2455577.68152 15.801
2455577.71329 15.713
2455577.71963 15.689
2455577.72733 15.708
2455577.73365 15.764
2455577.74 15.762
2455577.74633 15.66
2455577.75266 15.595
2455577.75897 15.593
2455577.7653 15.594
2455577.77164 15.658
2455577.77797 15.686
2455577.78563 15.734
2455577.79197 15.748
2455577.79832 15.691
2455577.80467 15.625
2455577.81103 15.611
2455577.81736 15.606
2455577.82369 15.657
2455577.83003 15.688
2455577.83765 15.689
2455577.84399 15.731
2455577.85035 15.773
2455577.8567 15.675
2455577.86305 15.631
2455577.86939 15.583
2455577.87575 15.597
2455577.88209 15.626
2455577.88844 15.671
2455577.89573 15.718
2455577.90208 15.791
2455577.9084 15.738
2455577.91475 15.663
2455577.92109 15.594
2455577.92742 15.577
2455577.93377 15.648
2455577.94012 15.689
2455577.94813 15.698
2455577.95448 15.709
2455577.96078 15.805
2455577.96712 15.732
2455577.97346 15.674
2455577.9798 15.612
2455577.98612 15.625
2455577.99879 15.664
2455578.00677 15.728
