2455464.58841 16.293
2455464.59138 16.3
2455464.59435 16.291
2455464.59732 16.297
2455464.6003 16.307
2455464.60327 16.311
2455464.60624 16.323
2455464.60921 16.353
2455464.61219 16.347
2455464.66502 16.315
2455464.66799 16.275
2455464.69294 16.276
2455464.69591 16.26
2455464.69888 16.261
2455464.70185 16.289
2455464.70482 16.339
2455464.7078 16.308
2455464.71077 16.313
2455464.71375 16.354
2455464.71672 16.345
2455464.72382 16.294
2455464.72679 16.265
2455464.72976 16.289
2455464.73274 16.265
2455464.73571 16.296
2455464.73869 16.298
2455464.74166 16.298
2455464.74464 16.26
2455464.74761 16.321
2455464.76335 16.332
2455464.76633 16.297
2455464.7693 16.318
2455464.77228 16.289
2455464.85897 16.294
2455464.86194 16.297
2455464.86491 16.267
2455464.86788 16.306
