2455449.59973 16.287
2455449.61482 16.314
2455449.61782 16.322
2455449.62083 16.311
2455449.62385 16.3
2455449.62685 16.306
2455449.63505 16.309
2455449.64711 16.301
2455449.65013 16.315
2455449.65315 16.313
2455449.65616 16.322
2455449.66219 16.315
2455449.70878 16.287
2455449.71179 16.309
2455449.7148 16.302
2455449.7178 16.323
2455449.72081 16.298
2455449.72382 16.307
2455449.72682 16.307
2455449.72985 16.304
2455449.74626 16.307
2455449.74928 16.296
2455449.75229 16.32
2455449.7553 16.28
2455449.75831 16.311
2455449.76134 16.313
2455449.76435 16.294
2455449.76737 16.286
2455449.77491 16.267
2455449.77791 16.284
2455449.78092 16.269
2455449.78395 16.256
2455449.78696 16.254
2455449.79899 16.248
2455449.82176 16.318
2455449.82479 16.332
2455449.83383 16.279
2455449.83686 16.274
2455449.84401 16.296
2455449.84703 16.304
2455449.85006 16.295
2455449.85609 16.31
2455449.8591 16.321
2455449.86212 16.314
2455449.86513 16.317
2455449.87117 16.296
2455449.87861 16.273
2455449.88164 16.265
2455449.88466 16.262
2455449.89068 16.235
2455449.89369 16.241
2455449.8967 16.22
2455449.89971 16.239
2455449.90272 16.253
2455449.90575 16.266
2455449.91319 16.293
2455449.91622 16.314
2455449.91923 16.299
2455449.92224 16.296
2455449.92525 16.298
2455449.92826 16.323
2455449.93127 16.303
2455449.9343 16.281
2455449.93731 16.301
2455449.94032 16.297
2455449.94798 16.276
2455449.95099 16.274
2455449.95701 16.288
2455449.96002 16.32
