2455450.60435 16.247
2455450.60732 16.261
2455450.61029 16.267
2455450.61327 16.248
2455450.63921 16.261
2455450.64219 16.265
2455450.64517 16.301
2455450.64815 16.293
2455450.65112 16.301
2455450.6541 16.304
2455450.66005 16.285
2455450.69421 16.293
2455450.70159 16.292
2455450.70456 16.291
2455450.7224 16.249
2455450.73548 16.236
2455450.74441 16.294
2455450.74738 16.298
2455450.78111 16.251
2455450.78408 16.265
2455450.78705 16.258
2455450.79002 16.256
2455450.79299 16.26
2455450.79597 16.296
2455450.81182 16.269
2455450.81478 16.269
2455450.81775 16.232
2455450.82072 16.273
2455450.82961 16.215
2455450.83962 16.247
2455450.84258 16.252
2455450.8515 16.297
2455450.85447 16.298
2455450.85745 16.31
2455450.8634 16.307
2455450.87038 16.306
2455450.8793 16.276
2455450.88228 16.27
2455450.88525 16.267
2455450.88822 16.255
2455450.89119 16.267
2455450.89417 16.269
2455450.89714 16.276
2455450.90451 16.275
2455450.91045 16.265
2455450.91342 16.264
2455450.9164 16.264
2455450.91937 16.243
2455450.92234 16.27
2455450.92532 16.269
2455450.93127 16.231
