2456573.75219 16.83
2456573.75369 16.841
2456573.75518 16.808
2456573.75667 16.869
2456573.75816 16.749
2456573.75966 16.804
2456573.76116 16.788
2456573.76266 16.847
2456573.76416 16.817
2456573.76565 16.831
2456573.76914 16.823
2456573.77063 16.754
2456573.77212 16.811
2456573.77361 16.841
2456573.77512 16.766
2456573.77662 16.812
2456573.77811 16.834
2456573.7796 16.868
2456573.78109 16.812
2456573.78408 16.84
2456573.78708 16.864
2456573.78858 16.854
2456573.79007 16.885
2456573.79383 16.807
2456573.79682 16.798
2456573.79831 16.801
2456573.79981 16.785
2456573.8013 16.805
2456573.80279 16.811
2456573.80428 16.797
2456573.80578 16.801
2456573.80728 16.803
2456573.80877 16.795
2456573.81026 16.817
2456573.81175 16.771
2456573.81325 16.747
2456573.81475 16.779
2456573.82123 16.712
2456573.8242 16.737
2456573.8257 16.735
2456573.8272 16.78
2456573.8287 16.72
2456573.83169 16.777
2456573.83319 16.715
2456573.83469 16.736
2456573.83618 16.739
2456573.83768 16.769
2456573.83917 16.84
2456573.84436 16.786
2456573.84585 16.855
2456573.84735 16.832
2456573.84884 16.848
2456573.85033 16.844
2456573.85183 16.837
2456573.85332 16.838
2456573.85482 16.87
2456573.85632 16.857
2456573.85781 16.853
2456573.85931 16.869
2456573.8608 16.791
2456573.86229 16.824
2456573.86378 16.793
2456573.86528 16.84
2456573.8686 16.83
2456573.87458 16.843
2456573.894 16.857
2456573.89847 16.86
2456573.90146 16.764
2456573.90296 16.78
2456573.90444 16.75
2456573.90743 16.748
2456573.90892 16.814
2456573.91042 16.745
2456573.91192 16.755
2456573.91341 16.74
2456573.91491 16.772
2456573.91821 16.732
2456573.9197 16.72
2456573.9212 16.723
2456573.9227 16.759
2456573.9242 16.765
2456573.9257 16.799
2456573.92719 16.761
2456573.92868 16.719
2456573.93018 16.751
2456573.93167 16.741
2456573.93317 16.741
2456573.93467 16.73
2456573.93616 16.713
2456573.93765 16.725
2456573.93914 16.753
2456573.94737 16.785
2456573.94885 16.829
2456573.95035 16.831
2456573.95185 16.868
2456573.95334 16.877
2456573.95484 16.891
2456573.95633 16.819
2456573.95782 16.868
2456573.96081 16.815
2456573.96231 16.795
2456573.96381 16.785
2456573.96531 16.821
2456573.9668 16.747
2456573.96829 16.778
2456573.97191 16.789
2456573.97341 16.808
2456573.9749 16.755
2456573.9764 16.813
2456573.9779 16.772
2456573.97939 16.794
2456573.98088 16.809
2456573.98238 16.854
2456573.98387 16.835
2456573.98538 16.812
2456573.98688 16.829
2456573.98988 16.854
2456573.99137 16.85
2456573.99285 16.901
2456573.99785 16.88
2456574.00082 16.866
2456574.00232 16.84
2456574.00381 16.813
2456574.00532 16.814
2456574.00681 16.836
2456574.0083 16.82
2456574.00979 16.825
2456574.01129 16.823
2456574.01278 16.804
2456574.01576 16.816
2456574.01725 16.781
2456574.01875 16.774
2456574.02209 16.722
2456574.02508 16.725
2456574.02656 16.75
2456574.02807 16.754
2456574.02956 16.688
2456574.03106 16.709
2456574.03256 16.718
2456574.03405 16.696
2456574.03554 16.69
