2455463.62178 16.232
2455463.62475 16.239
2455463.62772 16.239
2455463.63366 16.225
2455463.63664 16.216
2455463.65608 16.237
2455463.65905 16.25
2455463.66203 16.26
2455463.665 16.259
2455463.66797 16.229
2455463.67094 16.241
2455463.67392 16.263
2455463.67689 16.277
2455463.67986 16.276
2455463.68283 16.217
2455463.69028 16.233
2455463.69325 16.223
2455463.69623 16.22
2455463.70217 16.227
2455463.70514 16.219
2455463.70811 16.232
2455463.71108 16.233
2455463.71406 16.247
2455463.71702 16.268
2455463.72409 16.228
2455463.72706 16.197
2455463.73003 16.18
2455463.73896 16.153
2455463.74194 16.152
2455463.75825 16.196
2455463.76122 16.236
2455463.7642 16.211
2455463.76718 16.203
2455463.77015 16.191
2455463.79206 16.282
2455463.79503 16.237
2455463.79801 16.225
2455463.80098 16.222
2455463.80395 16.238
2455463.80693 16.191
2455463.80991 16.238
2455463.81289 16.211
2455463.82602 16.232
2455463.829 16.188
2455463.83197 16.226
2455463.83494 16.219
2455463.83792 16.183
2455463.84089 16.171
2455463.84386 16.172
2455463.84684 16.17
2455463.84982 16.138
2455463.85279 16.134
2455463.8599 16.172
2455463.86287 16.215
2455463.86585 16.198
2455463.86883 16.234
2455463.8718 16.247
2455463.87478 16.279
2455463.87775 16.255
2455463.88072 16.218
2455463.8837 16.248
2455463.88667 16.214
2455463.89378 16.236
2455463.89676 16.241
2455463.90271 16.229
2455463.90568 16.239
