2456571.77034 16.829
2456571.77636 16.844
2456571.77785 16.787
2456571.77935 16.783
2456571.78085 16.801
2456571.78235 16.809
2456571.78384 16.773
2456571.78866 16.803
2456571.79314 16.806
2456571.79614 16.792
2456571.79764 16.812
2456571.79913 16.801
2456571.80061 16.801
2456571.80212 16.792
2456571.80511 16.806
2456571.80661 16.807
2456571.8081 16.817
2456571.80959 16.787
2456571.81916 16.743
2456571.82066 16.777
2456571.82366 16.759
2456571.83264 16.726
2456571.83415 16.701
2456571.83565 16.759
2456571.83715 16.723
2456571.83865 16.712
2456571.84014 16.709
2456571.84356 16.715
2456571.84806 16.71
2456571.84955 16.699
2456571.85105 16.724
2456571.85404 16.698
2456571.85553 16.73
2456571.85704 16.704
2456571.85853 16.736
2456571.86003 16.724
2456571.86153 16.726
2456571.86303 16.752
2456571.86453 16.764
2456571.869 16.816
2456571.8705 16.839
2456571.87199 16.772
2456571.87348 16.828
2456571.87498 16.799
2456571.87796 16.768
2456571.87947 16.776
2456571.88096 16.799
2456571.88245 16.734
2456571.88394 16.727
2456571.88544 16.758
2456571.88694 16.739
2456571.88844 16.764
2456571.88994 16.756
2456571.89328 16.687
2456571.89776 16.772
2456571.90375 16.764
2456571.90524 16.75
2456571.90674 16.758
2456571.90823 16.755
2456571.90972 16.809
2456571.91123 16.787
2456571.91272 16.78
2456571.91915 16.762
2456571.92662 16.734
2456571.92811 16.784
2456571.92961 16.791
2456571.93259 16.79
2456571.9341 16.792
2456571.9356 16.744
2456571.93859 16.745
2456571.95249 16.776
2456571.95846 16.784
2456571.96294 16.815
2456571.96444 16.852
2456572.02221 16.804
2456572.0237 16.78
2456572.02519 16.814
2456572.02669 16.768
2456572.02818 16.773
2456572.02968 16.806
2456572.03118 16.752
2456572.03267 16.783
