2456589.7003 16.352
2456589.7018 16.332
2456589.70329 16.394
2456589.70479 16.325
2456589.70629 16.331
2456589.70927 16.311
2456589.71226 16.3
2456589.72457 16.413
2456589.72755 16.402
2456589.73055 16.405
2456589.73205 16.425
2456589.73503 16.407
2456589.74102 16.389
2456589.74402 16.384
2456589.74553 16.361
2456589.7512 16.324
2456589.75269 16.297
2456589.75419 16.34
2456589.75568 16.311
2456589.75719 16.285
2456589.75868 16.316
2456589.76017 16.32
2456589.76167 16.268
2456589.76316 16.319
2456589.76466 16.305
2456589.76616 16.315
2456589.76765 16.294
2456589.77063 16.314
2456589.77213 16.308
2456589.77545 16.335
2456589.77694 16.345
2456589.77843 16.387
2456589.77993 16.314
2456589.78142 16.388
2456589.78292 16.404
2456589.78442 16.369
2456589.78591 16.397
2456589.7874 16.435
2456589.7889 16.407
2456589.79039 16.442
2456589.79189 16.399
2456589.7934 16.433
2456589.79489 16.368
2456589.79638 16.438
2456589.80325 16.302
2456589.80625 16.364
2456589.80925 16.324
2456589.81225 16.273
2456589.81374 16.343
2456589.81523 16.318
2456589.81673 16.29
2456589.81972 16.353
2456589.82122 16.397
2456589.8242 16.332
2456589.82754 16.404
2456589.83202 16.408
2456589.83501 16.414
2456589.8365 16.37
2456589.838 16.379
2456589.83949 16.334
2456589.84098 16.362
2456589.84249 16.355
2456589.84399 16.34
2456589.84698 16.318
2456589.84848 16.326
2456589.85406 16.295
2456589.85555 16.326
2456589.85704 16.329
2456589.85855 16.299
2456589.86004 16.284
2456589.86154 16.288
2456589.86304 16.299
2456589.86753 16.303
2456589.86902 16.28
2456589.87052 16.309
2456589.87202 16.334
2456589.87352 16.275
2456589.875 16.319
2456589.87851 16.293
2456589.88001 16.28
2456589.8815 16.352
2456589.88301 16.329
2456589.8845 16.338
2456589.8875 16.327
2456589.88899 16.416
2456589.89198 16.421
2456589.89348 16.449
2456589.89498 16.397
2456589.89647 16.407
2456589.89945 16.386
2456589.90405 16.319
2456589.90554 16.366
2456589.90705 16.307
2456589.91004 16.314
2456589.91154 16.29
2456589.91453 16.298
2456589.91751 16.334
2456589.919 16.304
2456589.9205 16.299
2456589.92349 16.311
2456589.92499 16.366
2456589.92981 16.355
2456589.9313 16.307
2456589.9328 16.318
2456589.9343 16.337
2456589.9358 16.337
2456589.93729 16.325
2456589.93879 16.339
2456589.95969 16.271
2456589.96119 16.297
2456589.96269 16.313
2456589.96419 16.306
2456589.96568 16.297
2456589.96717 16.315
2456589.96867 16.29
2456589.97315 16.34
2456589.97464 16.33
2456589.97814 16.292
2456589.97963 16.339
2456589.98113 16.332
2456589.98263 16.341
2456589.98412 16.324
2456589.98562 16.333
2456589.98711 16.348
2456589.9886 16.358
2456589.9901 16.363
2456589.9916 16.342
2456589.9961 16.399
2456589.9976 16.415
2456589.99909 16.357
2456590.00663 16.381
2456590.01112 16.359
2456590.01261 16.399
2456590.01411 16.335
2456590.01561 16.349
2456590.0171 16.375
2456590.01859 16.353
2456590.02009 16.374
2456590.02158 16.372
2456590.02308 16.379
2456590.02458 16.372
2456590.03118 16.449
2456590.03267 16.439
