2455448.73692 16.255
2455448.73989 16.251
2455448.74286 16.23
2455448.7488 16.217
2455448.75177 16.209
2455448.75474 16.22
2455448.75771 16.255
2455448.76068 16.296
2455448.76777 16.31
2455448.78262 16.303
2455448.78559 16.308
2455448.78856 16.282
2455448.81373 16.305
2455448.81968 16.305
2455448.84162 16.244
2455448.84459 16.259
2455448.87928 16.299
2455448.8912 16.33
2455448.89418 16.328
2455448.89716 16.307
2455448.92296 16.292
2455448.92594 16.314
2455448.92893 16.318
2455448.93192 16.318
2455448.94012 16.262
2455448.94609 16.265
2455448.94909 16.276
