2456028.88465 2.747
2456028.88839 2.737
2456028.89214 2.746
2456028.89681 2.774
2456028.90057 2.824
2456028.90431 2.815
2456028.90897 2.765
2456028.91273 2.772
2456028.91648 2.739
2456028.92115 2.735
2456028.92493 2.731
2456028.92869 2.726
2456028.93336 2.735
2456028.93712 2.688
2456028.94088 2.707
2456028.94558 2.723
2456028.94933 2.82
2456028.95311 2.827
2456028.98985 2.703
2456028.99361 2.716
2456028.99737 2.777
2456029.00207 2.775
2456029.00581 2.789
2456029.00957 2.763
2456029.01423 2.76
2456029.01803 2.786
2456029.02179 2.719
2456029.02647 2.689
2456029.03023 2.711
2456029.03398 2.7
2456029.03863 2.645
2456029.04237 2.688
2456029.04616 2.736
2456029.05083 2.724
2456029.05458 2.757
2456029.05832 2.78
2456029.06298 2.683
2456029.06675 2.728
2456029.07051 2.688
2456029.07517 2.695
2456029.07889 2.701
2456029.08265 2.661
2456029.08733 2.643
2456029.09102 2.677
2456029.09475 2.66
2456029.09965 2.712
2456029.10344 2.756
2456029.10719 2.782
2456029.11188 2.755
2456029.1156 2.778
2456029.11935 2.809
2456029.12402 2.789
2456029.12774 2.733
2456029.13146 2.743
2456029.1411 2.641
2456029.19223 2.679
2456029.19598 2.753
