2456027.88531 1.206
2456027.88904 1.162
2456027.89285 1.167
2456027.89752 1.226
2456027.90131 1.121
2456027.90508 1.104
2456027.90977 1.098
2456027.91353 1.132
2456027.91727 1.12
2456027.92193 1.137
2456027.92565 1.139
2456027.92938 1.151
2456027.93405 1.211
2456027.93782 1.219
2456027.94161 1.189
2456027.9463 1.151
2456027.95006 1.126
2456027.95384 1.102
2456027.95851 1.093
2456027.96225 1.079
2456027.96598 1.106
2456027.97066 1.089
2456027.97436 1.099
2456027.97811 1.125
2456027.98302 1.197
2456027.98814 1.168
2456027.99043 1.152
2456027.9927 1.139
2456027.99499 1.126
2456027.99728 1.129
2456027.99955 1.165
2456028.00184 1.15
2456028.00413 1.113
2456028.00645 1.066
2456028.00874 1.075
2456028.01102 1.076
2456028.01331 1.113
2456028.01738 1.11
2456028.02117 1.083
2456028.02581 1.054
2456028.02956 1.113
2456028.03329 1.164
2456028.03793 1.222
2456028.04167 1.191
2456028.04538 1.151
2456028.05007 1.123
2456028.0538 1.103
2456028.05755 1.079
2456028.06218 1.073
2456028.06593 1.08
2456028.06966 1.064
2456028.08494 1.14
2456028.10115 1.142
2456028.11125 1.075
2456028.11497 1.103
2456028.11963 1.106
2456028.12337 1.069
2456028.12712 1.104
2456028.13181 1.136
2456028.13553 1.19
2456028.13928 1.193
2456028.14764 1.171
2456028.15137 1.159
2456028.18308 1.161
2456028.18682 1.224
2456028.19486 1.224
2456028.19861 1.202
2456028.20236 1.215
2456028.21036 1.181
2456028.21413 1.15
2456028.21789 1.146
2456028.226 1.103
2456028.22977 1.102
2456028.23351 1.145
