2456010.94704 1.544
2456010.95079 1.608
2456010.95455 1.689
2456010.95926 1.695
2456010.96303 1.655
2456010.96677 1.622
2456010.97255 1.631
2456010.98225 1.557
2456010.9869 1.567
2456010.99066 1.531
2456010.99438 1.574
2456011.00007 1.607
2456011.00542 1.634
2456011.01565 1.626
2456011.01942 1.632
2456011.02317 1.637
2456011.02786 1.585
2456011.03161 1.572
2456011.03532 1.578
2456011.04002 1.588
2456011.04379 1.543
2456011.04751 1.514
2456011.05218 1.577
2456011.05595 1.616
2456011.05968 1.652
2456011.06434 1.707
2456011.06808 1.714
2456011.07181 1.7
2456011.07648 1.673
2456011.08022 1.653
2456011.08394 1.638
2456011.08891 1.629
2456011.09264 1.581
2456011.09642 1.584
2456011.1011 1.624
2456011.10487 1.684
2456011.10861 1.691
2456011.11331 1.676
2456011.117 1.645
2456011.12073 1.63
2456011.12541 1.62
2456011.12917 1.578
2456011.13288 1.552
2456011.13756 1.592
2456011.14131 1.559
2456011.14507 1.561
2456011.1497 1.575
2456011.15345 1.583
2456011.15715 1.625
2456011.16179 1.668
2456011.16551 1.623
2456011.16924 1.608
2456011.17786 1.599
2456011.18157 1.555
2456011.1853 1.592
2456011.19387 1.529
2456011.19759 1.551
2456011.20134 1.56
2456011.2097 1.636
2456011.21345 1.663
2456011.2292 1.623
2456011.24523 1.526
2456011.25728 1.518
2456011.26103 1.577
2456011.26473 1.568
2456011.2733 1.617
2456011.27701 1.593
2456011.28076 1.6
