2456006.94447 2.284
2456006.94675 2.311
2456006.94906 2.236
2456006.95234 2.309
2456006.95462 2.364
2456006.95691 2.316
2456006.96017 2.233
2456006.96248 2.205
2456006.96479 2.246
2456006.96807 2.192
2456006.97035 2.276
2456006.97264 2.18
2456006.9759 2.186
2456006.97819 2.117
2456006.98374 2.212
2456006.98603 2.159
2456006.98836 2.241
2456006.99162 2.281
2456006.99394 2.262
2456006.99625 2.246
2456007.00181 2.248
2456007.00411 2.299
2456007.00889 2.275
2456007.01119 2.269
2456007.01351 2.225
2456007.01674 2.284
2456007.01903 2.254
2456007.02132 2.245
2456007.02456 2.148
2456007.02684 2.199
2456007.02916 2.167
2456007.03236 2.169
2456007.0347 2.206
2456007.037 2.227
2456007.04024 2.3
2456007.04255 2.32
2456007.04482 2.322
2456007.04803 2.306
2456007.05031 2.271
2456007.0526 2.268
2456007.05582 2.268
2456007.05811 2.285
2456007.06041 2.252
2456007.06365 2.248
2456007.06594 2.22
2456007.06822 2.218
2456007.07146 2.248
2456007.07377 2.247
2456007.07604 2.236
2456007.08441 2.238
2456007.08671 2.276
2456007.09134 2.345
2456007.09361 2.369
2456007.09591 2.353
2456007.09914 2.327
2456007.10142 2.316
2456007.10372 2.266
2456007.10819 2.277
2456007.11048 2.283
2456007.11601 2.298
2456007.11829 2.306
2456007.1206 2.29
2456007.12381 2.318
2456007.12613 2.275
2456007.12843 2.273
2456007.13164 2.237
2456007.13395 2.269
2456007.13626 2.292
2456007.13948 2.27
2456007.14176 2.312
2456007.14406 2.299
2456007.14729 2.288
2456007.14958 2.304
2456007.15186 2.297
2456007.1551 2.315
2456007.1574 2.311
2456007.1597 2.287
2456007.16352 2.233
2456007.1658 2.191
2456007.16809 2.218
2456007.17131 2.208
2456007.17361 2.223
2456007.17593 2.23
2456007.18432 2.193
2456007.18662 2.235
2456007.22093 2.265
2456007.23214 2.173
2456007.23442 2.2
2456007.24359 2.288
2456007.24589 2.313
2456007.24819 2.329
2456007.25509 2.246
