2455852.7139 2.012
2455852.71467 2.048
2455852.71545 2.072
2455852.71622 2.067
2455852.71699 2.062
2455852.71777 2.09
2455852.71854 2.078
2455852.71932 2.075
2455852.72009 2.1
2455852.72087 2.097
2455852.72164 2.149
2455852.72242 2.081
2455852.72319 2.09
2455852.72474 2.098
2455852.72551 2.095
2455852.72629 2.118
2455852.72706 2.121
2455852.72784 2.128
2455852.72861 2.128
2455852.72938 2.161
2455852.73016 2.111
2455852.73093 2.133
2455852.73171 2.15
2455852.73248 2.156
2455852.73326 2.129
2455852.73403 2.076
2455852.7348 2.143
2455852.73558 2.143
2455852.73635 2.083
2455852.73713 2.084
2455852.7379 2.115
2455852.73868 2.121
2455852.73945 2.095
2455852.74023 2.14
2455852.741 2.12
2455852.74178 2.1
2455852.74255 2.063
2455852.74332 2.101
2455852.7441 2.124
2455852.74487 2.085
2455852.74642 2.066
2455852.7472 2.105
2455852.74797 2.072
2455852.74874 2.108
2455852.74952 2.045
2455852.75029 2.089
2455852.75107 2.066
2455852.75184 2.088
2455852.75262 2.079
2455852.75339 2.068
2455852.75416 2.092
2455852.75494 2.07
2455852.75571 2.05
2455852.75649 2.047
2455852.75726 2.082
2455852.75804 2.051
2455852.75881 2.073
2455852.75959 2.079
2455852.76036 2.068
2455852.76113 2.054
2455852.76191 2.07
2455852.76268 2.063
2455852.76346 2.056
2455852.76423 2.072
2455852.76501 2.049
2455852.76655 2.055
2455852.76733 2.039
2455852.7681 2.059
2455852.76888 2.059
2455852.77043 2.074
2455852.7712 2.083
2455852.77198 2.045
2455852.77275 2.031
2455852.77352 2.061
2455852.7743 2.078
2455852.77507 2.075
2455852.77585 2.076
2455852.77662 2.065
2455852.7774 2.064
2455852.77895 2.07
2455852.77972 2.076
2455852.78049 2.048
2455852.78127 2.046
2455852.78204 2.104
2455852.78282 2.064
2455852.78359 2.057
2455852.78437 2.108
2455852.78514 2.083
2455852.78592 2.121
2455852.78669 2.094
2455852.78747 2.106
2455852.78824 2.097
2455852.78901 2.072
2455852.78979 2.087
2455852.79056 2.107
2455852.79134 2.121
2455852.79211 2.084
2455852.79288 2.113
2455852.79366 2.138
2455852.79443 2.122
2455852.79521 2.13
2455852.79598 2.129
2455852.79676 2.141
2455852.79986 2.102
2455852.80063 2.116
2455852.8014 2.123
2455852.80218 2.1
2455852.80373 2.094
2455852.80528 2.095
2455852.80606 2.08
2455852.80683 2.082
2455852.8076 2.052
2455852.80838 2.084
2455852.80915 2.101
2455852.80993 2.06
2455852.8107 2.069
2455852.81225 2.077
2455852.81302 2.045
2455852.8138 2.067
2455852.81457 2.051
2455852.81535 2.006
2455852.81612 2.05
2455852.81689 2.051
2455852.81767 2.067
2455852.81844 2.054
2455852.81922 2.047
2455852.81999 2.046
2455852.82077 2.041
2455852.82154 2.028
2455852.82232 2.016
2455852.82309 2.025
2455852.82386 2.045
2455852.82464 2.0
2455852.82541 1.987
2455852.82619 1.99
2455852.82696 2.005
2455852.82774 1.988
2455852.82851 1.97
2455852.82928 1.975
2455852.83006 1.982
2455852.83083 1.991
2455852.83161 2.001
2455852.83238 1.98
2455852.83316 1.968
2455852.83393 1.971
2455852.83548 2.021
2455852.83625 2.023
2455852.83703 2.036
2455852.83858 1.995
2455852.83935 2.017
2455852.84013 2.037
2455852.8409 2.036
2455852.84245 2.025
2455852.84322 2.058
2455852.844 2.064
2455852.84477 2.035
2455852.84555 2.062
2455852.84632 2.072
2455852.84787 2.076
2455852.84942 2.081
2455852.85019 2.123
2455852.85097 2.079
2455852.85174 2.117
2455852.85252 2.127
2455852.85329 2.111
2455852.85407 2.086
2455852.85484 2.109
2455852.85561 2.126
2455852.85716 2.137
2455852.85794 2.085
2455852.85871 2.11
2455852.85949 2.097
2455852.86026 2.118
2455852.86103 2.149
2455852.86181 2.093
2455852.86258 2.136
2455852.86336 2.117
2455852.86413 2.138
2455852.8649 2.132
2455852.86568 2.095
2455852.86646 2.103
2455852.86723 2.119
2455852.868 2.099
2455852.86878 2.068
2455852.86955 2.125
2455852.87187 2.101
2455852.87265 2.099
2455852.87342 2.121
2455852.8742 2.13
2455852.87497 2.075
2455852.87652 2.121
2455852.8773 2.083
2455852.87884 2.081
2455852.87962 2.047
2455852.88039 2.042
2455852.88117 2.08
2455852.88194 2.076
2455852.88271 2.077
2455852.88426 2.031
2455852.88504 2.08
2455852.88581 2.066
2455852.88659 2.071
2455852.88814 2.088
2455852.88891 2.077
2455852.88968 2.076
2455852.89046 2.082
2455852.89123 2.053
2455852.89201 2.054
2455852.89278 2.072
2455852.89433 2.03
2455852.89511 2.031
2455852.89588 2.045
2455852.89666 2.043
2455852.89743 2.065
2455852.89975 2.02
2455852.90053 2.021
2455852.9013 2.039
2455852.90208 2.076
2455852.90362 2.094
2455852.90517 1.996
2455852.90595 2.036
2455852.90672 2.032
2455852.90749 2.006
2455852.90827 1.99
2455852.90904 2.034
2455852.91059 2.049
2455852.91214 2.068
2455852.91292 2.04
2455852.91447 2.035
2455852.91601 2.058
2455852.91756 2.082
2455852.91834 2.094
2455852.91911 2.077
2455852.91989 2.066
2455852.92066 2.083
2455852.92144 2.104
2455852.92221 2.12
2455852.92298 2.095
2455852.92376 2.071
2455852.92453 2.113
2455852.9253 2.108
2455852.92686 2.125
2455852.9284 2.105
2455852.92918 2.124
2455852.92995 2.113
2455852.93072 2.15
2455852.9315 2.103
2455852.93227 2.113
2455852.93383 2.137
2455852.9346 2.144
2455852.93692 2.099
2455852.93847 2.071
2455852.93925 2.053
2455852.94002 2.071
2455852.94079 2.057
2455852.94389 2.058
2455852.94467 1.999
2455852.94544 2.028
2455852.94621 2.019
2455852.94776 2.04
2455852.94931 2.073
2455852.95086 2.041
2455852.95164 2.012
2455852.95241 2.02
2455852.95319 2.032
2455852.95397 1.98
2455852.95551 2.013
2455852.95629 2.04
2455852.95706 2.025
2455852.95783 1.974
2455852.95938 2.017
2455852.96016 2.008
2455852.96093 1.97
2455852.96248 2.05
2455852.96326 2.013
2455852.96403 1.993
2455852.96481 2.057
2455852.96636 2.01
2455852.96713 2.01
2455852.96791 2.044
2455852.96868 1.996
2455852.97178 2.091
2455852.97255 2.086
2455852.9741 2.091
2455852.97488 2.029
2455852.97565 2.072
2455852.9772 2.015
2455852.97798 2.06
2455852.97875 2.045
2455852.97953 2.041
2455852.9803 2.13
2455852.98262 2.102
2455852.98417 2.112
2455852.98495 2.117
2455852.9865 2.116
2455852.98727 2.143
2455852.98805 2.146
