2455833.65449 2.968
2455833.65527 2.96
2455833.65604 2.984
2455833.65682 2.96
2455833.65759 3.007
2455833.65837 3.014
2455833.65914 2.962
2455833.65991 2.947
2455833.66147 2.963
2455833.66302 2.951
2455833.66379 2.953
2455833.66457 2.981
2455833.66534 2.93
2455833.66611 2.979
2455833.66689 2.97
2455833.66766 2.945
2455833.66921 2.994
2455833.66999 3.002
2455833.67076 2.959
2455833.67154 2.998
2455833.67309 3.027
2455833.67386 2.983
2455833.67463 3.049
2455833.67618 3.047
2455833.67851 3.056
2455833.67928 3.018
2455833.6909 3.115
2455833.69632 3.095
2455833.71103 3.005
2455833.71181 2.996
2455833.71258 3.047
2455833.71336 2.993
2455833.7149 3.048
2455833.71568 3.015
2455833.71645 3.047
2455833.71723 3.039
2455833.71878 3.021
2455833.71955 3.016
2455833.72033 2.979
2455833.7211 3.007
2455833.72266 2.993
2455833.72343 2.985
2455833.7242 2.996
2455833.72498 2.978
2455833.72575 2.949
2455833.7273 2.978
2455833.72807 3.013
2455833.72885 2.975
2455833.72962 3.013
2455833.7304 3.038
2455833.73117 3.025
2455833.73195 3.004
2455833.73272 3.032
2455833.7335 3.058
2455833.73427 3.006
2455833.73505 2.98
2455833.73582 3.036
2455833.7366 2.999
2455833.73737 3.054
2455833.73815 3.09
2455833.74202 3.06
2455833.74279 3.07
2455833.74357 3.107
2455833.74434 3.102
2455833.74512 3.087
2455833.74589 3.053
2455833.74667 3.066
2455833.74821 3.055
2455833.74899 3.107
2455833.74976 3.1
2455833.75131 3.117
2455833.75209 3.008
2455833.75364 3.112
2455833.75441 3.061
2455833.75519 3.061
2455833.75596 3.055
2455833.75674 3.062
2455833.75751 3.056
2455833.75829 3.056
2455833.75906 3.011
2455833.76061 3.089
2455833.76138 3.051
2455833.76216 3.055
2455833.76293 3.046
2455833.76371 3.055
2455833.76448 3.068
2455833.76526 2.994
2455833.76603 2.965
2455833.7668 3.035
2455833.76758 3.005
2455833.76835 3.033
2455833.76913 2.955
2455833.7699 3.039
2455833.77068 3.016
2455833.77145 2.969
2455833.77223 2.972
2455833.77377 3.004
2455833.77455 2.995
2455833.77532 2.983
2455833.77842 2.987
2455833.77919 2.97
2455833.77997 2.969
2455833.78152 2.971
2455833.78229 2.982
2455833.78307 3.007
2455833.78384 2.957
2455833.78461 2.947
2455833.78539 2.981
2455833.78694 2.94
2455833.78771 2.958
2455833.78849 2.972
2455833.78926 2.918
2455833.79004 2.969
2455833.79081 2.954
2455833.79236 2.946
2455833.79313 2.918
2455833.79391 2.957
2455833.79468 2.985
2455833.79545 2.973
2455833.79623 2.966
2455833.79778 2.937
2455833.79855 3.006
2455833.79933 2.965
2455833.8001 2.975
2455833.80088 3.002
2455833.80165 2.963
2455833.80243 3.009
2455833.8032 3.04
2455833.80397 3.032
2455833.80475 3.0
2455833.80552 3.023
2455833.8063 3.011
2455833.80707 3.059
2455833.80785 3.003
2455833.80862 3.037
2455833.81017 3.062
2455833.81094 3.052
2455833.81172 3.052
2455833.81249 3.09
2455833.81326 3.059
2455833.81404 3.119
2455833.81481 3.068
2455833.81559 3.062
2455833.81636 3.079
2455833.81714 3.105
2455833.81791 3.095
2455833.81868 3.096
2455833.81946 3.081
2455833.82023 3.066
2455833.82101 3.029
2455833.82178 3.05
2455833.82256 3.062
2455833.82411 3.09
2455833.82488 3.094
2455833.82643 3.119
2455833.82721 3.051
2455833.82798 3.072
2455833.82875 3.052
2455833.82953 3.05
2455833.83108 3.071
2455833.83185 3.056
2455833.83263 3.035
2455833.8334 3.038
2455833.83418 3.09
2455833.83495 3.005
2455833.83572 3.024
2455833.8365 3.002
2455833.83727 3.008
2455833.83805 3.03
2455833.83882 3.006
2455833.8396 3.045
2455833.84037 3.017
2455833.84192 3.049
2455833.8427 3.042
2455833.84347 2.97
2455833.84425 2.996
2455833.84502 3.001
2455833.84579 3.028
2455833.84657 3.036
2455833.84734 3.024
2455833.84812 2.973
2455833.84889 3.023
2455833.84967 3.016
2455833.85044 2.938
2455833.85121 2.995
2455833.85199 3.016
2455833.85276 2.95
2455833.85354 2.992
2455833.85431 2.979
2455833.85508 3.003
2455833.85586 2.99
2455833.85663 3.005
2455833.85741 3.044
2455833.85818 3.013
2455833.85895 2.952
2455833.85973 2.989
2455833.8605 2.968
2455833.86128 3.028
2455833.86205 2.965
2455833.86283 3.014
2455833.86438 2.957
2455833.86515 2.959
2455833.86593 2.984
2455833.8667 2.957
2455833.86747 2.992
2455833.86825 3.005
2455833.8698 3.006
2455833.87057 3.011
2455833.87135 3.046
2455833.87212 3.027
2455833.8729 3.078
2455833.87367 3.074
2455833.87522 3.029
2455833.87599 3.07
2455833.87677 3.068
2455833.87754 3.075
2455833.87832 3.045
2455833.87909 3.038
2455833.88141 3.077
2455833.88219 3.052
2455833.88296 3.071
2455833.88374 3.061
2455833.88451 3.03
2455833.88528 3.064
2455833.88606 3.028
2455833.88683 3.061
2455833.88761 3.029
2455833.88838 3.101
2455833.88916 3.018
2455833.88993 3.066
2455833.89071 3.043
2455833.89148 3.029
2455833.89225 3.026
2455833.89303 3.039
2455833.8938 3.02
2455833.89458 3.023
2455833.89612 3.019
2455833.8969 3.016
2455833.89767 3.018
2455833.90465 2.937
2455833.9062 2.928
2455833.90697 2.959
2455833.90775 2.96
2455833.90852 2.94
2455833.91007 2.949
2455833.91084 2.971
2455833.91239 2.991
2455833.91316 2.975
2455833.91626 2.977
2455833.91704 2.939
2455833.91781 2.903
2455833.91858 2.945
2455833.92013 3.01
2455833.92091 2.92
2455833.92168 2.927
2455833.92246 2.903
2455833.92323 2.947
2455833.92401 2.978
2455833.92478 2.967
2455833.92556 2.997
2455833.92633 3.015
2455833.9271 2.986
2455833.92788 3.02
2455833.92865 3.025
2455833.92943 2.983
2455833.93098 3.011
2455833.93175 2.976
2455833.93253 2.998
2455833.9333 2.972
2455833.93408 3.023
2455833.93485 3.025
2455833.93563 3.017
2455833.9364 2.98
2455833.93718 2.962
2455833.93795 3.028
2455833.93872 3.063
2455833.9395 3.078
2455833.94027 3.022
2455833.94105 2.99
2455833.94182 3.032
2455833.94337 3.073
2455833.94415 3.071
2455833.94492 3.069
2455833.9457 3.068
2455833.94724 3.083
2455833.94879 3.093
2455833.94957 3.106
2455833.95034 3.048
2455833.95112 3.039
2455833.95189 3.049
2455833.95267 3.059
2455833.95344 3.077
2455833.95499 3.07
2455833.95576 3.032
2455833.95654 3.023
2455833.95808 3.034
2455833.95886 3.041
2455833.95963 3.016
2455833.96041 3.039
2455833.96118 3.0
2455833.96195 3.031
2455833.96273 2.999
2455833.96428 3.012
2455833.96505 3.02
2455833.96583 3.039
2455833.9666 3.02
2455833.96738 2.992
2455833.96815 3.009
2455833.96893 3.01
2455833.9697 2.927
2455833.97047 2.993
2455833.97125 3.021
2455833.97203 2.934
2455833.9728 2.927
2455833.97357 2.941
2455833.97435 3.047
2455833.97512 2.949
2455833.9759 2.932
2455833.97667 2.954
2455833.97745 2.953
2455833.97822 3.031
2455833.979 2.981
2455833.97977 3.005
2455833.98055 2.915
2455833.98132 2.944
2455833.98209 2.929
2455833.98287 2.981
2455833.98364 2.971
2455833.98442 2.965
2455833.98519 3.002
2455833.98597 2.964
2455833.98674 2.964
2455833.98752 3.009
2455833.98829 2.994
2455833.98907 3.015
2455833.98984 2.993
2455833.99062 2.956
2455833.99139 2.94
2455833.99294 2.966
2455833.99371 3.022
2455833.99449 3.027
2455833.99526 2.928
2455833.99604 2.954
2455833.99759 3.023
2455833.99836 2.976
2455833.99914 3.017
2455833.99991 3.017
2455834.00146 2.995
2455834.00223 3.029
2455834.00456 3.088
2455834.00611 3.026
2455834.00688 3.019
2455834.00843 3.018
2455834.00921 2.999
2455834.00998 3.031
