2455857.59671 1.806
2455857.59748 1.796
2455857.59825 1.827
2455857.59903 1.801
2455857.59981 1.827
2455857.60058 1.838
2455857.60135 1.805
2455857.60213 1.835
2455857.6029 1.796
2455857.60368 1.796
2455857.60445 1.817
2455857.60522 1.786
2455857.60677 1.816
2455857.60754 1.8
2455857.60987 1.795
2455857.61141 1.813
2455857.61219 1.861
2455857.61296 1.802
2455857.61374 1.883
2455857.61451 1.85
2455857.61528 1.838
2455857.61606 1.856
2455857.61761 1.845
2455857.61838 1.837
2455857.61915 1.849
2455857.61993 1.885
2455857.6207 1.91
2455857.62148 1.861
2455857.62225 1.89
2455857.62302 1.897
2455857.6238 1.902
2455857.62457 1.857
2455857.62612 1.863
2455857.6269 1.872
2455857.62767 1.867
2455857.62845 1.841
2455857.62922 1.854
2455857.63 1.863
2455857.63077 1.848
2455857.63155 1.846
2455857.63232 1.814
2455857.6331 1.836
2455857.63387 1.817
2455857.63464 1.827
2455857.63619 1.84
2455857.63697 1.831
2455857.63774 1.811
2455857.63851 1.842
2455857.63929 1.807
2455857.64006 1.811
2455857.64084 1.785
2455857.64161 1.78
2455857.64239 1.812
2455857.64316 1.784
2455857.64393 1.777
2455857.64471 1.806
2455857.64548 1.799
2455857.64626 1.784
2455857.64703 1.787
2455857.64781 1.764
2455857.64858 1.782
2455857.64936 1.779
2455857.65013 1.765
2455857.65091 1.765
2455857.65168 1.778
2455857.65245 1.753
2455857.65323 1.794
2455857.654 1.75
2455857.65478 1.763
2455857.65555 1.782
2455857.65632 1.774
2455857.6571 1.773
2455857.65787 1.789
2455857.65864 1.782
2455857.65942 1.761
2455857.66019 1.799
2455857.66097 1.805
2455857.66252 1.813
2455857.66329 1.804
2455857.66407 1.761
2455857.66484 1.776
2455857.66717 1.798
2455857.66794 1.788
2455857.66872 1.792
2455857.66949 1.797
2455857.67026 1.814
2455857.67104 1.807
2455857.67181 1.789
2455857.67259 1.84
2455857.67336 1.812
2455857.67414 1.821
2455857.67491 1.79
2455857.67568 1.836
2455857.67646 1.861
2455857.67723 1.84
2455857.67801 1.83
2455857.67878 1.853
2455857.67956 1.871
2455857.68033 1.876
2455857.68111 1.849
2455857.68188 1.837
2455857.68265 1.832
2455857.6842 1.845
2455857.68653 1.883
2455857.6873 1.879
2455857.68808 1.897
2455857.68963 1.858
2455857.6904 1.896
2455857.69117 1.898
2455857.69195 1.883
2455857.69272 1.878
2455857.6935 1.879
2455857.69427 1.874
2455857.69504 1.908
2455857.69659 1.885
2455857.69737 1.853
2455857.69814 1.901
2455857.69892 1.836
2455857.69969 1.857
2455857.70047 1.875
2455857.70124 1.868
2455857.70201 1.855
2455857.70279 1.876
2455857.70356 1.876
2455857.70434 1.84
2455857.70511 1.839
2455857.70588 1.829
2455857.70666 1.808
2455857.70744 1.831
2455857.70821 1.809
2455857.70899 1.828
2455857.70976 1.834
2455857.71053 1.837
2455857.71131 1.799
2455857.71208 1.813
2455857.71286 1.828
2455857.71363 1.826
2455857.71441 1.812
2455857.71518 1.8
2455857.71596 1.8
2455857.71673 1.809
2455857.7175 1.802
2455857.71828 1.822
2455857.71905 1.786
2455857.71983 1.79
2455857.7206 1.813
2455857.72138 1.787
2455857.72293 1.785
2455857.7237 1.812
2455857.72448 1.816
2455857.72525 1.808
2455857.72602 1.788
2455857.7268 1.791
2455857.72758 1.778
2455857.72835 1.796
2455857.72912 1.831
2455857.7299 1.811
2455857.73067 1.803
2455857.73145 1.805
2455857.73222 1.811
2455857.73299 1.809
2455857.73377 1.823
2455857.73454 1.821
2455857.73532 1.823
2455857.73609 1.828
2455857.73687 1.808
2455857.73764 1.851
2455857.73841 1.835
2455857.73996 1.827
2455857.74074 1.798
2455857.74151 1.866
2455857.74229 1.841
2455857.74384 1.856
2455857.74461 1.856
2455857.74538 1.849
2455857.74616 1.821
2455857.74693 1.857
2455857.74771 1.841
2455857.74848 1.887
2455857.75081 1.853
2455857.75158 1.846
2455857.75235 1.857
2455857.75313 1.875
2455857.75623 1.83
2455857.757 1.865
2455857.75778 1.858
2455857.75855 1.836
2455857.75933 1.838
2455857.7601 1.855
2455857.76088 1.85
2455857.76165 1.871
2455857.7632 1.858
2455857.76397 1.813
2455857.76475 1.836
2455857.76552 1.832
2455857.76629 1.87
2455857.76707 1.82
2455857.76862 1.837
2455857.76939 1.804
2455857.77017 1.816
2455857.77094 1.813
2455857.77172 1.827
2455857.77249 1.806
2455857.77327 1.777
2455857.77481 1.809
2455857.77559 1.762
2455857.77636 1.777
2455857.77714 1.782
2455857.77791 1.754
2455857.77869 1.776
2455857.77946 1.779
2455857.78024 1.782
2455857.78101 1.758
2455857.78179 1.761
2455857.78411 1.763
2455857.78488 1.768
2455857.78643 1.769
2455857.78953 1.749
2455857.79031 1.793
2455857.79108 1.799
2455857.79185 1.786
2455857.79263 1.808
2455857.7934 1.794
2455857.79495 1.777
2455857.79573 1.787
2455857.7965 1.799
2455857.79728 1.789
2455857.79805 1.807
2455857.79882 1.787
2455857.80037 1.814
2455857.80115 1.814
2455857.80192 1.811
2455857.8027 1.817
2455857.80347 1.832
2455857.80425 1.865
2455857.8058 1.836
2455857.80657 1.842
2455857.80735 1.826
2455857.80812 1.852
2455857.8089 1.845
2455857.80967 1.848
2455857.81045 1.896
2455857.81122 1.86
2455857.81432 1.88
2455857.81509 1.899
2455857.81587 1.902
2455857.81664 1.894
2455857.81742 1.894
2455857.81819 1.879
2455857.81897 1.88
2455857.81974 1.881
2455857.82129 1.891
2455857.82284 1.89
2455857.82361 1.864
2455857.82439 1.859
2455857.82516 1.871
2455857.82671 1.876
2455857.82748 1.859
2455857.82826 1.89
2455857.82904 1.871
2455857.82981 1.878
2455857.83058 1.856
2455857.83213 1.864
2455857.83368 1.843
2455857.83523 1.832
2455857.836 1.835
2455857.83755 1.868
2455857.83833 1.836
2455857.8391 1.844
2455857.83988 1.868
2455857.84065 1.848
2455857.84142 1.833
2455857.8422 1.838
2455857.84297 1.812
2455857.84452 1.829
2455857.84607 1.833
2455857.84684 1.793
2455857.84762 1.807
2455857.84839 1.791
2455857.84917 1.837
2455857.84994 1.814
2455857.85072 1.811
2455857.85149 1.79
2455857.85227 1.815
2455857.85304 1.799
2455857.85614 1.822
2455857.85692 1.811
2455857.85769 1.814
2455857.85847 1.81
2455857.86002 1.85
2455857.86156 1.794
2455857.86234 1.855
2455857.86311 1.855
2455857.86389 1.828
2455857.86466 1.792
2455857.86543 1.814
2455857.86698 1.819
2455857.86853 1.826
2455857.86931 1.835
2455857.87008 1.843
2455857.87086 1.855
2455857.87163 1.871
2455857.87241 1.902
2455857.87473 1.877
2455857.87551 1.835
2455857.87628 1.901
2455857.87705 1.854
2455857.87783 1.87
2455857.8786 1.888
2455857.87938 1.867
2455857.88015 1.875
2455857.88093 1.855
2455857.8817 1.838
2455857.88325 1.876
2455857.88403 1.85
2455857.8848 1.91
2455857.88557 1.894
2455857.88635 1.891
2455857.88945 1.869
2455857.89022 1.888
2455857.891 1.847
2455857.89177 1.849
2455857.89254 1.841
2455857.89487 1.863
2455857.89564 1.84
2455857.89642 1.828
2455857.89719 1.832
2455857.89797 1.83
2455857.89874 1.811
2455857.90029 1.833
2455857.90106 1.848
2455857.90184 1.816
2455857.90261 1.81
2455857.90339 1.801
2455857.90494 1.814
2455857.90571 1.797
2455857.90648 1.791
2455857.90726 1.808
2455857.90803 1.827
2455857.90881 1.79
2455857.91036 1.825
2455857.91113 1.78
2455857.91191 1.774
2455857.91268 1.79
2455857.91346 1.76
2455857.91423 1.758
2455857.91501 1.772
2455857.91578 1.811
2455857.91733 1.796
2455857.9181 1.8
2455857.91888 1.77
2455857.91965 1.775
2455857.92043 1.805
2455857.9212 1.788
2455857.92275 1.815
2455857.92352 1.781
2455857.9243 1.816
2455857.92507 1.82
2455857.92585 1.836
2455857.92662 1.851
2455857.92739 1.8
2455857.92817 1.822
2455857.92895 1.81
2455857.92972 1.809
2455857.93049 1.843
2455857.93204 1.797
2455857.93359 1.834
2455857.93437 1.87
2455857.93514 1.862
2455857.93592 1.86
2455857.93669 1.882
2455857.93747 1.847
2455857.93902 1.862
2455857.93979 1.885
2455857.94057 1.88
2455857.94134 1.875
2455857.94366 1.891
2455857.94676 1.911
2455857.94754 1.894
2455857.94832 1.881
2455857.94909 1.869
2455857.94987 1.93
2455857.95064 1.866
2455857.95141 1.906
2455857.95219 1.873
2455857.95297 1.891
2455857.95374 1.883
2455857.95451 1.889
2455857.95607 1.889
2455857.95684 1.858
2455857.95761 1.893
2455857.95839 1.92
2455857.95994 1.884
2455857.96149 1.904
2455857.96226 1.86
2455857.96304 1.839
