2455855.60551 1.425
2455855.60629 1.429
2455855.60706 1.392
2455855.60784 1.375
2455855.60861 1.405
2455855.60938 1.37
2455855.61016 1.396
2455855.61093 1.377
2455855.61171 1.41
2455855.61326 1.406
2455855.61403 1.425
2455855.61481 1.388
2455855.61558 1.402
2455855.61636 1.385
2455855.61713 1.367
2455855.6179 1.368
2455855.61868 1.362
2455855.61945 1.356
2455855.62023 1.363
2455855.621 1.373
2455855.62178 1.364
2455855.62333 1.346
2455855.6241 1.355
2455855.62488 1.4
2455855.62565 1.395
2455855.62642 1.365
2455855.6272 1.356
2455855.62797 1.376
2455855.62875 1.38
2455855.62952 1.37
2455855.6303 1.374
2455855.63107 1.377
2455855.63185 1.352
2455855.63262 1.386
2455855.6334 1.348
2455855.63495 1.358
2455855.63572 1.322
2455855.6365 1.362
2455855.63727 1.321
2455855.63882 1.366
2455855.6396 1.299
2455855.64114 1.362
2455855.64192 1.338
2455855.64269 1.378
2455855.64347 1.366
2455855.64424 1.363
2455855.64502 1.349
2455855.64579 1.357
2455855.64657 1.34
2455855.64734 1.347
2455855.64811 1.374
2455855.64889 1.344
2455855.64966 1.363
2455855.65044 1.362
2455855.65121 1.368
2455855.65199 1.384
2455855.65276 1.403
2455855.65354 1.375
2455855.65431 1.357
2455855.65508 1.368
2455855.65586 1.372
2455855.65663 1.364
2455855.65741 1.404
2455855.65818 1.352
2455855.65896 1.35
2455855.65973 1.379
2455855.6605 1.433
2455855.66128 1.412
2455855.66205 1.369
2455855.66283 1.403
2455855.6636 1.375
2455855.66438 1.414
2455855.66515 1.415
2455855.66593 1.388
2455855.6667 1.382
2455855.66748 1.385
2455855.66825 1.393
2455855.66902 1.387
2455855.6698 1.37
2455855.67135 1.384
2455855.67213 1.391
2455855.6729 1.353
2455855.67368 1.393
2455855.67445 1.371
2455855.67522 1.371
2455855.676 1.381
2455855.67678 1.321
2455855.67755 1.362
2455855.67833 1.371
2455855.6791 1.338
2455855.67988 1.352
2455855.68065 1.354
2455855.68142 1.337
2455855.6822 1.346
2455855.68297 1.304
2455855.68375 1.325
2455855.68452 1.336
2455855.6853 1.334
2455855.68607 1.338
2455855.68685 1.308
2455855.68762 1.336
2455855.6884 1.333
2455855.68917 1.313
2455855.68994 1.303
2455855.69072 1.303
2455855.69304 1.296
2455855.69382 1.315
2455855.69459 1.323
2455855.69537 1.299
2455855.69614 1.275
2455855.69691 1.307
2455855.69769 1.3
2455855.69846 1.303
2455855.69924 1.308
2455855.70001 1.333
2455855.70079 1.283
2455855.70156 1.296
2455855.70234 1.341
2455855.70311 1.318
2455855.70389 1.333
2455855.70466 1.336
2455855.70621 1.305
2455855.70699 1.327
2455855.70776 1.323
2455855.70854 1.313
2455855.70931 1.342
2455855.71008 1.342
2455855.71086 1.349
2455855.71163 1.338
2455855.71241 1.332
2455855.71318 1.316
2455855.71396 1.308
2455855.71473 1.358
2455855.71551 1.36
2455855.71628 1.341
2455855.71706 1.372
2455855.71783 1.365
2455855.71861 1.388
2455855.71938 1.351
2455855.72016 1.36
2455855.72093 1.416
2455855.7217 1.336
2455855.72248 1.393
2455855.72325 1.368
2455855.72403 1.406
2455855.7248 1.391
2455855.72558 1.403
2455855.72635 1.417
2455855.72713 1.422
2455855.7279 1.408
2455855.72868 1.383
2455855.72945 1.398
2455855.73022 1.437
2455855.731 1.402
2455855.73177 1.402
2455855.73255 1.409
2455855.73332 1.42
2455855.7341 1.389
2455855.73487 1.417
2455855.73564 1.41
2455855.73642 1.424
2455855.73719 1.408
2455855.73797 1.418
2455855.73874 1.405
2455855.74029 1.372
2455855.74107 1.397
2455855.74184 1.393
2455855.74262 1.4
2455855.74339 1.4
2455855.74417 1.387
2455855.74494 1.395
2455855.74571 1.392
2455855.74649 1.384
2455855.74726 1.401
2455855.74804 1.388
2455855.74881 1.378
2455855.74959 1.351
2455855.75036 1.375
2455855.75114 1.348
2455855.75191 1.357
2455855.75269 1.378
2455855.75346 1.347
2455855.75424 1.357
2455855.75501 1.349
2455855.75578 1.367
2455855.75656 1.326
2455855.75733 1.319
2455855.75811 1.321
2455855.75888 1.348
2455855.75966 1.319
2455855.76043 1.337
2455855.76121 1.336
2455855.76198 1.344
2455855.76275 1.333
2455855.76353 1.331
2455855.76431 1.348
2455855.76508 1.33
2455855.76585 1.329
2455855.76663 1.328
2455855.7674 1.352
2455855.76818 1.323
2455855.76895 1.33
2455855.76973 1.329
2455855.7705 1.353
2455855.77128 1.32
2455855.77205 1.341
2455855.7736 1.346
2455855.77437 1.335
2455855.77515 1.347
2455855.77592 1.363
2455855.77669 1.383
2455855.77747 1.366
2455855.77825 1.367
2455855.77902 1.356
2455855.77979 1.353
2455855.78057 1.375
2455855.78134 1.377
2455855.78212 1.366
2455855.78289 1.358
2455855.78367 1.366
2455855.78444 1.361
2455855.78522 1.364
2455855.78599 1.354
2455855.78676 1.364
2455855.78754 1.37
2455855.78831 1.369
2455855.78909 1.405
2455855.78986 1.388
2455855.79064 1.39
2455855.79141 1.398
2455855.79218 1.381
2455855.79296 1.42
2455855.79373 1.385
2455855.79451 1.424
2455855.79528 1.385
2455855.79606 1.384
2455855.79683 1.359
2455855.7976 1.38
2455855.79838 1.396
2455855.79915 1.405
2455855.79993 1.396
2455855.8007 1.38
2455855.80148 1.381
2455855.80225 1.382
2455855.80302 1.382
2455855.8038 1.393
2455855.80458 1.355
2455855.80535 1.377
2455855.8069 1.389
2455855.80768 1.361
2455855.80845 1.362
2455855.80922 1.366
2455855.81 1.332
2455855.81077 1.357
2455855.81232 1.36
2455855.8131 1.348
2455855.81387 1.341
2455855.81465 1.349
2455855.81542 1.31
2455855.8162 1.319
2455855.81697 1.327
2455855.81774 1.318
2455855.81852 1.314
2455855.81929 1.313
2455855.82007 1.321
2455855.82084 1.321
2455855.82162 1.293
2455855.82239 1.292
2455855.82316 1.301
2455855.82394 1.294
2455855.82472 1.297
2455855.82549 1.303
2455855.82627 1.304
2455855.82704 1.292
2455855.82782 1.29
2455855.82859 1.31
2455855.82937 1.322
2455855.83014 1.315
2455855.83091 1.303
2455855.83169 1.308
2455855.83246 1.301
2455855.83324 1.299
2455855.83401 1.313
2455855.83478 1.322
2455855.83633 1.343
2455855.83711 1.317
2455855.83788 1.319
2455855.83866 1.331
2455855.84021 1.318
2455855.84098 1.333
2455855.84176 1.323
2455855.84253 1.333
2455855.84331 1.333
2455855.84408 1.335
2455855.84563 1.332
2455855.84641 1.338
2455855.84718 1.373
2455855.84796 1.348
2455855.84873 1.31
2455855.84951 1.351
2455855.85028 1.372
2455855.85105 1.382
2455855.85183 1.373
2455855.8526 1.388
2455855.85338 1.377
2455855.85415 1.391
2455855.85492 1.378
2455855.8557 1.426
2455855.85647 1.413
2455855.85725 1.397
2455855.85802 1.403
2455855.8588 1.373
2455855.85957 1.424
2455855.86035 1.376
2455855.86112 1.425
2455855.8619 1.442
2455855.86267 1.396
2455855.86344 1.359
2455855.86422 1.411
2455855.865 1.393
2455855.86577 1.415
2455855.86654 1.407
2455855.86732 1.361
2455855.86809 1.392
2455855.86886 1.406
2455855.86964 1.365
2455855.87041 1.388
2455855.87119 1.345
2455855.87197 1.394
2455855.87352 1.41
2455855.87429 1.402
2455855.87507 1.379
2455855.87584 1.392
2455855.87661 1.342
2455855.87739 1.363
2455855.87894 1.363
2455855.87971 1.375
2455855.88049 1.342
2455855.88126 1.365
2455855.88204 1.32
2455855.88281 1.35
2455855.88436 1.339
2455855.88514 1.379
2455855.88591 1.345
2455855.88668 1.337
2455855.88746 1.343
2455855.88823 1.334
2455855.88978 1.323
2455855.89056 1.33
2455855.89133 1.344
2455855.89211 1.329
2455855.89365 1.304
2455855.8952 1.337
2455855.89598 1.335
2455855.89675 1.334
2455855.89753 1.332
2455855.8983 1.355
2455855.89908 1.333
2455855.89985 1.354
2455855.90062 1.354
2455855.9014 1.341
2455855.90217 1.338
2455855.90372 1.322
2455855.90449 1.359
2455855.90527 1.356
2455855.90682 1.333
2455855.90759 1.367
2455855.90837 1.345
2455855.90914 1.352
2455855.91224 1.361
2455855.91301 1.353
2455855.91456 1.367
2455855.91534 1.379
2455855.91611 1.372
2455855.91766 1.376
2455855.91843 1.422
2455855.91921 1.376
2455855.91998 1.419
2455855.92076 1.396
2455855.92153 1.384
2455855.92308 1.387
2455855.92385 1.368
2455855.92463 1.417
2455855.9254 1.345
2455855.92618 1.376
2455855.92695 1.416
2455855.92772 1.371
2455855.9316 1.418
2455855.93392 1.435
2455855.9347 1.39
2455855.93547 1.369
2455855.93702 1.415
2455855.9378 1.352
2455855.93857 1.387
2455855.94012 1.358
2455855.9409 1.374
2455855.94167 1.353
2455855.94322 1.357
2455855.94399 1.323
2455855.94555 1.334
2455855.94632 1.341
2455855.94709 1.298
2455855.94787 1.299
2455855.94864 1.305
2455855.95097 1.328
2455855.95174 1.296
2455855.95252 1.324
2455855.95329 1.304
2455855.95484 1.33
2455855.95562 1.353
2455855.95639 1.298
2455855.95949 1.308
2455855.96104 1.334
2455855.96181 1.308
2455855.96259 1.331
2455855.96414 1.339
2455855.96491 1.333
2455855.96646 1.346
2455855.96724 1.347
2455855.96956 1.321
2455855.97033 1.347
2455855.97111 1.323
2455855.97188 1.373
