2456648.68502 15.013
2456648.68662 14.986
2456648.68819 14.941
2456648.68978 14.931
2456648.69137 14.911
2456648.69295 14.9
2456648.69453 14.87
2456648.69612 14.86
2456648.69772 14.862
2456648.6993 14.872
2456648.70087 14.848
2456648.70246 14.837
2456648.70405 14.846
2456648.70564 14.844
2456648.70723 14.829
2456648.70881 14.84
2456648.7104 14.859
2456648.71198 14.857
2456648.71357 14.859
2456648.71515 14.893
2456648.71911 14.949
2456648.7207 14.97
2456648.72229 15.016
2456648.72387 15.042
2456648.72546 15.08
2456648.72704 15.104
2456648.72863 15.137
2456648.73021 15.139
2456648.7318 15.177
2456648.73338 15.192
2456648.73496 15.193
2456648.73655 15.242
2456648.73813 15.245
2456648.73971 15.266
2456648.7413 15.309
2456648.74288 15.328
2456648.74448 15.34
2456648.74606 15.344
2456648.74765 15.354
2456648.74923 15.372
2456648.75401 15.359
2456648.7556 15.32
2456648.75718 15.299
2456648.75877 15.302
2456648.76035 15.27
2456648.76193 15.259
2456648.76352 15.23
2456648.7651 15.192
2456648.76668 15.167
2456648.76827 15.116
2456648.76985 15.095
2456648.77143 15.081
2456648.77301 15.055
2456648.7746 15.009
2456648.77617 14.978
2456648.77776 14.952
2456648.77934 14.933
2456648.78091 14.902
2456648.7825 14.867
2456648.78409 14.862
2456648.78804 14.862
2456648.78963 14.854
2456648.79121 14.849
2456648.79279 14.861
2456648.79438 14.854
2456648.79597 14.847
2456648.79756 14.868
2456648.79914 14.883
2456648.80071 14.899
2456648.8023 14.929
2456648.80388 14.927
2456648.80545 14.944
2456648.80705 14.967
2456648.80863 14.985
2456648.81021 15.004
2456648.81179 15.028
2456648.81339 15.041
2456648.81498 15.063
2456648.81656 15.073
2456648.81815 15.069
2456648.84282 15.246
2456648.8444 15.241
2456648.84599 15.223
2456648.84758 15.208
2456648.84916 15.169
2456648.85075 15.148
2456648.85233 15.126
2456648.85392 15.077
2456648.85788 15.046
2456648.85946 15.005
2456648.86104 14.977
2456648.86262 14.959
2456648.86421 14.943
2456648.86579 14.931
2456648.86736 14.89
2456648.86897 14.884
2456648.87054 14.859
2456648.87213 14.861
2456648.87371 14.839
2456648.87529 14.838
2456648.87688 14.827
2456648.87846 14.819
2456648.88004 14.844
2456648.88163 14.835
2456648.88321 14.844
2456648.8848 14.853
2456648.88639 14.869
2456648.88797 14.873
2456648.8932 14.955
2456648.89479 15.002
2456648.89637 15.01
2456648.89797 15.044
2456648.89955 15.075
2456648.90113 15.121
2456648.90272 15.129
2456648.9043 15.168
2456648.90588 15.173
2456648.90747 15.183
2456648.90905 15.209
2456648.91064 15.218
2456648.91222 15.257
2456648.9138 15.297
2456648.9154 15.299
2456648.91698 15.315
2456648.91856 15.318
2456648.92015 15.342
2456648.92332 15.351
2456648.92696 15.322
2456648.92855 15.309
2456648.93013 15.325
2456648.93172 15.313
2456648.93331 15.277
2456648.93489 15.258
2456648.93649 15.216
2456648.93807 15.196
2456648.93965 15.143
2456648.94123 15.123
2456648.94281 15.082
2456648.9444 15.082
2456648.94598 15.057
2456648.94756 15.02
2456648.94915 15.011
2456648.95073 14.977
2456648.95231 14.944
2456648.9539 14.913
2456648.95548 14.928
2456648.95706 14.891
2456648.96378 14.828
2456648.96536 14.821
2456648.96694 14.847
2456648.96852 14.816
2456648.97012 14.834
2456648.97169 14.824
2456648.97328 14.862
2456648.97487 14.867
2456648.97646 14.902
2456648.97805 14.922
2456648.97962 14.947
2456648.99783 15.242
2456648.99941 15.264
2456649.00099 15.273
2456649.00257 15.31
2456649.00415 15.338
2456649.00574 15.317
2456649.00732 15.346
2456649.0089 15.341
2456649.01048 15.32
2456649.01206 15.328
2456649.01364 15.311
2456649.01523 15.305
2456649.0168 15.286
2456649.0184 15.234
2456649.01998 15.218
2456649.02157 15.18
2456649.02315 15.15
2456649.02473 15.114
2456649.02632 15.093
2456649.0279 15.08
2456649.03344 14.977
2456649.03503 14.902
2456649.03661 14.913
2456649.0382 14.887
2456649.03978 14.881
2456649.04136 14.865
2456649.04453 14.849
2456649.04611 14.871
2456649.0477 14.843
2456649.04928 14.851
2456649.05086 14.865
2456649.05244 14.867
2456649.05402 14.857
2456649.0556 14.851
2456649.05718 14.845
2456649.05876 14.862
2456649.06033 14.892
