2456202.57303 16.609
2456202.57597 16.652
2456202.5789 16.576
2456202.58184 16.557
2456202.58476 16.522
2456202.5877 16.518
2456202.59064 16.516
2456202.59357 16.452
2456202.5965 16.43
2456202.59944 16.426
2456202.60672 16.333
2456202.60965 16.317
2456202.61259 16.323
2456202.61552 16.306
2456202.62725 16.375
2456202.63019 16.417
2456202.63313 16.481
2456202.65249 16.602
2456202.65543 16.608
2456202.65836 16.598
2456202.6613 16.588
2456202.66424 16.557
2456202.66717 16.51
2456202.6745 16.451
2456202.67742 16.435
2456202.68035 16.428
2456202.68328 16.38
2456202.68621 16.354
2456202.68914 16.364
2456202.69207 16.359
2456202.695 16.387
2456202.70087 16.412
2456202.70929 16.538
2456202.71221 16.603
2456202.71515 16.628
2456202.71808 16.675
2456202.721 16.679
2456202.72394 16.652
2456202.72687 16.638
2456202.7298 16.601
2456202.73273 16.599
2456202.73566 16.568
2456202.74258 16.48
2456202.74551 16.462
2456202.75724 16.339
2456202.76018 16.327
2456202.77898 16.372
2456202.78192 16.433
2456202.78486 16.455
2456202.79073 16.54
2456202.79367 16.566
2456202.7966 16.56
2456202.79953 16.647
2456202.80247 16.61
2456202.81814 16.547
2456202.89447 16.441
2456202.89741 16.394
2456202.90034 16.36
2456202.90329 16.323
2456202.91354 16.254
2456202.91939 16.276
2456202.92232 16.337
2456202.92526 16.379
2456202.92818 16.352
2456202.93111 16.433
2456202.93405 16.495
2456202.93699 16.485
