2456192.58249 16.259
2456192.58542 16.311
2456192.58838 16.32
2456192.59132 16.377
2456192.59425 16.465
2456192.59719 16.503
2456192.60013 16.509
2456192.60308 16.537
2456192.60602 16.526
2456192.60896 16.551
2456192.61661 16.523
2456192.61954 16.523
2456192.62249 16.461
2456192.62544 16.461
2456192.62838 16.429
2456192.63132 16.412
2456192.63425 16.41
2456192.6372 16.375
2456192.64307 16.358
2456192.65248 16.324
2456192.65541 16.333
2456192.65835 16.361
2456192.66128 16.378
2456192.66421 16.411
2456192.66714 16.456
2456192.67007 16.503
2456192.673 16.54
2456192.67594 16.575
2456192.67886 16.591
2456192.68633 16.546
2456192.68926 16.504
2456192.69219 16.49
2456192.69512 16.462
2456192.69808 16.441
2456192.701 16.416
2456192.70394 16.371
2456192.70687 16.354
2456192.70979 16.304
2456192.71273 16.294
2456192.73282 16.291
2456192.73575 16.343
2456192.73868 16.368
2456192.74161 16.432
2456192.74453 16.468
2456192.74746 16.489
2456192.75039 16.532
2456192.75333 16.508
2456192.75626 16.525
2456192.75919 16.564
2456192.7728 16.447
2456192.77573 16.43
2456192.77866 16.443
2456192.78159 16.418
2456192.78453 16.395
2456192.78746 16.375
2456192.79332 16.339
2456192.80092 16.34
2456192.80385 16.37
2456192.80972 16.386
2456192.81559 16.447
2456192.81853 16.504
2456192.82146 16.557
2456192.82439 16.589
2456192.82733 16.608
2456192.83487 16.559
2456192.8378 16.509
2456192.84074 16.518
2456192.84367 16.462
2456192.8466 16.459
2456192.84954 16.422
2456192.85249 16.4
2456192.85542 16.373
2456192.85836 16.333
2456192.8613 16.311
2456192.86865 16.23
2456192.87158 16.233
2456192.87452 16.255
2456192.87745 16.272
2456192.88039 16.295
2456192.88332 16.335
2456192.88627 16.379
2456192.8892 16.439
2456192.89214 16.449
2456192.89507 16.497
2456192.90247 16.537
2456192.9054 16.58
2456192.90833 16.565
2456192.91128 16.554
2456192.9142 16.517
