2454509.57139 1.737
2454509.57451 1.706
2454509.57763 1.712
2454509.58075 1.707
2454509.58388 1.707
2454509.59791 1.76
2454509.60415 1.736
2454509.60726 1.745
2454509.61037 1.74
2454509.61348 1.754
2454509.6166 1.743
2454509.62284 1.699
2454509.62597 1.693
2454509.63373 1.706
2454509.63686 1.693
2454509.6431 1.669
2454509.64623 1.652
2454509.64935 1.661
2454509.65245 1.66
2454509.65555 1.654
2454509.65866 1.667
2454509.6633 1.643
2454509.6664 1.625
2454509.6695 1.615
2454509.67574 1.63
2454509.67886 1.617
2454509.68198 1.678
2454509.68508 1.696
2454509.68819 1.678
2454509.6913 1.695
2454509.69566 1.706
2454509.69878 1.727
2454509.70189 1.738
2454509.70502 1.763
2454509.70814 1.714
2454509.71124 1.725
2454509.71747 1.735
2454509.72059 1.737
2454509.7237 1.724
2454509.7283 1.725
2454509.76381 1.789
2454509.76694 1.803
2454509.77004 1.751
2454509.77316 1.742
2454509.77628 1.717
2454509.7794 1.756
2454509.78874 1.717
2454509.80237 1.667
2454509.80549 1.655
2454509.81172 1.609
2454509.81484 1.621
2454509.82107 1.619
2454509.83519 1.682
2454509.83833 1.68
2454509.84144 1.755
2454509.84769 1.782
2454509.85082 1.731
2454509.85393 1.768
2454509.86132 1.739
2454509.86443 1.694
2454509.86755 1.73
2454509.87067 1.715
