2456208.57507 16.495
2456208.57801 16.472
2456208.58095 16.473
2456208.58388 16.455
2456208.58683 16.411
2456208.58977 16.408
2456208.5927 16.406
2456208.59564 16.396
2456208.59859 16.393
2456208.60153 16.386
2456208.61078 16.44
2456208.61372 16.492
2456208.61666 16.521
2456208.6196 16.578
2456208.62254 16.615
2456208.62548 16.62
2456208.62841 16.606
2456208.63136 16.584
2456208.6343 16.54
2456208.63724 16.562
2456208.64441 16.52
2456208.64737 16.482
2456208.65032 16.458
2456208.65326 16.394
2456208.65619 16.325
2456208.65913 16.306
2456208.66206 16.272
2456208.66794 16.242
2456208.67087 16.225
2456208.70085 16.514
2456208.72659 16.499
2456208.73246 16.454
2456208.7354 16.402
2456208.73834 16.424
2456208.74127 16.407
2456208.7442 16.39
2456208.74714 16.409
2456208.75008 16.402
2456208.75301 16.398
2456208.761 16.523
2456208.76394 16.589
2456208.76687 16.599
2456208.7698 16.647
2456208.77273 16.69
2456208.77568 16.689
2456208.77862 16.598
2456208.78155 16.584
2456208.78449 16.545
2456208.78742 16.506
2456208.79503 16.461
2456208.79797 16.466
2456208.80091 16.385
2456208.80384 16.363
2456208.80677 16.283
2456208.8097 16.297
2456208.81265 16.259
2456208.81558 16.268
2456208.81851 16.242
2456208.82145 16.207
2456208.82986 16.329
2456208.83279 16.352
2456208.83573 16.411
2456208.83866 16.454
2456208.84159 16.507
2456208.84453 16.508
2456208.84747 16.514
2456208.8504 16.535
2456208.85333 16.562
2456208.85627 16.564
2456208.8649 16.57
2456208.86783 16.573
2456208.87076 16.524
2456208.87369 16.509
2456208.87663 16.501
2456208.87956 16.506
2456208.88249 16.457
2456208.88543 16.426
2456208.88837 16.438
2456208.8913 16.423
2456208.90621 16.473
2456208.90913 16.529
2456208.91207 16.615
2456208.91502 16.62
2456208.91795 16.642
