2453343.54423 2.251
2453343.54955 2.246
2453343.55221 2.27
2453343.55488 2.321
2453343.55754 2.376
2453343.5602 2.445
2453343.56286 2.414
2453343.56552 2.4
2453343.56819 2.399
2453343.57086 2.411
2453343.5762 2.408
2453343.57886 2.387
2453343.58153 2.394
2453343.58782 2.338
2453343.60382 2.374
2453343.63145 2.382
2453343.63412 2.382
2453343.63678 2.401
2453343.67546 2.303
2453343.67812 2.327
2453343.68079 2.332
2453343.72408 2.338
2453343.72941 2.369
2453343.76769 2.325
2453343.77036 2.324
2453343.77302 2.413
2453343.77835 2.333
2453343.80856 2.298
2453343.81655 2.288
2453343.81921 2.291
2453343.82188 2.352
2453343.82455 2.335
2453343.82987 2.333
2453343.8352 2.299
2453343.83786 2.318
2453343.84318 2.348
2453343.84584 2.305
2453343.85476 2.268
2453343.86009 2.329
2453343.86275 2.333
2453343.86541 2.285
2453343.87074 2.298
2453343.8734 2.34
2453343.87606 2.354
2453343.87872 2.34
2453343.9605 2.39
2453343.96316 2.371
2453343.96582 2.375
2453343.96848 2.338
