2455928.63432 1.79
2455928.6351 1.785
2455928.63742 1.769
2455928.63897 1.819
2455928.64207 1.787
2455928.64284 1.84
2455928.64361 1.818
2455928.64516 1.806
2455928.64594 1.845
2455928.64671 1.825
2455928.64748 1.82
2455928.64826 1.812
2455928.64903 1.77
2455928.64981 1.776
2455928.65058 1.809
2455928.65136 1.807
2455928.65213 1.813
2455928.6529 1.8
2455928.65368 1.816
2455928.65445 1.768
2455928.65522 1.75
2455928.656 1.784
2455928.65677 1.78
2455928.65755 1.768
2455928.65832 1.785
2455928.6591 1.811
2455928.65987 1.776
2455928.66064 1.768
2455928.66219 1.763
2455928.66297 1.794
2455928.66374 1.787
2455928.66452 1.792
2455928.66607 1.763
2455928.66684 1.783
2455928.66761 1.805
2455928.66916 1.76
2455928.66994 1.794
2455928.67071 1.803
2455928.67149 1.781
2455928.67226 1.797
2455928.67304 1.806
2455928.67459 1.804
2455928.67613 1.811
2455928.67691 1.796
2455928.67768 1.787
2455928.67846 1.804
2455928.67923 1.806
2455928.68001 1.793
2455928.68078 1.797
2455928.68156 1.767
2455928.68233 1.767
2455928.6831 1.742
2455928.68388 1.792
2455928.68465 1.764
2455928.68543 1.764
2455928.6862 1.781
2455928.68697 1.777
2455928.68775 1.748
2455928.68852 1.764
2455928.6893 1.754
2455928.69007 1.786
2455928.69085 1.761
2455928.69162 1.793
2455928.69394 1.776
2455928.69472 1.794
2455928.69549 1.8
2455928.69627 1.793
2455928.69704 1.818
2455928.69782 1.802
2455928.69859 1.796
2455928.69937 1.826
2455928.70014 1.81
2455928.70092 1.824
2455928.70169 1.839
2455928.70247 1.828
2455928.70324 1.829
2455928.70401 1.859
2455928.70479 1.841
2455928.70556 1.833
2455928.70634 1.811
2455928.70711 1.818
2455928.70789 1.84
2455928.70866 1.812
2455928.70944 1.806
2455928.71021 1.806
2455928.71098 1.811
2455928.71176 1.827
2455928.71253 1.82
2455928.71331 1.849
2455928.71408 1.827
2455928.71486 1.81
2455928.71563 1.825
2455928.71641 1.82
2455928.71718 1.812
2455928.71873 1.77
2455928.71951 1.805
2455928.72028 1.786
2455928.72183 1.814
2455928.72261 1.786
2455928.75437 1.759
2455928.75669 1.808
2455928.75747 1.78
2455928.75824 1.799
2455928.75901 1.792
2455928.75979 1.779
2455928.76056 1.803
2455928.76134 1.81
2455928.76211 1.82
2455928.76289 1.787
2455928.76366 1.794
2455928.76443 1.807
2455928.76521 1.814
2455928.76598 1.819
2455928.76676 1.815
2455928.76753 1.836
2455928.7683 1.836
2455928.76908 1.843
2455928.76985 1.836
2455928.77063 1.837
2455928.7714 1.828
2455928.77218 1.832
2455928.77295 1.807
2455928.77372 1.834
2455928.7745 1.827
2455928.77527 1.838
2455928.77605 1.804
2455928.77683 1.826
2455928.7776 1.802
2455928.77837 1.81
2455928.77915 1.807
2455928.77992 1.796
2455928.7807 1.78
2455928.78147 1.79
2455928.78224 1.799
2455928.78302 1.792
2455928.78379 1.812
2455928.78457 1.84
2455928.78534 1.791
2455928.78612 1.784
2455928.78689 1.781
2455928.78767 1.815
2455928.78844 1.798
2455928.78922 1.811
2455928.78999 1.78
2455928.79077 1.795
2455928.79154 1.79
2455928.79232 1.81
2455928.79309 1.807
2455928.79387 1.809
2455928.79464 1.795
2455928.79541 1.809
2455928.79619 1.79
2455928.79696 1.79
2455928.79774 1.825
2455928.79851 1.755
2455928.79929 1.773
2455928.80006 1.771
2455928.80084 1.777
2455928.80161 1.761
2455928.80238 1.775
2455928.80316 1.747
2455928.80471 1.762
2455928.80548 1.768
2455928.80626 1.795
2455928.80703 1.76
2455928.8078 1.777
2455928.80858 1.795
2455928.80935 1.78
2455928.81091 1.781
2455928.81168 1.787
2455928.81323 1.79
2455928.83337 1.76
2455928.83415 1.754
2455928.83492 1.765
2455928.8357 1.758
2455928.83647 1.777
2455928.83725 1.776
2455928.83802 1.782
2455928.8388 1.776
2455928.83957 1.759
2455928.84034 1.779
2455928.84189 1.76
2455928.84267 1.816
2455928.84344 1.78
2455928.84421 1.795
2455928.84499 1.796
2455928.84576 1.833
2455928.84654 1.833
2455928.84731 1.827
2455928.84808 1.855
2455928.84886 1.832
2455928.84963 1.827
2455928.85041 1.814
2455928.85118 1.833
2455928.85196 1.823
2455928.85273 1.821
2455928.85351 1.821
2455928.85428 1.832
2455928.85505 1.849
2455928.85583 1.836
2455928.8566 1.831
2455928.85738 1.831
2455928.85815 1.834
2455928.85893 1.823
2455928.8597 1.826
2455928.86047 1.796
2455928.86125 1.814
2455928.86202 1.826
2455928.8628 1.819
2455928.86357 1.802
2455928.86435 1.803
2455928.86512 1.784
2455928.8659 1.783
2455928.86667 1.775
2455928.86745 1.814
2455928.86822 1.803
2455928.86899 1.772
2455928.86977 1.787
2455928.87054 1.785
2455928.87209 1.785
2455928.87287 1.77
2455928.87364 1.744
2455928.87442 1.756
2455928.87597 1.763
2455928.87674 1.756
2455928.87752 1.726
2455928.87829 1.772
2455928.87906 1.764
2455928.87984 1.764
2455928.88061 1.751
2455928.88139 1.74
2455928.88216 1.756
2455928.88293 1.746
2455928.88371 1.752
2455928.88448 1.741
2455928.88526 1.739
2455928.88603 1.751
2455928.88681 1.73
2455928.88758 1.76
2455928.88836 1.739
2455928.88913 1.748
2455928.8899 1.752
2455928.89068 1.75
2455928.89145 1.782
2455928.89223 1.756
2455928.893 1.756
2455928.89378 1.767
2455928.89455 1.801
2455928.89533 1.785
2455928.8961 1.758
2455928.89688 1.76
2455928.89765 1.777
2455928.89842 1.784
2455928.8992 1.784
2455928.89997 1.76
2455928.90075 1.795
2455928.90152 1.773
2455928.9023 1.783
2455928.90307 1.782
2455928.90384 1.793
2455928.90462 1.805
2455928.90539 1.786
2455928.90617 1.797
2455928.90694 1.792
2455928.90771 1.814
2455928.90849 1.809
2455928.90926 1.826
2455928.91004 1.821
2455928.91081 1.812
2455928.91159 1.839
2455928.91236 1.855
2455928.91313 1.844
2455928.91391 1.821
2455928.91468 1.835
2455928.91546 1.826
2455928.91623 1.843
2455928.91701 1.823
2455928.91779 1.808
2455928.91856 1.807
2455928.91933 1.8
2455928.92011 1.797
2455928.92088 1.796
2455928.92166 1.807
2455928.92243 1.822
2455928.92321 1.797
2455928.92398 1.796
2455928.92476 1.799
2455928.92553 1.819
2455928.92631 1.791
2455928.92708 1.786
2455928.92786 1.788
2455928.92863 1.804
2455928.9294 1.814
2455928.93018 1.812
2455928.93096 1.819
2455928.93173 1.819
2455928.9325 1.806
2455928.93328 1.844
2455928.93405 1.829
2455928.93483 1.824
2455928.9356 1.827
2455928.93637 1.827
2455928.93715 1.829
2455928.93793 1.811
2455928.9387 1.808
2455928.93948 1.805
2455928.94025 1.805
2455928.94103 1.786
2455928.9418 1.795
2455928.94257 1.793
2455928.94335 1.782
2455928.94412 1.767
2455928.9449 1.772
2455928.94567 1.791
2455928.94645 1.744
2455928.94722 1.786
2455928.94799 1.774
2455928.94877 1.786
2455928.94954 1.773
2455928.95032 1.761
2455928.95109 1.775
2455928.95187 1.762
2455928.95264 1.756
2455928.95342 1.774
2455928.95419 1.774
2455928.95497 1.773
2455928.95574 1.771
2455928.95651 1.787
2455928.95729 1.772
2455928.95807 1.77
2455928.95884 1.794
2455928.95961 1.78
2455928.96039 1.81
2455928.96116 1.797
2455928.96194 1.792
2455928.96271 1.784
2455928.96348 1.792
2455928.96426 1.814
2455928.96581 1.796
2455928.96658 1.805
2455928.96736 1.792
2455928.96813 1.784
2455928.96891 1.783
2455928.96968 1.77
2455928.97045 1.785
2455928.97123 1.76
2455928.97201 1.776
2455928.97278 1.774
2455928.97356 1.767
2455928.97433 1.794
2455928.9751 1.766
2455928.97588 1.779
2455928.97665 1.764
2455928.97743 1.748
2455928.9782 1.75
2455928.97898 1.774
2455928.97975 1.779
2455928.98053 1.782
2455928.9813 1.813
2455928.98207 1.784
2455928.98285 1.795
2455928.98362 1.788
2455928.9844 1.818
2455928.98517 1.801
2455928.98595 1.81
2455928.98672 1.809
2455928.98749 1.793
2455928.98827 1.816
2455928.98904 1.823
2455928.98982 1.807
2455928.99059 1.813
2455928.99137 1.818
2455928.99214 1.859
2455928.99292 1.81
2455928.99369 1.816
2455928.99446 1.814
2455928.99524 1.827
2455928.99601 1.832
2455928.99679 1.844
2455928.99911 1.841
2455928.99989 1.838
2455929.00066 1.864
2455929.00143 1.816
2455929.00221 1.835
2455929.00298 1.855
2455929.00376 1.823
2455929.00453 1.827
2455929.00531 1.836
2455929.00608 1.817
2455929.00685 1.795
2455929.00763 1.834
2455929.0084 1.814
2455929.00918 1.803
2455929.00995 1.812
2455929.01073 1.827
2455929.01151 1.799
2455929.01228 1.786
2455929.01305 1.803
2455929.01383 1.8
2455929.0146 1.799
2455929.01538 1.793
2455929.01693 1.784
2455929.0177 1.765
2455929.01848 1.782
2455929.01925 1.768
2455929.0208 1.763
2455929.02157 1.744
2455929.02235 1.751
2455929.02312 1.767
2455929.0239 1.746
2455929.02467 1.763
2455929.02622 1.735
2455929.027 1.757
2455929.02854 1.754
2455929.02932 1.718
2455929.03009 1.728
2455929.03087 1.766
2455929.03164 1.741
2455929.03242 1.725
2455929.03319 1.725
2455929.03397 1.78
2455929.03474 1.719
2455929.03552 1.745
2455929.03629 1.737
2455929.03706 1.749
2455929.03784 1.733
2455929.03862 1.775
2455929.03939 1.749
2455929.04016 1.798
2455929.04094 1.752
2455929.04171 1.763
2455929.04249 1.808
2455929.04404 1.771
2455929.04481 1.813
2455929.04559 1.778
2455929.04636 1.773
2455929.04868 1.802
2455929.04946 1.823
2455929.05101 1.811
