2455923.64518 2.418
2455923.64673 2.395
2455923.64828 2.417
2455923.64905 2.454
2455923.6506 2.436
2455923.65137 2.413
2455923.65215 2.419
2455923.65369 2.445
2455923.65602 2.412
2455923.65679 2.416
2455923.65756 2.429
2455923.65834 2.405
2455923.65989 2.418
2455923.66066 2.414
2455923.66144 2.407
2455923.66221 2.407
2455923.66299 2.42
2455923.66453 2.381
2455923.66531 2.395
2455923.66608 2.423
2455923.66686 2.371
2455923.66763 2.373
2455923.66841 2.388
2455923.66918 2.427
2455923.66996 2.417
2455923.6715 2.403
2455923.67305 2.39
2455923.6746 2.355
2455923.67537 2.353
2455923.67615 2.363
2455923.67692 2.334
2455923.67847 2.352
2455923.67924 2.365
2455923.68002 2.365
2455923.68079 2.357
2455923.68156 2.356
2455923.68234 2.314
2455923.68311 2.341
2455923.68389 2.348
2455923.68466 2.36
2455923.68776 2.329
2455923.68853 2.374
2455923.69008 2.338
2455923.69086 2.342
2455923.69163 2.36
2455923.6924 2.359
2455923.69318 2.364
2455923.69395 2.364
2455923.69472 2.318
2455923.6955 2.35
2455923.69627 2.339
2455923.69705 2.385
2455923.69782 2.39
2455923.69859 2.393
2455923.69937 2.353
2455923.70014 2.373
2455923.70092 2.365
2455923.70247 2.416
2455923.70324 2.408
2455923.70401 2.39
2455923.70479 2.354
2455923.70556 2.379
2455923.70634 2.405
2455923.70711 2.394
2455923.70788 2.39
2455923.70866 2.385
2455923.70943 2.422
2455923.71021 2.409
2455923.71098 2.396
2455923.71176 2.421
2455923.71253 2.417
2455923.7133 2.407
2455923.71408 2.39
2455923.71485 2.435
2455923.71563 2.427
2455923.7164 2.438
2455923.71717 2.408
2455923.71795 2.42
2455923.71872 2.444
2455923.7195 2.412
2455923.72027 2.429
2455923.72104 2.417
2455923.72259 2.39
2455923.72337 2.418
2455923.72414 2.38
2455923.72491 2.399
2455923.72569 2.407
2455923.72646 2.412
2455923.72724 2.38
2455923.72801 2.379
2455923.72879 2.399
2455923.72957 2.41
2455923.73034 2.392
2455923.73111 2.41
2455923.73189 2.41
2455923.73266 2.405
2455923.73344 2.415
2455923.73421 2.396
2455923.73498 2.382
2455923.73576 2.41
2455923.73654 2.406
2455923.73731 2.402
2455923.73809 2.424
2455923.73886 2.386
2455923.73963 2.429
2455923.74041 2.445
2455923.74118 2.414
2455923.74196 2.38
2455923.74273 2.409
2455923.74351 2.375
2455923.74428 2.385
2455923.74505 2.405
2455923.74583 2.389
2455923.7466 2.383
2455923.74738 2.393
2455923.74815 2.396
2455923.75048 2.357
2455923.75202 2.399
2455923.7528 2.381
2455923.75434 2.343
2455923.75512 2.37
2455923.75667 2.368
2455923.75744 2.416
2455923.75822 2.395
2455923.75899 2.378
2455923.75976 2.403
2455923.76054 2.354
2455923.76131 2.405
2455923.76209 2.398
2455923.76286 2.42
2455923.76364 2.368
2455923.76441 2.368
2455923.76519 2.406
2455923.76596 2.406
2455923.76674 2.362
2455923.76751 2.398
2455923.76828 2.379
2455923.76906 2.372
2455923.76983 2.385
2455923.77061 2.375
2455923.77138 2.386
2455923.77216 2.382
2455923.77293 2.365
2455923.7737 2.377
2455923.77448 2.397
2455923.77525 2.341
2455923.77603 2.352
2455923.7768 2.362
2455923.77758 2.356
2455923.77835 2.368
2455923.77913 2.36
2455923.78068 2.378
2455923.78145 2.369
2455923.78222 2.394
2455923.783 2.339
2455923.78377 2.328
2455923.78455 2.36
2455923.78532 2.353
2455923.7861 2.337
2455923.81398 2.4
2455923.81476 2.371
2455923.81553 2.367
2455923.8163 2.382
2455923.81708 2.38
2455923.81786 2.372
2455923.81863 2.374
2455923.8194 2.35
2455923.82018 2.352
2455923.82095 2.341
2455923.82173 2.327
2455923.8225 2.354
2455923.82328 2.363
2455923.82405 2.334
2455923.82483 2.358
2455923.8256 2.331
2455923.82637 2.317
2455923.82715 2.347
2455923.82792 2.339
2455923.8287 2.324
2455923.82947 2.326
2455923.83102 2.329
2455923.8318 2.335
2455923.83335 2.321
2455923.83412 2.343
2455923.8349 2.328
2455923.83567 2.361
2455923.83645 2.352
2455923.83723 2.371
2455923.838 2.363
2455923.83878 2.366
2455923.83955 2.368
2455923.84032 2.355
2455923.8411 2.351
2455923.84187 2.367
2455923.84265 2.359
2455923.84342 2.387
2455923.8442 2.39
2455923.84497 2.378
2455923.84574 2.358
2455923.84652 2.374
2455923.84729 2.4
2455923.84807 2.393
2455923.84884 2.387
2455923.84962 2.401
2455923.85039 2.399
2455923.85117 2.393
2455923.85194 2.369
2455923.85271 2.383
2455923.85349 2.402
2455923.85426 2.409
2455923.85504 2.369
2455923.85581 2.382
2455923.85658 2.409
2455923.85736 2.414
2455923.85814 2.439
2455923.85891 2.416
2455923.85968 2.437
2455923.86046 2.43
2455923.86123 2.435
2455923.86201 2.416
2455923.86278 2.424
2455923.86355 2.421
2455923.86433 2.391
2455923.8651 2.429
2455923.86588 2.402
2455923.86665 2.407
2455923.86742 2.419
2455923.8682 2.394
2455923.86897 2.394
2455923.86975 2.378
2455923.87052 2.378
2455923.8713 2.412
2455923.87207 2.398
2455923.87285 2.389
2455923.87362 2.394
2455923.8744 2.4
2455923.87517 2.406
2455923.87594 2.406
2455923.87672 2.415
2455923.8775 2.398
2455923.87827 2.394
2455923.87904 2.395
2455923.87982 2.409
2455923.88059 2.399
2455923.88137 2.427
2455923.88214 2.42
2455923.88292 2.39
2455923.88369 2.394
2455923.88447 2.396
2455923.88524 2.409
2455923.88601 2.389
2455923.88679 2.408
2455923.88756 2.42
2455923.88834 2.399
2455923.88911 2.387
2455923.88989 2.396
2455923.89066 2.357
2455923.89144 2.363
2455923.89221 2.378
2455923.89298 2.366
2455923.89376 2.359
2455923.89453 2.368
2455923.89531 2.356
2455923.89608 2.347
2455923.89686 2.349
2455923.89763 2.353
2455923.89841 2.382
2455923.89918 2.378
2455923.89996 2.373
2455923.90073 2.356
2455923.9015 2.355
2455923.90228 2.374
2455923.90305 2.346
2455923.90383 2.371
2455923.9046 2.373
2455923.90538 2.39
2455923.90615 2.388
2455923.90692 2.368
2455923.9077 2.406
2455923.90847 2.404
2455923.90925 2.406
2455923.91002 2.384
2455923.9108 2.399
2455923.91157 2.404
2455923.91234 2.396
2455923.91389 2.402
2455923.91466 2.402
2455923.91544 2.372
2455923.91621 2.413
2455923.91699 2.365
2455923.91776 2.368
2455923.91854 2.334
2455923.91932 2.389
2455923.92009 2.361
2455923.92086 2.344
2455923.92164 2.36
2455923.92241 2.355
2455923.92318 2.363
2455923.92396 2.386
2455923.92474 2.374
2455923.92551 2.358
2455923.92628 2.354
2455923.92706 2.349
2455923.92783 2.356
2455923.92861 2.345
2455923.92938 2.367
2455923.93016 2.401
2455923.93093 2.353
2455923.9317 2.338
2455923.93248 2.375
2455923.93325 2.362
2455923.93403 2.387
2455923.9348 2.388
2455923.93558 2.394
2455923.93635 2.401
2455923.93713 2.393
2455923.93791 2.393
2455923.93868 2.406
2455923.93945 2.441
2455923.94023 2.444
2455923.941 2.44
2455923.94178 2.437
2455923.94255 2.425
2455923.94333 2.424
2455923.9441 2.43
2455923.94565 2.42
2455923.94643 2.418
2455923.9472 2.415
2455923.94798 2.412
2455923.94876 2.438
2455923.94953 2.412
2455923.9503 2.408
2455923.95108 2.427
2455923.95185 2.408
2455923.95263 2.426
2455923.9534 2.4
2455923.95418 2.419
2455923.95495 2.398
2455923.95572 2.405
2455923.9565 2.371
2455923.95727 2.368
2455923.95805 2.36
2455923.95882 2.39
2455923.9596 2.351
2455923.96037 2.397
2455923.96115 2.391
2455923.96192 2.359
2455923.9627 2.344
2455923.96347 2.365
2455923.96425 2.384
2455923.9658 2.337
2455923.96657 2.358
2455923.96735 2.344
2455923.96812 2.344
2455923.9689 2.319
2455923.96967 2.352
2455923.97044 2.36
2455923.97199 2.308
2455923.97432 2.31
2455923.97509 2.324
2455923.97586 2.362
2455923.97742 2.326
2455923.97819 2.341
2455923.97897 2.317
2455923.97974 2.336
2455923.98052 2.318
2455923.98129 2.314
2455923.98206 2.351
2455923.98284 2.338
2455923.98361 2.345
2455923.98439 2.338
2455923.98516 2.356
2455923.98594 2.368
2455923.98748 2.369
2455923.98826 2.351
2455923.98903 2.357
2455923.98981 2.376
2455923.99058 2.36
2455923.99136 2.392
2455923.99213 2.372
2455923.99368 2.352
2455923.99445 2.388
2455923.99523 2.381
2455923.996 2.38
2455923.99678 2.393
2455923.99755 2.351
2455923.99833 2.365
2455923.9991 2.372
2455923.99988 2.371
2455924.00065 2.402
2455924.0022 2.394
2455924.00297 2.39
2455924.00452 2.405
2455924.0053 2.411
2455924.0084 2.385
2455924.00994 2.401
2455924.01149 2.398
2455924.01304 2.362
2455924.01459 2.36
2455924.01614 2.4
2455924.01691 2.352
2455924.01769 2.377
2455924.01846 2.388
2455924.01924 2.41
2455924.02001 2.418
2455924.02079 2.358
2455924.02156 2.406
2455924.02234 2.397
2455924.02311 2.42
2455924.02389 2.364
2455924.02466 2.401
2455924.02544 2.427
2455924.02621 2.427
2455924.02698 2.423
2455924.02776 2.399
2455924.02853 2.438
2455924.03008 2.374
2455924.03086 2.418
2455924.03163 2.414
2455924.03241 2.402
2455924.03318 2.407
2455924.03473 2.37
2455924.0355 2.384
2455924.03705 2.376
2455924.03783 2.366
2455924.03861 2.378
2455924.04016 2.361
2455924.04093 2.345
2455924.0417 2.365
2455924.04248 2.396
2455924.04402 2.386
2455924.0448 2.399
2455924.04558 2.345
2455924.04635 2.356
2455924.04712 2.377
2455924.04945 2.398
2455924.05022 2.374
2455924.051 2.364
