2455920.68399 1.714
2455920.68553 1.708
2455920.68631 1.724
2455920.68709 1.721
2455920.69018 1.696
2455920.69096 1.665
2455920.69173 1.66
2455920.69251 1.68
2455920.69328 1.687
2455920.69483 1.661
2455920.69561 1.688
2455920.69638 1.694
2455920.69715 1.664
2455920.69793 1.669
2455920.6987 1.684
2455920.69948 1.658
2455920.70025 1.654
2455920.70103 1.656
2455920.70181 1.681
2455920.70258 1.686
2455920.70336 1.668
2455920.70491 1.701
2455920.70568 1.67
2455920.70646 1.672
2455920.70723 1.703
2455920.708 1.71
2455920.70878 1.689
2455920.71033 1.701
2455920.7111 1.666
2455920.71188 1.671
2455920.71265 1.662
2455920.71343 1.678
2455920.7142 1.679
2455920.71497 1.667
2455920.71575 1.652
2455920.7173 1.64
2455920.71807 1.652
2455920.71885 1.648
2455920.71962 1.638
2455920.7204 1.688
2455920.72195 1.625
2455920.72272 1.653
2455920.7235 1.647
2455920.72427 1.64
2455920.72505 1.674
2455920.72582 1.663
2455920.72659 1.677
2455920.72737 1.678
2455920.72814 1.673
2455920.72892 1.635
2455920.7297 1.634
2455920.73047 1.678
2455920.73125 1.678
2455920.73202 1.656
2455920.73279 1.642
2455920.73357 1.692
2455920.73434 1.672
2455920.73512 1.679
2455920.73589 1.691
2455920.73667 1.694
2455920.73821 1.65
2455920.73899 1.696
2455920.73976 1.668
2455920.74054 1.645
2455920.74131 1.684
2455920.74209 1.646
2455920.74286 1.625
2455920.74363 1.655
2455920.74441 1.658
2455920.74518 1.637
2455920.74596 1.606
2455920.74673 1.639
2455920.74751 1.605
2455920.74828 1.659
2455920.74906 1.606
2455920.7506 1.637
2455920.75138 1.66
2455920.75215 1.649
2455920.75293 1.661
2455920.7537 1.637
2455920.75448 1.677
2455920.75525 1.659
2455920.75602 1.655
2455920.7568 1.68
2455920.75757 1.653
2455920.75835 1.688
2455920.75912 1.68
2455920.7599 1.708
2455920.76067 1.673
2455920.76145 1.703
2455920.76222 1.708
2455920.763 1.692
2455920.76377 1.689
2455920.76455 1.72
2455920.76532 1.71
2455920.76609 1.713
2455920.76687 1.735
2455920.76842 1.694
2455920.76919 1.711
2455920.76996 1.703
2455920.77074 1.712
2455920.77151 1.697
2455920.77229 1.721
2455920.77306 1.689
2455920.77384 1.705
2455920.77461 1.684
2455920.77539 1.709
2455920.77616 1.705
2455920.77694 1.695
2455920.77771 1.706
2455920.77849 1.698
2455920.77926 1.697
2455920.78004 1.688
2455920.78081 1.695
2455920.78158 1.685
2455920.78236 1.663
2455920.78314 1.659
2455920.78391 1.658
2455920.78469 1.671
2455920.78546 1.653
2455920.78624 1.673
2455920.78701 1.657
2455920.78778 1.659
2455920.78856 1.652
2455920.78933 1.638
2455920.79011 1.613
2455920.79088 1.654
2455920.79165 1.616
2455920.79243 1.616
2455920.7932 1.624
2455920.79398 1.611
2455920.79475 1.64
2455920.79553 1.62
2455920.79631 1.6
2455920.79708 1.652
2455920.79785 1.6
2455920.79863 1.62
2455920.7994 1.618
2455920.80018 1.617
2455920.80095 1.606
2455920.80173 1.606
2455920.80328 1.645
2455920.80406 1.633
2455920.80483 1.632
2455920.80561 1.647
2455920.80638 1.613
2455920.80715 1.637
2455920.80793 1.616
2455920.8087 1.627
2455920.80948 1.66
2455920.81025 1.635
2455920.81103 1.644
2455920.8118 1.635
2455920.81258 1.661
2455920.81335 1.66
2455920.81413 1.655
2455920.8149 1.673
2455920.81568 1.682
2455920.81645 1.663
2455920.81723 1.639
2455920.818 1.7
2455920.81877 1.665
2455920.81955 1.665
2455920.82032 1.678
2455920.8211 1.66
2455920.82265 1.674
2455920.85518 1.658
2455920.85595 1.636
2455920.8575 1.669
2455920.85905 1.688
2455920.8606 1.636
2455920.86137 1.647
2455920.86215 1.645
2455920.86293 1.661
2455920.8637 1.638
2455920.86447 1.651
2455920.86525 1.637
2455920.8668 1.671
2455920.86757 1.657
2455920.86835 1.651
2455920.86912 1.664
2455920.86989 1.647
2455920.87067 1.652
2455920.87144 1.634
2455920.87222 1.666
2455920.87299 1.651
2455920.87376 1.629
2455920.87454 1.681
2455920.87531 1.686
2455920.87609 1.663
2455920.87687 1.669
2455920.87764 1.659
2455920.87842 1.69
2455920.87919 1.668
2455920.87996 1.66
2455920.88074 1.671
2455920.88151 1.654
2455920.88229 1.681
2455920.88306 1.658
2455920.88384 1.672
2455920.88461 1.642
2455920.88539 1.629
2455920.88616 1.637
2455920.88694 1.659
2455920.88771 1.647
2455920.88849 1.638
2455920.88927 1.618
2455920.89004 1.638
2455920.89081 1.64
2455920.89159 1.653
2455920.89236 1.629
2455920.89314 1.628
2455920.89391 1.626
2455920.89468 1.627
2455920.89546 1.644
2455920.89624 1.632
2455920.89701 1.635
2455920.89779 1.623
2455920.89856 1.623
2455920.89934 1.645
2455920.90011 1.619
2455920.90089 1.63
2455920.90166 1.643
2455920.90244 1.657
2455920.90321 1.683
2455920.90399 1.655
2455920.90476 1.659
2455920.90553 1.664
2455920.90631 1.674
2455920.90708 1.677
2455920.90786 1.677
2455920.90863 1.704
2455920.90941 1.704
2455920.91018 1.71
2455920.91095 1.701
2455920.91173 1.714
2455920.9125 1.707
2455920.91328 1.708
2455920.91405 1.715
2455920.91483 1.698
2455920.9156 1.714
2455920.91638 1.708
2455920.91715 1.716
2455920.91793 1.682
2455920.9187 1.721
2455920.91947 1.708
2455920.92025 1.684
2455920.92102 1.692
2455920.9218 1.7
2455920.92257 1.669
2455920.92335 1.667
2455920.92412 1.666
2455920.9249 1.671
2455920.92567 1.652
2455920.92644 1.648
2455920.92722 1.631
2455920.92799 1.66
2455920.92877 1.641
2455920.92954 1.62
2455920.93032 1.648
2455920.93109 1.668
2455920.93186 1.63
2455920.93264 1.676
2455920.93341 1.647
2455920.93419 1.648
2455920.93496 1.629
2455920.93574 1.618
2455920.93651 1.645
2455920.93729 1.637
2455920.93806 1.61
2455920.93884 1.601
2455920.93961 1.622
2455920.94039 1.611
2455920.94116 1.588
2455920.94193 1.607
2455920.94271 1.594
2455920.94348 1.603
2455920.94426 1.598
2455920.94504 1.598
2455920.94581 1.603
2455920.94659 1.613
2455920.94736 1.62
2455920.94813 1.607
2455920.94968 1.612
2455920.95046 1.61
2455920.95201 1.626
2455920.95278 1.61
2455920.95356 1.612
2455920.95433 1.626
2455920.95511 1.638
2455920.95588 1.62
2455920.95666 1.637
2455920.95743 1.631
2455920.95821 1.633
2455920.95899 1.668
2455920.95976 1.651
2455920.96054 1.671
2455920.96131 1.648
2455920.96209 1.675
2455920.96286 1.658
2455920.96363 1.658
2455920.96441 1.666
2455920.96518 1.68
2455920.96596 1.69
2455920.96674 1.65
2455920.96751 1.707
2455920.96828 1.685
2455920.96906 1.706
2455920.96983 1.701
2455920.97061 1.676
2455920.97138 1.69
2455920.97216 1.684
2455920.97293 1.709
2455920.97371 1.712
2455920.97448 1.715
2455920.97525 1.733
2455920.97603 1.706
2455920.9768 1.687
2455920.97758 1.697
2455920.97835 1.703
2455920.97913 1.696
2455920.9799 1.689
2455920.98068 1.714
2455920.98145 1.704
2455920.98223 1.681
2455920.983 1.647
2455920.98378 1.666
2455920.98455 1.675
2455920.98532 1.695
2455920.9861 1.677
2455920.98687 1.691
2455920.98765 1.678
2455920.98842 1.668
2455920.98919 1.642
2455920.98997 1.649
2455920.99075 1.665
2455920.99152 1.707
2455920.9923 1.659
2455920.99385 1.648
2455920.99462 1.703
2455920.99539 1.672
2455920.99617 1.67
2455920.99695 1.666
2455920.99772 1.668
2455920.9985 1.676
2455920.99927 1.676
2455921.00005 1.663
2455921.00082 1.671
2455921.00159 1.661
2455921.00237 1.647
2455921.00314 1.651
2455921.00392 1.658
2455921.00469 1.631
2455921.00547 1.622
2455921.00624 1.628
2455921.00702 1.636
2455921.00779 1.603
2455921.00856 1.663
2455921.00934 1.646
2455921.01012 1.654
2455921.01089 1.656
2455921.01167 1.645
2455921.01244 1.632
2455921.01321 1.628
2455921.01399 1.652
2455921.01476 1.667
2455921.01631 1.672
2455921.01709 1.644
2455921.01786 1.685
2455921.01864 1.68
2455921.01941 1.653
2455921.02019 1.684
2455921.02173 1.701
2455921.02251 1.669
2455921.02328 1.641
2455921.02406 1.682
2455921.02483 1.669
2455921.02561 1.686
2455921.02638 1.671
2455921.02715 1.659
2455921.02793 1.68
2455921.0287 1.645
2455921.02948 1.682
2455921.03025 1.665
2455921.03103 1.624
2455921.0318 1.617
2455921.03258 1.668
2455921.03335 1.667
2455921.03412 1.664
2455921.0349 1.667
2455921.03567 1.635
2455921.03645 1.661
2455921.03723 1.641
2455921.038 1.62
2455921.03878 1.685
2455921.03955 1.679
2455921.04032 1.661
2455921.0411 1.643
2455921.04187 1.622
2455921.04265 1.656
2455921.04342 1.619
2455921.0442 1.643
2455921.04497 1.629
2455921.04574 1.665
2455921.04652 1.666
2455921.04729 1.625
2455921.04884 1.68
2455921.04961 1.687
