2456517.68735 16.18
2456517.69033 16.153
2456517.69331 16.133
2456517.69629 16.124
2456517.747 16.166
2456517.74998 16.194
2456517.75295 16.168
2456517.75593 16.147
2456517.7589 16.13
2456517.7619 16.115
2456517.76487 16.106
2456517.76784 16.094
2456517.77082 16.116
2456517.7738 16.138
2456517.78017 16.195
2456517.78314 16.231
2456517.78611 16.204
2456517.78909 16.241
2456517.79207 16.264
2456517.79505 16.259
2456517.79803 16.291
2456517.80101 16.311
2456517.80399 16.357
2456517.80697 16.375
2456517.81468 16.331
2456517.81766 16.312
2456517.82064 16.296
2456517.82361 16.271
2456517.82659 16.218
2456517.82956 16.167
2456517.83255 16.18
2456517.83552 16.153
2456517.8385 16.118
2456517.84147 16.116
2456517.84783 16.092
2456517.85081 16.106
2456517.85378 16.102
2456517.85974 16.111
2456517.86271 16.136
2456517.86569 16.143
2456517.86867 16.142
2456517.87165 16.157
2456517.87462 16.144
2456517.8821 16.185
2456517.88508 16.154
2456517.88806 16.13
2456517.89103 16.132
2456517.89401 16.094
2456517.897 16.062
2456517.89998 16.081
2456517.90296 16.087
2456517.90594 16.083
2456517.90892 16.08
2456517.91555 16.101
2456517.92151 16.084
2456517.92746 16.11
2456517.93341 16.152
2456517.93639 16.183
2456517.93937 16.207
2456517.94234 16.222
2456517.95055 16.164
2456517.95353 16.168
2456517.9565 16.148
2456517.95948 16.117
2456517.96246 16.085
2456517.96842 16.092
2456517.9714 16.099
2456517.97438 16.077
2456517.97736 16.112
