2453590.66068 1.749
2453590.67915 1.77
2453590.69569 1.791
2453590.70496 1.8
2453590.71175 1.807
2453590.71636 1.819
2453590.72367 1.841
2453590.76335 1.876
2453590.76784 1.877
2453590.77481 1.891
2453590.77942 1.899
2453590.82614 1.914
2453590.82848 1.931
2453590.83345 1.926
2453590.83808 1.928
2453590.8427 1.923
2453590.84501 1.924
2453590.88947 1.816
2453590.89178 1.821
2453590.89409 1.81
2453590.8987 1.811
2453590.90332 1.791
2453590.92007 1.752
2453590.92238 1.719
2453590.92699 1.696
2453590.92929 1.746
2453590.9316 1.719
2453590.93391 1.678
2453590.93624 1.681
2453590.93855 1.699
