2453606.62342 1.416
2453606.63145 1.415
2453606.63412 1.42
2453606.6368 1.422
2453606.63947 1.437
2453606.64215 1.432
2453606.64482 1.448
2453606.64749 1.444
2453606.65018 1.455
2453606.65285 1.445
2453606.65552 1.447
2453606.70985 1.533
2453606.71254 1.544
2453606.71521 1.596
2453606.71788 1.574
2453606.72056 1.609
2453606.72323 1.635
2453606.72591 1.599
2453606.7321 1.674
2453606.73743 1.623
2453606.79713 1.549
2453606.80248 1.527
2453606.80515 1.524
2453606.80783 1.506
2453606.8105 1.51
2453606.81316 1.469
2453606.85145 1.403
2453606.85411 1.422
2453606.85679 1.464
2453606.85946 1.461
2453606.86212 1.462
2453606.8648 1.475
2453606.87015 1.489
2453606.87283 1.501
2453606.87549 1.494
2453606.87816 1.482
2453606.88083 1.437
2453606.8835 1.404
2453606.88885 1.39
2453606.89152 1.391
2453606.89418 1.401
2453606.89685 1.38
2453606.90309 1.394
2453606.91644 1.429
2453606.9191 1.43
2453606.92179 1.442
2453606.92446 1.45
2453606.92714 1.481
2453606.92981 1.502
