2456510.69984 16.197
2456510.70282 16.181
2456510.70579 16.167
2456510.73322 16.295
2456510.73621 16.302
2456510.73918 16.287
2456510.74216 16.326
2456510.74513 16.298
2456510.74812 16.31
2456510.75109 16.307
2456510.75407 16.319
2456510.75704 16.304
2456510.76003 16.285
2456510.76817 16.191
2456510.77116 16.145
2456510.77413 16.101
2456510.77712 16.098
2456510.78009 16.094
2456510.78307 16.096
2456510.78605 16.093
2456510.78904 16.097
2456510.795 16.084
2456510.81349 16.17
2456510.81647 16.202
2456510.81945 16.183
2456510.82243 16.184
2456510.82838 16.15
2456510.83505 16.108
2456510.83802 16.105
2456510.841 16.058
2456510.84398 16.067
2456510.84696 16.056
2456510.84994 16.046
2456510.85292 16.074
2456510.8559 16.078
2456510.85888 16.118
2456510.86186 16.106
2456510.86978 16.172
2456510.87276 16.155
2456510.87573 16.152
2456510.87871 16.167
2456510.88168 16.193
2456510.88467 16.202
2456510.88765 16.18
2456510.89063 16.176
2456510.8936 16.151
2456510.89659 16.158
2456510.90309 16.099
2456510.90608 16.077
2456510.90905 16.078
2456510.91204 16.057
2456510.91501 16.099
2456510.91799 16.104
2456510.92096 16.099
2456510.92394 16.092
2456510.92692 16.086
2456510.92991 16.093
2456510.93935 16.177
2456510.94233 16.16
2456510.94531 16.185
2456510.94828 16.222
2456510.95127 16.234
2456510.95424 16.205
2456510.9602 16.133
2456510.96988 16.09
2456510.97285 16.091
2456510.97583 16.104
2456510.9788 16.086
2456510.98178 16.109
2456510.98476 16.115
2456510.98775 16.133
2456510.99372 16.155
2456510.9967 16.202
