2454789.54148 1.248
2454789.54452 1.274
2454789.54757 1.246
2454789.55064 1.248
2454789.5537 1.216
2454789.55675 1.219
2454789.55981 1.214
2454789.56286 1.202
2454789.56593 1.196
2454789.56897 1.167
2454789.58114 1.113
2454789.59941 1.147
2454789.60244 1.178
2454789.6055 1.229
2454789.61158 1.236
2454789.61462 1.277
2454789.61765 1.293
2454789.6207 1.303
2454789.62376 1.303
2454789.62678 1.278
2454789.62983 1.269
2454789.63288 1.208
2454789.63591 1.194
2454789.63895 1.187
2454789.64198 1.203
2454789.64501 1.215
2454789.65113 1.257
2454789.65416 1.284
2454789.65722 1.279
2454789.66025 1.303
2454789.66329 1.323
2454789.66633 1.362
2454789.66936 1.335
2454789.67242 1.368
2454789.67546 1.383
2454789.6785 1.421
2454789.68152 1.399
2454789.68456 1.394
2454789.6876 1.372
2454789.69062 1.359
2454789.69366 1.335
2454789.69669 1.295
2454789.70277 1.254
2454789.70886 1.234
2454789.7119 1.248
2454789.71797 1.218
2454789.721 1.22
2454789.72406 1.234
2454789.73321 1.217
2454789.74235 1.213
2454789.74541 1.215
2454789.74844 1.225
2454789.75149 1.207
2454789.75453 1.201
2454789.76062 1.212
2454789.76368 1.209
2454789.76978 1.19
2454789.77282 1.164
2454789.77587 1.139
2454789.77891 1.119
2454789.78194 1.123
2454789.78498 1.12
2454789.78802 1.132
2454789.79106 1.154
2454789.7941 1.164
2454789.79714 1.176
2454789.80016 1.195
2454789.80321 1.205
2454789.80624 1.215
2454789.80928 1.238
2454789.81839 1.249
2454789.84574 1.164
2454789.84879 1.157
2454789.85183 1.149
2454789.85488 1.149
2454789.85792 1.146
2454789.86097 1.149
2454789.864 1.136
2454789.87007 1.16
2454789.87311 1.179
2454789.87615 1.226
2454789.87919 1.222
2454789.88224 1.252
2454789.88529 1.258
2454789.88835 1.265
2454789.89138 1.254
2454789.89443 1.258
2454789.89748 1.231
2454789.90052 1.19
2454789.90357 1.164
2454789.90661 1.148
2454789.90965 1.141
2454789.91575 1.144
2454789.9188 1.152
2454789.92186 1.155
2454789.92491 1.169
2454789.92794 1.19
2454789.93098 1.218
2454789.93401 1.246
2454789.93707 1.258
2454789.94011 1.341
2454789.94316 1.379
2454789.94621 1.388
2454789.94924 1.393
2454789.9523 1.385
2454789.95535 1.396
2454789.9584 1.383
2454789.96144 1.346
2454789.96448 1.283
2454789.96751 1.248
2454789.97055 1.24
2454789.9736 1.231
2454789.97664 1.259
2454789.97968 1.272
2454789.98274 1.279
