2454764.61401 0.41
2454764.62059 0.4
2454764.62389 0.362
2454764.6305 0.369
2454764.63382 0.349
2454764.63715 0.342
2454764.64046 0.375
2454764.65152 0.417
2454764.65479 0.411
2454764.66136 0.403
2454764.67133 0.446
2454764.67461 0.486
2454764.67938 0.504
2454764.68267 0.47
2454764.68599 0.495
2454764.68926 0.514
2454764.69258 0.384
2454764.69586 0.401
2454764.69913 0.365
2454764.70241 0.286
2454764.70569 0.25
2454764.70898 0.218
2454764.71375 0.226
2454764.71705 0.231
2454764.72036 0.236
2454764.72365 0.26
2454764.72691 0.29
2454764.7302 0.27
2454764.73347 0.326
2454764.73674 0.282
2454764.74006 0.31
2454764.74335 0.325
2454764.74795 0.358
2454764.75124 0.352
2454764.75448 0.374
2454764.75778 0.346
2454764.76108 0.294
2454764.76434 0.296
2454764.7676 0.298
2454764.77089 0.21
2454764.77418 0.216
2454764.77748 0.206
2454764.78231 0.225
2454764.78564 0.253
2454764.78889 0.289
2454764.7922 0.257
2454764.79877 0.303
2454764.80206 0.297
2454764.80537 0.348
2454764.80869 0.374
2454764.82967 0.323
2454764.83298 0.282
2454764.8363 0.279
2454764.8396 0.219
2454764.8429 0.222
2454764.84622 0.22
2454764.85399 0.244
2454764.86386 0.22
2454764.97614 0.239
2454764.97943 0.273
2454764.98268 0.265
2454764.98739 0.288
2454764.99072 0.324
2454764.9973 0.342
2454765.00061 0.325
2454765.00394 0.345
2454765.00721 0.364
2454765.0105 0.383
2454765.0138 0.392
