2454778.55414 0.989
2454778.55746 0.997
2454778.56076 0.969
2454778.56408 0.971
2454778.56739 0.961
2454778.5707 0.943
2454778.57397 0.953
2454778.57725 0.969
2454778.58381 1.006
2454778.58725 1.011
2454778.60046 1.062
2454778.60378 1.086
2454778.6071 1.065
2454778.6104 1.057
2454778.6137 1.041
2454778.61687 1.006
2454778.62175 0.942
2454778.62502 0.936
2454778.62828 0.907
2454778.63157 0.904
2454778.63483 0.913
2454778.63811 0.93
2454778.64141 0.946
2454778.64469 0.959
2454778.65612 1.001
2454778.65944 0.991
2454778.66271 0.995
2454778.66602 0.997
2454778.67594 1.025
2454778.67921 1.03
2454778.68248 0.976
2454778.68577 0.964
2454778.69038 0.933
2454778.6937 0.915
2454778.697 0.924
2454778.70027 0.939
2454778.72492 1.027
2454778.72823 1.051
2454778.73156 1.095
2454778.73486 1.13
2454778.73812 1.103
2454778.74139 1.107
2454778.74463 1.063
2454778.74791 1.017
2454778.75118 0.988
2454778.75451 0.97
2454778.75905 1.002
2454778.76229 1.052
2454778.76556 1.053
2454778.76887 1.086
2454778.77213 1.075
2454778.77539 1.105
2454778.79316 1.135
2454778.7965 1.139
2454778.79979 1.168
2454778.80307 1.148
2454778.80638 1.13
2454778.8097 1.141
2454778.81631 1.085
2454778.81955 1.051
2454778.82286 0.999
2454778.82752 0.962
2454778.83079 0.945
2454778.83407 0.937
2454778.83732 0.944
2454778.8406 0.965
2454778.84709 0.982
2454778.85039 1.007
2454778.88823 0.926
2454778.8915 0.915
2454778.89478 0.911
2454778.89807 0.927
2454778.90135 0.94
2454778.90466 0.935
2454778.90799 0.958
2454778.91455 0.951
2454778.91949 0.978
2454778.9228 1.003
2454778.92605 1.017
2454778.92934 1.03
