2454763.56126 1.898
2454763.56454 1.853
2454763.56786 1.861
2454763.57117 1.83
2454763.57447 1.816
2454763.57775 1.801
2454763.58105 1.805
2454763.58437 1.725
2454763.591 1.706
2454763.59447 1.699
2454763.59776 1.679
2454763.60108 1.67
2454763.6044 1.66
2454763.60769 1.659
2454763.61098 1.644
2454763.61428 1.676
2454763.61757 1.706
2454763.62087 1.712
2454763.62417 1.736
2454763.62762 1.722
2454763.63091 1.739
2454763.63422 1.743
2454763.63753 1.746
2454763.64083 1.72
2454763.64411 1.721
2454763.64743 1.684
2454763.65073 1.643
2454763.65735 1.613
2454763.66214 1.619
2454763.66872 1.623
2454763.67532 1.684
2454763.68193 1.698
2454763.68853 1.735
2454763.69185 1.752
2454763.69664 1.787
2454763.69994 1.798
2454763.70326 1.769
2454763.70658 1.756
2454763.70986 1.707
2454763.71315 1.683
2454763.71644 1.667
2454763.71974 1.66
2454763.72304 1.67
2454763.73772 1.727
2454763.74101 1.734
2454763.74432 1.745
2454763.74763 1.783
2454763.75095 1.791
2454763.75424 1.805
2454763.75752 1.853
2454763.76085 1.841
2454763.76566 1.877
2454763.76899 1.872
2454763.7723 1.851
2454763.77562 1.826
2454763.77891 1.754
2454763.78222 1.738
2454763.78552 1.695
2454763.78883 1.679
2454763.79209 1.697
2454763.79541 1.708
2454763.80027 1.717
2454763.80358 1.73
2454763.80684 1.759
2454763.81014 1.771
2454763.81346 1.788
2454763.82003 1.798
2454763.82334 1.831
2454763.82667 1.843
2454763.83451 1.88
2454763.8378 1.834
2454763.84103 1.802
2454763.84759 1.81
2454763.85091 1.766
2454763.86073 1.675
2454763.86865 1.676
2454763.87192 1.688
2454763.87522 1.685
2454763.87849 1.71
2454763.88177 1.751
2454763.88509 1.783
2454763.88837 1.768
2454763.89165 1.774
2454763.89499 1.761
2454763.89833 1.774
