2454767.61366 1.568
2454767.61694 1.583
2454767.62023 1.587
2454767.62354 1.597
2454767.62684 1.602
2454767.63014 1.631
2454767.63343 1.632
2454767.63673 1.629
2454767.65448 1.608
2454767.65778 1.621
2454767.66102 1.581
2454767.66433 1.568
2454767.66762 1.536
2454767.67094 1.519
2454767.6758 1.488
2454767.67911 1.486
2454767.68241 1.485
2454767.69236 1.484
2454767.69565 1.495
2454767.69895 1.495
2454767.70231 1.537
2454767.7056 1.573
2454767.71041 1.574
2454767.71372 1.617
2454767.71702 1.604
2454767.72034 1.613
2454767.72364 1.608
2454767.72693 1.577
2454767.73024 1.56
2454767.73357 1.561
2454767.76126 1.498
2454767.76789 1.555
2454767.77121 1.523
2454767.77941 1.606
2454767.78271 1.615
2454767.78601 1.638
2454767.78933 1.645
2454767.79265 1.608
2454767.79594 1.583
2454767.79924 1.541
2454767.80254 1.509
2454767.80584 1.505
2454767.80913 1.51
2454767.82029 1.549
2454767.8236 1.577
2454767.82689 1.575
2454767.83021 1.567
2454767.83353 1.589
2454767.83684 1.594
2454767.84014 1.642
2454767.84346 1.645
2454767.84805 1.653
2454767.85133 1.632
2454767.85461 1.631
2454767.8579 1.606
2454767.86118 1.584
2454767.86446 1.552
2454767.86776 1.533
2454767.87106 1.494
2454767.87438 1.484
2454767.87769 1.472
2454767.88252 1.477
2454767.88582 1.499
2454767.88912 1.525
2454767.89241 1.527
2454767.89573 1.547
2454767.89907 1.573
2454767.9024 1.589
2454767.9057 1.605
2454767.90903 1.627
2454767.9123 1.645
2454767.92355 1.642
2454767.92686 1.63
2454767.93021 1.581
2454767.93348 1.561
2454767.93677 1.532
2454767.94009 1.481
