2454827.56573 0.705
2454827.57038 0.753
2454827.57358 0.723
2454827.57683 0.813
2454827.58008 0.747
2454827.60402 0.891
2454827.60726 0.907
2454827.61048 0.916
2454827.62023 0.939
2454827.63766 0.926
2454827.67207 0.882
2454827.67531 0.868
2454827.68181 0.848
2454827.68506 0.848
2454827.6916 0.84
2454827.69486 0.832
2454827.70138 0.809
2454827.74277 0.774
2454827.74605 0.773
2454827.74928 0.759
2454827.7558 0.752
2454827.75906 0.74
2454827.76231 0.712
2454827.77321 0.688
2454827.8023 0.723
2454827.80685 0.729
2454827.81011 0.739
2454827.81331 0.733
2454827.8198 0.753
2454827.82305 0.748
2454827.82629 0.713
2454827.8295 0.676
2454827.83272 0.663
2454827.83593 0.637
2454827.84045 0.665
2454827.84371 0.664
2454827.85347 0.689
2454827.85672 0.727
2454827.85995 0.727
2454827.86318 0.781
2454827.86644 0.782
2454827.8697 0.773
2454827.87412 0.811
2454827.8774 0.808
2454827.88067 0.824
2454827.88392 0.792
2454827.88717 0.812
2454827.89042 0.802
2454827.89367 0.799
