2453609.61436 1.751
2453609.61712 1.758
2453609.61979 1.76
2453609.62247 1.803
2453609.62515 1.806
2453609.62783 1.805
2453609.6305 1.814
2453609.63317 1.854
2453609.63586 1.865
2453609.63853 1.897
2453609.64121 1.895
2453609.64388 1.888
2453609.64655 1.883
2453609.66178 1.793
2453609.66713 1.799
2453609.66982 1.821
2453609.67517 1.809
2453609.67785 1.835
2453609.68052 1.851
2453609.6832 1.852
2453609.68587 1.846
2453609.68856 1.875
2453609.69389 1.905
2453609.69656 1.881
2453609.69931 1.906
2453609.70197 1.903
2453609.71 1.822
2453609.71268 1.837
2453609.71888 1.791
2453609.72154 1.759
2453609.72423 1.735
2453609.72956 1.698
2453609.73225 1.707
2453609.73492 1.677
2453609.74295 1.71
2453609.74562 1.697
2453609.74829 1.724
2453609.75364 1.722
2453609.75631 1.734
2453609.75899 1.771
2453609.76166 1.766
2453609.76701 1.761
2453609.76968 1.758
2453609.77852 1.748
2453609.78389 1.744
2453609.78657 1.749
2453609.80261 1.724
2453609.80528 1.718
2453609.8328 1.833
2453609.83548 1.865
2453609.83814 1.852
2453609.84349 1.761
2453609.84615 1.838
2453609.84882 1.789
2453609.8515 1.74
2453609.85417 1.734
2453609.85684 1.688
2453609.85952 1.691
2453609.86485 1.695
2453609.8702 1.667
2453609.87822 1.723
2453609.8809 1.73
2453609.88357 1.756
2453609.89241 1.84
2453609.89778 1.812
2453609.90046 1.793
2453609.90312 1.812
2453609.90579 1.83
2453609.90846 1.782
2453609.91115 1.803
2453609.91382 1.801
2453609.9165 1.746
2453609.91917 1.73
2453609.92184 1.712
2453609.92452 1.701
2453609.92718 1.721
