2454794.53074 0.839
2454794.5368 0.855
2454794.53983 0.844
2454794.54592 0.86
2454794.54899 0.858
2454794.55255 0.901
2454794.55559 0.915
2454794.55864 0.899
2454794.56471 0.926
2454794.58298 0.866
2454794.58604 0.87
2454794.59209 0.86
2454794.59516 0.857
2454794.59819 0.871
2454794.60123 0.892
2454794.60426 0.88
2454794.60728 0.892
2454794.61033 0.909
2454794.61337 0.899
2454794.61643 0.915
2454794.61947 0.958
2454794.62253 0.973
2454794.62559 0.985
2454794.63165 0.971
2454794.63469 0.966
2454794.63771 0.95
2454794.64074 0.962
2454794.64378 0.943
2454794.64682 0.941
2454794.64984 0.943
2454794.65289 0.941
2454794.65595 0.949
2454794.65899 0.935
2454794.66204 0.937
2454794.66509 0.929
2454794.66814 0.917
2454794.74715 0.787
2454794.75018 0.83
2454794.75321 0.837
2454794.75626 0.857
2454794.75932 0.865
2454794.76234 0.886
2454794.76538 0.89
2454794.76841 0.889
2454794.77144 0.899
2454794.77447 0.895
2454794.77751 0.871
2454794.78056 0.831
2454794.78361 0.812
2454794.78667 0.807
2454794.78971 0.79
2454794.79274 0.771
2454794.79576 0.806
2454794.79884 0.831
2454794.80185 0.83
2454794.80493 0.826
2454794.80797 0.847
2454794.81099 0.876
2454794.81401 0.898
2454794.81704 0.924
2454794.82006 0.944
2454794.8231 0.979
2454794.82614 0.966
2454794.8292 0.979
2454794.8353 0.971
2454794.8444 0.86
2454794.84745 0.87
2454794.85051 0.833
2454794.85358 0.826
2454794.86881 0.821
2454794.87186 0.822
2454794.87487 0.841
2454794.87794 0.884
2454794.88097 0.878
2454794.88399 0.898
2454794.88703 0.906
2454794.8931 0.857
2454794.92056 0.849
2454794.92361 0.859
2454794.92667 0.862
2454794.92971 0.881
2454794.93275 0.9
2454794.9358 0.893
2454794.93882 0.928
2454794.94189 0.953
2454794.94493 0.985
2454794.94797 1.012
2454794.95101 1.047
2454794.95404 1.036
2454794.95711 1.07
2454794.96015 1.083
2454794.96319 1.083
2454794.96623 1.111
2454794.9693 1.1
2454794.97234 1.091
2454794.97539 1.052
2454794.97843 1.008
2454794.98148 0.973
2454794.98453 0.954
2454794.98758 0.943
2454794.99061 0.915
2454794.99364 0.92
2454794.99667 0.927
2454794.99969 0.911
2454795.00273 0.887
2454795.00881 0.882
2454795.01183 0.916
2454795.01485 0.928
2454795.01789 0.956
2454795.02095 0.983
2454795.02702 1.006
2454795.03007 0.993
2454795.0331 1.0
