2456514.68847 16.135
2456514.69146 16.136
2456514.69444 16.161
2456514.69741 16.156
2456514.70038 16.157
2456514.70337 16.173
2456514.70634 16.167
2456514.70932 16.199
2456514.71229 16.228
2456514.71527 16.224
2456514.72179 16.179
2456514.72478 16.129
2456514.72775 16.129
2456514.73074 16.096
2456514.73371 16.098
2456514.73669 16.09
2456514.73966 16.09
2456514.74264 16.117
2456514.74562 16.133
2456514.74859 16.116
2456514.75719 16.083
2456514.76017 16.093
2456514.76315 16.105
2456514.76612 16.134
2456514.7691 16.143
2456514.77208 16.197
2456514.77505 16.198
2456514.77803 16.189
2456514.78101 16.181
2456514.79035 16.18
2456514.79333 16.156
2456514.7963 16.141
2456514.79928 16.118
2456514.80226 16.099
2456514.80524 16.122
2456514.80822 16.122
2456514.8112 16.153
2456514.81417 16.161
2456514.81715 16.174
2456514.82573 16.208
2456514.8287 16.26
2456514.83168 16.264
2456514.83466 16.297
2456514.83763 16.334
2456514.85902 16.374
2456514.86201 16.324
2456514.86498 16.313
2456514.86796 16.292
2456514.87094 16.301
2456514.87392 16.268
2456514.87689 16.291
2456514.87986 16.26
2456514.88284 16.27
2456514.88582 16.249
2456514.89346 16.195
2456514.89643 16.205
2456514.89941 16.219
2456514.90239 16.22
2456514.90536 16.282
2456514.90834 16.271
2456514.91132 16.281
2456514.9143 16.252
2456514.91727 16.226
2456514.92024 16.24
2456514.92662 16.188
2456514.9296 16.123
2456514.93257 16.123
2456514.93555 16.099
2456514.93853 16.135
2456514.94151 16.098
2456514.94448 16.117
2456514.94745 16.113
2456514.95043 16.11
2456514.9534 16.166
2456514.96298 16.229
2456514.96893 16.222
2456514.97191 16.264
2456514.97488 16.267
2456514.97785 16.277
2456514.98083 16.246
2456514.98381 16.24
2456514.98678 16.236
2456514.98976 16.184
