2454766.57299 2.357
2454766.57627 2.372
2454766.57974 2.378
2454766.58305 2.415
2454766.58639 2.39
2454766.58972 2.382
2454766.59304 2.364
2454766.59966 2.362
2454766.60629 2.357
2454766.6096 2.316
2454766.61308 2.32
2454766.61973 2.29
2454766.62965 2.273
2454766.63295 2.269
2454766.63624 2.288
2454766.63953 2.346
2454766.64281 2.419
2454766.64762 2.462
2454766.65093 2.489
2454766.65423 2.523
2454766.65751 2.506
2454766.6608 2.515
2454766.66408 2.499
2454766.66739 2.473
2454766.67068 2.495
2454766.674 2.459
2454766.67729 2.483
2454766.68204 2.416
2454766.68533 2.399
2454766.68858 2.392
2454766.6919 2.383
2454766.6952 2.416
2454766.69849 2.462
2454766.70179 2.479
2454766.70505 2.499
2454766.70831 2.571
2454766.71158 2.588
2454766.71645 2.607
2454766.7207 2.646
2454766.72295 2.633
2454766.72613 2.674
2454766.73274 2.661
2454766.73936 2.628
2454766.74268 2.546
2454766.74597 2.516
2454766.74928 2.476
2454766.7544 2.459
2454766.75769 2.437
2454766.761 2.475
2454766.76431 2.466
2454766.76759 2.427
2454766.77089 2.433
2454766.78081 2.415
2454766.79544 2.426
2454766.79875 2.4
2454766.80202 2.408
2454766.80529 2.392
2454766.8086 2.379
2454766.81851 2.338
2454766.82308 2.323
2454766.82635 2.327
2454766.82968 2.307
2454766.83635 2.306
2454766.83965 2.336
2454766.84296 2.379
2454766.84623 2.374
2454766.84953 2.368
2454766.85282 2.417
2454766.85725 2.504
2454766.86053 2.533
2454766.86381 2.518
2454766.86712 2.535
2454766.87043 2.495
2454766.87374 2.457
2454766.87703 2.445
2454766.88034 2.397
2454766.88364 2.388
2454766.88693 2.391
2454766.8983 2.359
2454766.90163 2.367
2454766.90493 2.358
2454766.90824 2.367
2454766.91156 2.35
2454766.91485 2.363
2454766.91814 2.405
2454766.92144 2.392
2454766.92604 2.399
2454766.92934 2.384
2454766.93265 2.421
2454766.93597 2.402
2454766.93926 2.393
2454766.94256 2.398
2454766.95247 2.364
2454766.95577 2.334
2454766.96029 2.338
