2454793.5433 1.397
2454793.54637 1.394
2454793.5494 1.35
2454793.57366 1.45
2454793.57669 1.497
2454793.57971 1.5
2454793.58277 1.497
2454793.58579 1.517
2454793.58881 1.488
2454793.59185 1.432
2454793.59489 1.33
2454793.61618 1.307
2454793.61924 1.328
2454793.62229 1.337
2454793.62537 1.364
2454793.62841 1.415
2454793.63142 1.446
2454793.63447 1.459
2454793.63749 1.5
2454793.64053 1.493
2454793.64358 1.519
2454793.64662 1.566
2454793.64966 1.564
2454793.65272 1.572
2454793.65574 1.468
2454793.65878 1.425
2454793.66181 1.36
2454793.66486 1.423
2454793.66787 1.381
2454793.69831 1.428
2454793.70135 1.468
2454793.70438 1.489
2454793.70741 1.513
2454793.71044 1.469
2454793.71347 1.442
2454793.71649 1.422
2454793.75295 1.35
2454793.75597 1.411
2454793.759 1.446
2454793.76202 1.484
2454793.76504 1.504
2454793.77112 1.594
2454793.77414 1.618
2454793.77716 1.605
2454793.7802 1.579
2454793.78324 1.576
2454793.78627 1.577
2454793.78929 1.536
2454793.82571 1.489
2454793.82876 1.492
2454793.84392 1.44
2454793.84999 1.426
2454793.85304 1.416
2454793.85606 1.385
2454793.85911 1.39
2454793.86213 1.366
2454793.86517 1.336
2454793.86819 1.335
2454793.87121 1.33
2454793.87426 1.353
2454793.87731 1.338
2454793.88033 1.378
2454793.88336 1.37
2454793.8864 1.385
2454793.88943 1.395
2454793.89246 1.384
2454793.8955 1.393
2454793.89854 1.41
2454793.90156 1.452
2454793.9046 1.47
2454793.90763 1.455
2454793.91067 1.469
2454793.91368 1.436
2454793.91671 1.416
2454793.944 1.37
2454793.94703 1.379
2454793.95005 1.382
2454793.9531 1.388
2454793.96225 1.416
2454793.96528 1.444
2454793.96831 1.464
2454793.97134 1.461
2454793.97437 1.453
2454793.97744 1.478
2454793.98047 1.488
2454793.98349 1.488
2454793.98654 1.438
2454793.98958 1.393
2454793.99263 1.389
2454794.00169 1.305
2454794.00472 1.304
2454794.00774 1.315
2454794.01078 1.325
2454794.0138 1.339
2454794.01684 1.349
2454794.01989 1.408
2454794.02292 1.45
2454794.02599 1.462
2454794.02903 1.497
2454794.03205 1.52
2454794.03509 1.559
