2456507.71528 16.309
2456507.71828 16.306
2456507.72127 16.316
2456507.72426 16.301
2456507.72727 16.308
2456507.73025 16.278
2456507.73324 16.221
2456507.73624 16.212
2456507.73923 16.234
2456507.74221 16.218
2456507.74886 16.237
2456507.75184 16.258
2456507.75482 16.302
2456507.75781 16.329
2456507.76079 16.326
2456507.76377 16.32
2456507.76676 16.354
2456507.7757 16.485
2456507.78831 16.539
2456507.7913 16.553
2456507.79428 16.528
2456507.79727 16.489
2456507.80026 16.48
2456507.80324 16.436
2456507.80622 16.36
2456507.8092 16.342
2456507.81219 16.313
2456507.81517 16.324
2456507.82172 16.304
2456507.82471 16.302
2456507.8277 16.312
2456507.83068 16.31
2456507.83366 16.318
2456507.83664 16.319
2456507.85535 16.365
2456507.85833 16.328
2456507.86132 16.302
2456507.86429 16.301
2456507.86728 16.249
2456507.87026 16.247
2456507.87325 16.227
2456507.87623 16.224
2456507.87921 16.236
2456507.88218 16.242
2456507.88868 16.263
2456507.93115 16.355
2456507.93414 16.299
2456507.93712 16.299
2456507.9401 16.28
2456507.94308 16.251
2456507.94905 16.259
2456507.95934 16.29
2456507.96233 16.317
2456507.96531 16.341
2456507.97127 16.334
2456507.97425 16.336
2456507.97723 16.339
2456507.98022 16.399
2456507.98319 16.406
