2454742.72663 1.609
2454742.7299 1.59
2454742.7332 1.547
2454742.73653 1.526
2454742.73985 1.526
2454742.77758 1.621
2454742.7809 1.624
2454742.78421 1.629
2454742.80225 1.573
2454742.80558 1.569
2454742.80888 1.564
2454742.81219 1.522
2454742.81548 1.5
2454742.8188 1.508
2454742.82208 1.512
2454742.83024 1.53
2454742.83357 1.56
2454742.83689 1.573
2454742.84018 1.595
2454742.8435 1.645
2454742.84681 1.642
2454742.85011 1.69
2454742.85339 1.698
2454742.85669 1.715
2454742.86001 1.672
2454742.86462 1.686
2454742.86793 1.641
2454742.87125 1.603
2454742.87454 1.604
2454742.87783 1.618
2454742.88111 1.635
2454742.8844 1.622
2454742.88771 1.642
2454742.89102 1.635
2454742.89433 1.653
2454742.90223 1.664
2454742.90554 1.718
2454742.90884 1.761
2454742.91213 1.759
2454742.91543 1.751
2454742.91874 1.732
2454742.92537 1.738
2454742.92867 1.672
2454742.93327 1.657
2454742.93658 1.633
2454742.93991 1.558
2454742.94322 1.503
2454742.94648 1.474
2454742.94979 1.449
2454742.95312 1.449
2454742.95641 1.475
2454742.95971 1.472
2454742.96303 1.54
2454742.96767 1.57
2454742.97097 1.575
2454742.97426 1.599
2454742.97758 1.625
2454742.98088 1.642
2454742.98417 1.643
2454742.98746 1.625
2454742.99075 1.621
2454742.99406 1.566
2454742.99737 1.562
