2453605.67147 1.539
2453605.67415 1.537
2453605.67678 1.512
2453605.6794 1.556
2453605.68201 1.516
2453605.68464 1.512
2453605.68728 1.507
2453605.68991 1.503
2453605.69258 1.524
2453605.69523 1.47
2453605.70861 1.442
2453605.71128 1.432
2453605.71392 1.434
2453605.71654 1.433
2453605.71918 1.401
2453605.72181 1.397
2453605.73067 1.417
2453605.73336 1.468
2453605.73603 1.493
2453605.73872 1.47
2453605.74139 1.548
2453605.74405 1.519
2453605.74672 1.512
2453605.74941 1.53
2453605.75476 1.484
2453605.75742 1.496
2453605.76277 1.463
2453605.76547 1.479
2453605.76814 1.453
2453605.77081 1.452
2453605.77349 1.441
2453605.77616 1.453
2453605.79572 1.479
2453605.79839 1.516
2453605.80107 1.569
2453605.80374 1.567
2453605.80909 1.59
2453605.81176 1.622
2453605.81444 1.667
2453605.81711 1.698
2453605.81978 1.691
2453605.82246 1.711
2453605.82512 1.69
2453605.82779 1.689
2453605.86603 1.653
2453605.86872 1.632
2453605.87139 1.682
2453605.87408 1.628
2453605.87671 1.68
2453605.87938 1.628
2453605.88203 1.635
2453605.88469 1.569
2453605.88737 1.581
2453605.89004 1.543
2453605.8927 1.494
2453605.89893 1.441
2453605.9016 1.45
2453605.90428 1.425
2453605.90695 1.432
2453605.90962 1.445
2453605.91228 1.469
2453605.91496 1.447
2453605.91762 1.459
2453605.92028 1.458
2453605.92294 1.462
2453605.92562 1.489
2453605.92829 1.493
2453605.93364 1.507
2453605.93898 1.497
2453605.94166 1.491
2453605.94433 1.504
2453605.94701 1.484
2453605.94968 1.452
