2454768.59336 1.529
2454768.59664 1.52
2454768.59995 1.526
2454768.60319 1.536
2454768.60652 1.536
2454768.6098 1.524
2454768.61644 1.537
2454768.61974 1.542
2454768.62792 1.581
2454768.6312 1.624
2454768.6345 1.634
2454768.64117 1.614
2454768.64449 1.602
2454768.64777 1.59
2454768.65109 1.56
2454768.6544 1.548
2454768.65769 1.48
2454768.66246 1.442
2454768.66578 1.444
2454768.66909 1.436
2454768.67237 1.445
2454768.6757 1.468
2454768.67896 1.481
2454768.68226 1.495
2454768.68555 1.542
2454768.68888 1.591
2454768.69219 1.597
2454768.69702 1.613
2454768.70029 1.632
2454768.70357 1.625
2454768.70689 1.651
2454768.71022 1.632
2454768.71354 1.627
2454768.71687 1.616
2454768.72016 1.603
2454768.72343 1.588
2454768.73148 1.566
2454768.73477 1.559
2454768.73809 1.577
2454768.74139 1.568
2454768.74468 1.574
2454768.74796 1.578
2454768.75453 1.584
2454768.75782 1.606
2454768.76111 1.648
2454768.76578 1.71
2454768.76909 1.729
2454768.77244 1.742
2454768.77572 1.748
2454768.779 1.731
2454768.78231 1.712
2454768.78564 1.704
2454768.78896 1.673
2454768.79225 1.638
2454768.79554 1.634
2454768.80015 1.581
2454768.80345 1.579
2454768.80679 1.59
2454768.81011 1.599
2454768.8134 1.62
2454768.8167 1.638
2454768.81997 1.645
2454768.82662 1.651
2454768.8345 1.662
2454768.83779 1.662
2454768.84107 1.645
2454768.84438 1.661
2454768.8477 1.637
2454768.85101 1.599
2454768.8543 1.578
2454768.85761 1.545
2454768.869 1.538
2454768.87232 1.535
2454768.87561 1.542
2454768.87892 1.561
2454768.88222 1.554
2454768.8855 1.584
2454768.88879 1.626
2454768.89211 1.598
2454768.89541 1.641
2454768.8987 1.654
2454768.90337 1.644
2454768.90668 1.622
2454768.90998 1.607
2454768.91331 1.616
2454768.91658 1.597
2454768.91988 1.555
2454768.92318 1.518
2454768.92645 1.5
2454768.92974 1.495
2454768.93306 1.467
2454768.93771 1.466
2454768.94102 1.475
2454768.94432 1.496
2454768.94764 1.51
2454768.95095 1.524
2454768.95422 1.558
2454768.95753 1.573
2454768.96084 1.577
2454768.96415 1.583
2454768.96746 1.621
2454768.97223 1.642
2454768.97553 1.643
2454768.97883 1.615
2454768.98212 1.584
2454768.98541 1.566
2454768.98869 1.538
2454768.99527 1.518
2454768.99859 1.518
2454769.0019 1.513
2454769.00666 1.554
2454769.00998 1.558
2454769.01326 1.558
2454769.01655 1.571
