2454834.54522 1.41
2454834.54851 1.414
2454834.55183 1.37
2454834.55843 1.335
2454834.56508 1.303
2454834.57285 1.304
2454834.57614 1.309
2454834.57939 1.312
2454834.58267 1.308
2454834.58595 1.316
2454834.58922 1.323
2454834.59254 1.337
2454834.59586 1.357
2454834.59914 1.439
2454834.60245 1.436
2454834.6069 1.46
2454834.61346 1.472
2454834.61674 1.409
2454834.62002 1.39
2454834.62332 1.37
2454834.62662 1.313
2454834.62993 1.314
2454834.63321 1.297
2454834.63651 1.304
2454834.64106 1.312
2454834.64764 1.348
2454834.65095 1.388
2454834.6542 1.401
2454834.6575 1.446
2454834.66081 1.479
2454834.66406 1.497
2454834.66733 1.497
2454834.67063 1.541
2454834.68517 1.475
2454834.68849 1.468
2454834.69177 1.461
2454834.69505 1.448
2454834.69835 1.457
2454834.71273 1.452
2454834.71604 1.469
2454834.71935 1.482
2454834.72593 1.489
2454834.72924 1.501
2454834.73917 1.553
2454834.76673 1.318
2454834.77005 1.297
2454834.77338 1.279
2454834.78142 1.324
2454834.78799 1.349
2454834.79133 1.376
2454834.79467 1.4
2454834.80786 1.431
2454834.81258 1.417
2454834.8192 1.36
2454834.82254 1.317
2454834.82587 1.3
2454834.83248 1.293
2454834.85048 1.345
2454834.85377 1.352
2454834.85758 1.371
2454834.86091 1.418
2454834.86424 1.435
2454834.86751 1.479
2454834.87079 1.492
