2454828.53598 1.688
2454828.53924 1.655
2454828.5425 1.635
2454828.54578 1.602
2454828.55227 1.5
2454828.55554 1.453
2454828.55882 1.418
2454828.5621 1.373
2454828.5654 1.333
2454828.57016 1.308
2454828.57338 1.293
2454828.57665 1.272
2454828.5799 1.305
2454828.58316 1.333
2454828.58658 1.356
2454828.59001 1.383
2454828.59345 1.403
2454828.60844 1.381
2454828.61518 1.372
2454828.61859 1.347
2454828.62201 1.337
2454828.62543 1.333
2454828.62884 1.318
2454828.63226 1.303
2454828.63567 1.299
2454828.6541 1.303
2454828.66095 1.343
2454828.66436 1.377
2454828.66779 1.43
2454828.67119 1.425
2454828.67818 1.424
2454828.68157 1.382
2454828.68499 1.338
2454828.68843 1.325
2454828.69183 1.295
2454828.69524 1.272
2454828.69866 1.26
2454828.70207 1.286
2454828.70552 1.298
2454828.7545 1.381
2454828.76106 1.394
2454828.76431 1.412
2454828.77085 1.443
2454828.77411 1.447
2454828.7774 1.44
2454828.79194 1.458
2454828.79519 1.488
2454828.79844 1.56
2454828.80172 1.597
2454828.805 1.572
2454828.80825 1.53
2454828.8115 1.508
2454828.82266 1.471
2454828.82592 1.444
2454828.83246 1.442
2454828.86009 1.486
2454828.86334 1.466
2454828.86663 1.453
2454828.86987 1.466
