2454777.64294 1.641
2454777.64624 1.645
2454777.64957 1.643
2454777.65611 1.674
2454777.66734 1.686
2454777.6706 1.686
2454777.67391 1.694
2454777.67719 1.679
2454777.68051 1.653
2454777.68708 1.619
2454777.6904 1.618
2454777.69364 1.587
2454777.69697 1.58
2454777.70479 1.561
2454777.70811 1.567
2454777.71135 1.574
2454777.71462 1.571
2454777.71787 1.553
2454777.72117 1.566
2454777.72772 1.578
2454777.73097 1.576
2454777.73587 1.606
2454777.73914 1.621
2454777.7424 1.625
2454777.74568 1.606
2454777.749 1.617
2454777.75227 1.603
2454777.75553 1.595
2454777.75882 1.571
2454777.76207 1.571
2454777.76534 1.555
2454777.77318 1.518
2454777.77648 1.514
2454777.77974 1.519
2454777.78303 1.533
2454777.78629 1.536
2454777.78959 1.581
2454777.79289 1.59
2454777.89216 1.735
2454777.89546 1.699
2454777.89873 1.708
2454777.90197 1.668
2454777.9066 1.667
2454777.90988 1.691
2454777.91318 1.691
2454777.91648 1.717
2454777.92304 1.733
2454777.92631 1.741
2454777.92962 1.757
2454777.94105 1.72
2454777.94428 1.698
2454777.9852 1.592
2454777.98845 1.587
2454777.99172 1.616
2454777.99497 1.635
2454777.99828 1.653
2454778.00157 1.668
2454778.00474 1.668
2454778.00964 1.673
