2454796.67853 1.068
2454796.68156 1.056
2454796.69069 1.025
2454796.69372 1.008
2454796.69677 1.021
2454796.69983 1.015
2454796.7059 1.049
2454796.71199 1.059
2454796.71503 1.072
2454796.72109 1.095
2454796.72413 1.104
2454796.74538 1.2
2454796.75144 1.169
2454796.75447 1.138
2454796.75756 1.105
2454796.76058 1.075
2454796.76362 1.043
2454796.76664 1.002
2454796.76969 0.971
2454796.77271 0.969
2454796.77576 0.979
2454796.77882 0.986
2454796.78185 1.001
2454796.78488 0.998
2454796.78792 1.003
2454796.8122 1.055
2454796.81522 1.049
2454796.81826 1.036
2454796.82131 1.014
2454796.82434 0.989
2454796.82736 0.976
2454796.83042 0.976
2454796.83345 0.964
2454796.83647 0.968
2454796.83952 0.975
2454796.85165 1.008
2454796.86381 1.026
2454796.86684 1.035
2454796.87289 1.055
2454796.88799 1.016
2454796.89103 1.016
2454796.89406 0.971
2454796.89708 0.97
2454796.90008 0.98
2454796.90312 0.951
2454796.94857 1.107
2454796.9516 1.074
2454796.95463 1.046
2454796.95766 1.023
2454796.96375 1.005
2454796.96677 1.01
2454796.9698 1.011
2454796.97586 1.021
2454796.97889 1.021
2454796.98193 1.025
2454796.99103 1.06
2454796.99407 1.074
2454796.9971 1.108
2454797.00012 1.161
2454797.00316 1.186
2454797.0062 1.175
2454797.00921 1.189
2454797.01224 1.17
2454797.01527 1.185
2454797.01831 1.173
