2453625.59936 2.256
2453625.60203 2.271
2453625.60469 2.245
2453625.60736 2.254
2453625.61003 2.2
2453625.61535 2.236
2453625.61801 2.148
2453625.62069 2.185
2453625.62335 2.136
2453625.62601 2.143
2453625.62867 2.118
2453625.63135 2.103
2453625.63401 2.109
2453625.63933 2.078
2453625.642 2.113
2453625.64467 2.094
2453625.64734 2.102
2453625.6566 2.106
2453625.67258 2.178
2453625.67526 2.191
2453625.67792 2.182
2453625.68596 2.121
2453625.69129 2.11
2453625.69662 2.081
2453625.69929 2.073
2453625.70195 2.081
2453625.70461 2.077
2453625.70727 2.083
2453625.7163 2.117
2453625.71897 2.134
2453625.72164 2.163
2453625.73229 2.206
2453625.74029 2.172
2453625.74562 2.157
2453625.75095 2.104
2453625.75363 2.107
2453625.75895 2.079
2453625.76429 2.067
2453625.77067 2.069
2453625.77334 2.084
2453625.77601 2.104
2453625.78136 2.113
2453625.78402 2.121
2453625.78669 2.148
2453625.79202 2.159
2453625.79468 2.187
2453625.80002 2.218
2453625.80268 2.201
2453625.80534 2.221
2453625.80801 2.192
2453625.81069 2.193
2453625.81335 2.175
2453625.81601 2.196
2453625.81868 2.181
2453625.82135 2.177
2453625.84907 2.285
2453625.85706 2.353
2453625.85973 2.385
2453625.86239 2.426
2453625.86505 2.371
2453625.86771 2.411
2453625.87039 2.397
2453625.87305 2.439
2453625.87571 2.446
