2453599.66282 1.237
2453599.66549 1.282
2453599.66817 1.309
2453599.67085 1.331
2453599.67352 1.33
2453599.69228 1.234
2453599.69495 1.179
2453599.69763 1.146
2453599.7003 1.148
2453599.70299 1.109
2453599.70917 1.106
2453599.71186 1.104
2453599.71721 1.094
2453599.7199 1.091
2453599.72257 1.113
2453599.72793 1.124
2453599.73061 1.152
2453599.73328 1.158
2453599.84826 1.107
2453599.85093 1.108
2453599.85628 1.145
2453599.85895 1.132
2453599.86162 1.137
2453599.86431 1.142
2453599.86698 1.166
2453599.86967 1.205
2453599.87233 1.192
2453599.87501 1.206
2453599.87769 1.177
2453599.88036 1.176
2453599.88303 1.163
2453599.88571 1.158
2453599.89106 1.13
2453599.90542 1.118
2453599.90809 1.114
2453599.91077 1.102
2453599.91345 1.142
2453599.91613 1.145
2453599.9188 1.165
2453599.92146 1.182
2453599.92414 1.209
2453599.92682 1.252
2453599.92951 1.279
