2453611.62043 1.568
2453611.62312 1.563
2453611.62579 1.537
2453611.62842 1.547
2453611.63105 1.512
2453611.63372 1.527
2453611.6364 1.513
2453611.63908 1.524
2453611.64175 1.49
2453611.66313 1.562
2453611.66848 1.582
2453611.67457 1.593
2453611.67724 1.64
2453611.68526 1.628
2453611.6906 1.62
2453611.69595 1.613
2453611.70925 1.598
2453611.71194 1.596
2453611.7146 1.586
2453611.71724 1.595
2453611.71988 1.612
2453611.7225 1.637
2453611.72514 1.63
2453611.73119 1.651
2453611.73381 1.648
2453611.73645 1.649
2453611.73909 1.641
2453611.74173 1.661
2453611.74436 1.657
2453611.74699 1.665
2453611.74963 1.679
2453611.77073 1.493
2453611.77336 1.499
2453611.78127 1.51
2453611.81124 1.555
2453611.81659 1.559
2453611.81923 1.56
2453611.82186 1.553
2453611.82449 1.551
2453611.82976 1.51
2453611.8324 1.5
2453611.83504 1.468
2453611.83768 1.447
2453611.84373 1.446
2453611.84637 1.428
2453611.84901 1.453
2453611.85164 1.434
2453611.85427 1.438
2453611.8569 1.467
2453611.85953 1.483
2453611.86217 1.508
2453611.86483 1.494
2453611.8675 1.523
2453611.87013 1.516
2453611.87277 1.51
2453611.87541 1.543
2453611.87805 1.523
2453611.88067 1.558
2453611.90286 1.491
2453611.90552 1.483
2453611.91087 1.461
2453611.91614 1.496
2453611.91878 1.495
2453611.92142 1.499
