2453608.65356 0.875
2453608.65624 0.891
2453608.65892 0.861
2453608.66159 0.87
2453608.66425 0.848
2453608.66695 0.823
2453608.66962 0.803
2453608.67228 0.785
2453608.67498 0.763
2453608.67764 0.76
2453608.68032 0.752
2453608.68566 0.767
2453608.68833 0.771
2453608.691 0.783
2453608.69367 0.805
2453608.69637 0.8
2453608.69903 0.822
2453608.70169 0.86
2453608.70437 0.876
2453608.71066 0.895
2453608.71334 0.911
2453608.71602 0.924
2453608.71868 0.931
2453608.72136 0.911
2453608.72669 0.879
2453608.72937 0.871
2453608.73204 0.857
2453608.73471 0.832
2453608.74007 0.824
2453608.74275 0.823
2453608.74542 0.827
2453608.74808 0.861
2453608.75076 0.838
2453608.75343 0.893
2453608.7561 0.913
2453608.75875 0.94
2453608.76143 0.938
2453608.7676 0.983
2453608.77027 1.027
2453608.77296 1.047
2453608.77563 1.078
2453608.7783 1.08
2453608.78098 1.107
2453608.78364 1.084
2453608.78631 1.082
2453608.78898 1.07
2453608.79166 1.044
2453608.79432 1.026
2453608.79699 0.945
2453608.79968 0.927
2453608.80503 0.844
2453608.8433 0.877
2453608.84598 0.944
2453608.84864 0.941
2453608.87269 0.803
2453608.87536 0.799
2453608.88422 0.8
2453608.88689 0.821
2453608.91089 0.935
2453608.91357 0.925
2453608.91624 0.892
2453608.91892 0.872
2453608.92424 0.857
2453608.92691 0.864
2453608.92959 0.874
