2454741.65372 1.214
2454741.65702 1.245
2454741.66364 1.276
2454741.66696 1.291
2454741.67026 1.307
2454741.67356 1.283
2454741.74027 1.257
2454741.74359 1.277
2454741.74691 1.216
2454741.76836 1.1
2454741.77166 1.098
2454741.78156 1.202
2454741.78487 1.24
2454741.78818 1.284
2454741.83102 1.174
2454741.83435 1.146
2454741.83764 1.164
2454741.84096 1.136
2454741.84429 1.162
2454741.84759 1.179
2454741.8509 1.245
2454741.85749 1.263
2454741.8621 1.28
2454741.8654 1.288
2454741.86867 1.285
2454741.87525 1.224
2454741.87854 1.184
2454741.88184 1.149
2454741.88515 1.102
2454741.88846 1.116
2454741.89176 1.073
2454741.89964 1.127
2454741.90293 1.193
2454741.90624 1.185
2454741.90954 1.226
2454741.91286 1.201
2454741.9162 1.239
2454741.92281 1.242
