2456516.68315 16.134
2456516.68614 16.134
2456516.68911 16.173
2456516.6921 16.145
2456516.69507 16.111
2456516.69806 16.115
2456516.70103 16.09
2456516.70402 16.07
2456516.71213 16.03
2456516.7151 16.033
2456516.71808 16.018
2456516.72106 16.049
2456516.72404 16.088
2456516.72702 16.058
2456516.73 16.048
2456516.73298 16.075
2456516.73595 16.051
2456516.73893 16.059
2456516.74556 16.082
2456516.74854 16.1
2456516.75151 16.136
2456516.75449 16.149
2456516.75746 16.13
2456516.76043 16.136
2456516.76341 16.138
2456516.76638 16.149
2456516.76936 16.106
2456516.77233 16.097
2456516.78054 16.022
2456516.78353 16.011
2456516.7865 16.011
2456516.78948 16.029
2456516.79245 16.034
2456516.79542 16.023
2456516.7984 16.037
2456516.80137 16.047
2456516.81371 16.075
2456516.81669 16.088
2456516.81966 16.126
2456516.82265 16.122
2456516.82563 16.128
2456516.82861 16.129
2456516.83159 16.115
2456516.83457 16.075
2456516.83755 16.07
2456516.84053 16.045
2456516.84972 16.029
2456516.8527 16.046
2456516.85567 16.054
2456516.85866 16.074
2456516.86163 16.071
2456516.86461 16.089
2456516.86758 16.089
2456516.87056 16.095
2456516.87354 16.113
2456516.87651 16.124
2456516.88291 16.215
2456516.88587 16.226
2456516.88885 16.2
2456516.89183 16.224
2456516.89481 16.229
2456516.89779 16.237
2456516.90076 16.229
2456516.90374 16.214
2456516.90671 16.185
2456516.90969 16.182
2456516.91869 16.149
2456516.92167 16.132
2456516.92465 16.174
2456516.92763 16.179
2456516.93061 16.205
2456516.9336 16.205
2456516.93657 16.239
2456516.93955 16.242
2456516.94551 16.242
2456516.95214 16.229
2456516.95512 16.233
2456516.96108 16.227
