2453591.65112 1.592
2453591.66024 1.633
2453591.66488 1.602
2453591.66949 1.634
2453591.67178 1.686
2453591.6741 1.625
2453591.67642 1.714
2453591.68372 1.795
2453591.68603 1.804
2453591.68833 1.768
2453591.69064 1.77
2453591.69288 1.822
2453591.69513 1.85
2453591.69738 1.819
2453591.77739 1.655
2453591.77974 1.604
2453591.78439 1.558
2453591.7867 1.628
2453591.78901 1.581
2453591.79133 1.569
2453591.80086 1.599
2453591.80317 1.671
2453591.80548 1.64
2453591.81011 1.682
2453591.81935 1.715
2453591.82168 1.693
2453591.88998 1.681
2453591.89229 1.671
2453591.8946 1.657
2453591.89691 1.711
2453591.90153 1.688
2453591.90616 1.664
2453591.91142 1.579
2453591.91374 1.578
2453591.91836 1.617
2453591.92303 1.565
