2455812.61321 15.46
2455812.61573 15.48
2455812.61825 15.5
2455812.62078 15.47
2455812.62331 15.453
2455812.62583 15.447
2455812.62839 15.474
2455812.63091 15.476
2455812.63343 15.46
2455812.63596 15.477
2455812.63848 15.463
2455812.64102 15.493
2455812.64858 15.563
2455812.6511 15.529
2455812.65363 15.507
2455812.66363 15.498
2455812.66615 15.443
2455812.66867 15.472
2455812.6712 15.425
2455812.68633 15.481
2455812.68886 15.521
2455812.69138 15.483
2455812.69895 15.516
2455812.70401 15.512
2455812.70652 15.52
2455812.70904 15.514
2455812.713 15.513
2455812.71552 15.53
2455812.71805 15.508
2455812.72058 15.508
2455812.7231 15.491
2455812.72566 15.462
2455812.72818 15.466
2455812.73071 15.478
2455812.73323 15.468
2455812.73575 15.505
2455812.73827 15.494
2455812.74585 15.498
2455812.74837 15.502
2455812.75089 15.519
2455812.75341 15.524
2455812.75593 15.542
2455812.75846 15.558
2455812.76098 15.552
2455812.76737 15.536
2455812.76989 15.495
2455812.77241 15.506
2455812.77493 15.468
2455812.77746 15.468
2455812.78251 15.489
2455812.79008 15.474
2455812.80271 15.481
2455812.80524 15.492
2455812.80776 15.496
2455812.81553 15.477
2455812.82463 15.464
2455812.82715 15.464
2455812.82968 15.465
2455812.8322 15.47
2455812.83472 15.467
2455812.83724 15.469
2455812.83977 15.462
2455812.84229 15.458
2455812.86273 15.517
2455812.86525 15.491
2455812.86777 15.525
2455812.8725 15.471
2455812.88765 15.418
2455812.89017 15.437
2455812.89522 15.476
2455812.89774 15.477
2455812.90027 15.482
2455812.91561 15.468
2455812.91814 15.512
2455812.92067 15.521
2455812.92319 15.548
2455812.92826 15.545
2455812.93582 15.509
2455812.96631 15.559
2455812.96884 15.538
2455812.97136 15.534
2455812.97389 15.553
2455812.97641 15.549
2455812.98183 15.515
2455812.98967 15.472
2455812.99219 15.461
2455812.99978 15.455
