2455826.74375 15.478
2455826.74666 15.499
2455826.74956 15.475
2455826.75247 15.49
2455826.75538 15.499
2455826.75829 15.497
2455826.7612 15.502
2455826.76412 15.482
2455826.76702 15.497
2455826.76995 15.481
2455826.77546 15.478
2455826.77836 15.504
2455826.78128 15.493
2455826.78419 15.496
2455826.78708 15.484
2455826.78997 15.469
2455826.79288 15.478
2455826.79577 15.478
2455826.80046 15.486
2455826.80335 15.463
2455826.80625 15.463
2455826.80916 15.46
2455826.81206 15.471
2455826.81495 15.487
2455826.81784 15.505
2455826.82335 15.527
2455826.82625 15.54
2455826.82915 15.513
2455826.83205 15.485
2455826.85444 15.447
2455826.85736 15.458
2455826.86027 15.451
2455826.86316 15.441
2455826.86608 15.45
2455826.87156 15.429
2455826.87448 15.459
2455826.87738 15.517
2455826.88028 15.542
2455826.88319 15.553
2455826.88609 15.558
2455826.889 15.546
2455826.89191 15.513
2455826.90884 15.46
2455826.91174 15.512
2455826.91465 15.529
2455826.92014 15.51
2455826.92303 15.503
2455826.92593 15.54
2455826.92886 15.571
2455826.93175 15.568
2455826.93464 15.588
2455826.93754 15.561
2455826.94044 15.54
2455826.94333 15.546
2455826.94623 15.538
2455826.94913 15.538
2455826.95202 15.546
2455826.95494 15.532
2455826.95784 15.54
