2457462.622685 +16.557
2457462.624945 +16.627
2457462.627250 +16.569
2457462.629558 +16.645
2457462.634169 +16.597
2457462.636467 +16.617
2457462.638769 +16.763
2457462.641068 +16.757
2457462.643374 +16.747
2457462.657834 +16.738
2457462.660093 +16.715
2457462.662348 +16.641
2457462.669242 +16.591
2457462.676935 +16.572
2457462.679207 +16.621
2457462.681514 +16.582
2457462.688363 +16.676
2457462.690621 +16.712
2457462.692893 +16.709
2457462.695200 +16.755
2457462.704834 +16.674
2457462.707100 +16.714
2457462.709413 +16.672
2457462.711677 +16.657
2457462.713988 +16.676
2457462.716255 +16.599
2457462.718526 +16.614
2457462.720789 +16.561
2457462.723096 +16.635
2457462.729610 +16.596
2457462.731917 +16.663
2457462.734225 +16.666
2457462.736491 +16.623
2457462.738799 +16.701
2457462.743333 +16.751
2457462.745643 +16.758
2457462.759774 +16.698
2457462.762081 +16.662
2457462.764387 +16.586
2457462.766697 +16.628
2457462.769005 +16.549
2457462.771264 +16.511
2457462.773568 +16.513
2457462.782383 +16.644
2457462.784692 +16.690
2457462.787003 +16.695
2457462.789318 +16.703
2457462.791587 +16.707
2457462.793898 +16.722
2457462.796160 +16.718
2457462.798418 +16.725
2457462.800744 +16.720
2457462.803050 +16.691
2457462.808087 +16.634
2457462.810343 +16.602
2457462.812601 +16.608
2457462.817179 +16.623
2457462.819439 +16.579
2457462.821749 +16.605
2457462.824057 +16.571
2457462.826322 +16.576
2457462.828633 +16.591
2457462.835133 +16.669
2457462.837442 +16.680
2457462.839750 +16.679
2457462.842060 +16.794
2457462.844323 +16.836
2457462.846582 +16.852
2457462.848841 +16.855
2457462.851103 +16.878
2457462.853361 +16.838
2457462.855619 +16.791
2457462.860957 +16.726
2457462.865523 +16.631
2457462.870086 +16.608
2457462.872396 +16.527
2457462.874665 +16.544
2457462.876927 +16.528
2457462.879235 +16.587
2457462.881503 +16.637
2457462.890312 +16.668
2457462.892573 +16.706
2457462.894882 +16.765
2457462.897145 +16.752
2457462.899411 +16.719
2457462.903987 +16.700
2457462.906249 +16.703
2457462.908511 +16.708
