2457463.629828 +16.732
2457463.632138 +16.734
2457463.643524 +16.939
2457463.648737 +16.953
2457463.653306 +16.862
2457463.655566 +16.839
2457463.664709 +16.711
2457463.683226 +16.740
2457463.685485 +16.770
2457463.687743 +16.768
2457463.694623 +16.778
2457463.696897 +16.754
2457463.706600 +16.720
2457463.713392 +16.734
2457463.729043 +16.696
2457463.733654 +16.731
2457463.735910 +16.807
2457463.738217 +16.874
2457463.742781 +16.916
2457463.745088 +16.962
2457463.747349 +16.964
2457463.757247 +16.861
2457463.759509 +16.760
2457463.761814 +16.718
2457463.764120 +16.646
2457463.766424 +16.625
2457463.768681 +16.656
2457463.770937 +16.625
2457463.775547 +16.656
2457463.782042 +16.727
2457463.784349 +16.805
2457463.791199 +16.819
2457463.793508 +16.792
2457463.795766 +16.789
2457463.798078 +16.781
2457463.800383 +16.769
2457463.814591 +16.741
2457463.816852 +16.766
2457463.819113 +16.735
2457463.821374 +16.726
2457463.823679 +16.691
2457463.828248 +16.711
2457463.836983 +16.864
2457463.839299 +16.902
2457463.841564 +16.929
2457463.843822 +16.913
2457463.850662 +16.936
2457463.852973 +16.906
2457463.855282 +16.790
2457463.860311 +16.716
2457463.862620 +16.634
2457463.867145 +16.648
2457463.869409 +16.657
2457463.871667 +16.677
2457463.873925 +16.681
2457463.876233 +16.706
2457463.878539 +16.742
2457463.880808 +16.810
2457463.887569 +16.762
2457463.903477 +16.784
2457463.905738 +16.738
2457463.907992 +16.716
2457463.915386 +16.713
2457463.917693 +16.731
2457463.919958 +16.757
2457463.922233 +16.716
2457463.926802 +16.707
2457463.929109 +16.741
2457463.933687 +16.833
