2457242.677042 +17.173
2457242.680056 +17.218
2457242.686084 +17.193
2457242.701557 +17.253
2457242.704569 +17.287
2457242.707565 +17.304
2457242.710575 +17.417
2457242.713589 +17.437
2457242.716599 +17.479
2457242.722623 +17.560
2457242.737166 +17.177
2457242.743190 +17.159
2457242.746202 +17.175
2457242.749219 +17.245
2457242.752229 +17.247
2457242.755246 +17.311
2457242.758262 +17.269
2457242.773787 +17.192
2457242.776802 +17.204
2457242.779815 +17.197
2457242.782830 +17.200
2457242.791863 +17.155
2457242.800520 +17.204
2457242.806543 +17.378
2457242.809547 +17.401
2457242.812556 +17.468
2457242.815560 +17.498
2457242.818568 +17.543
2457242.821585 +17.564
2457242.824595 +17.530
2457242.827609 +17.505
2457242.840102 +17.173
2457242.843121 +17.164
2457242.846132 +17.161
2457242.849143 +17.227
2457242.852159 +17.214
2457242.855176 +17.268
2457242.858185 +17.333
2457242.861199 +17.306
2457242.872383 +17.262
2457242.875392 +17.264
2457242.887428 +17.206
2457242.890441 +17.173
2457242.893447 +17.185
2457242.896455 +17.216
2457242.902928 +17.231
2457242.905941 +17.282
2457242.908948 +17.365
2457242.911962 +17.416
2457242.914981 +17.531
2457242.917993 +17.585
2457242.927033 +17.496
2457242.930053 +17.384
