2457240.668027 +17.440
2457240.671034 +17.448
2457240.683061 +17.342
2457240.686076 +17.323
2457240.689088 +17.296
2457240.698570 +17.257
2457240.701579 +17.250
2457240.704594 +17.313
2457240.707606 +17.313
2457240.710617 +17.413
2457240.713624 +17.484
2457240.716629 +17.575
2457240.719635 +17.563
2457240.734370 +17.604
2457240.737378 +17.582
2457240.740391 +17.475
2457240.743409 +17.457
2457240.746419 +17.424
2457240.749428 +17.327
2457240.764993 +17.464
2457240.768006 +17.484
2457240.777031 +17.395
2457240.780036 +17.407
2457240.783049 +17.374
2457240.786066 +17.360
2457240.803783 +17.284
2457240.806790 +17.395
2457240.824832 +17.658
2457240.827848 +17.695
2457240.834319 +17.586
2457240.837331 +17.630
2457240.840343 +17.454
2457240.849387 +17.278
2457240.852401 +17.336
2457240.855416 +17.398
2457240.858429 +17.432
2457240.861445 +17.454
2457240.875407 +17.409
2457240.884440 +17.342
2457240.887446 +17.327
2457240.893460 +17.304
2457240.896469 +17.301
2457240.902934 +17.260
2457240.905943 +17.390
2457240.908957 +17.345
2457240.911968 +17.458
2457240.914987 +17.488
2457240.921015 +17.604
2457240.930057 +17.680
2457240.938234 +17.577
2457240.941240 +17.452
2457240.944245 +17.397
2457240.947256 +17.381
2457240.950267 +17.299
2457240.953274 +17.370
