2456026.61909 18.215
2456026.62278 18.317
2456026.6338 18.462
2456026.63749 18.396
2456026.64115 18.276
2456026.64482 18.245
2456026.64849 18.374
2456026.65217 18.332
2456026.66096 18.171
2456026.66466 18.284
2456026.66836 18.243
2456026.67206 18.328
2456026.67575 18.264
2456026.67944 18.262
2456026.68311 18.321
2456026.6868 18.296
2456026.69048 18.456
2456026.69418 18.43
2456026.71035 18.361
2456026.71401 18.205
2456026.71768 18.322
2456026.72136 18.264
2456026.72504 18.2
2456026.73241 18.24
2456026.73608 18.29
2456026.74457 18.475
2456026.75562 18.351
2456026.7593 18.343
2456026.76298 18.407
2456026.76666 18.221
2456026.77034 18.341
2456026.774 18.184
2456026.77768 18.175
2456026.78626 18.232
2456026.79362 18.215
2456026.79729 18.249
2456026.80097 18.26
2456026.80465 18.325
2456026.80832 18.372
2456026.81567 18.397
2456026.81935 18.384
2456026.82764 18.39
2456026.83131 18.327
2456026.83498 18.306
2456026.84234 18.221
2456026.84601 18.28
2456026.84968 18.185
2456026.85336 18.208
2456026.85703 18.232
2456026.8607 18.238
2456026.87297 18.527
2456026.87665 18.481
2456026.88032 18.452
2456026.88399 18.417
2456026.88767 18.349
2456026.89134 18.2
2456026.89502 18.331
2456026.89869 18.226
2456026.90236 18.214
2456026.92154 18.333
2456026.92521 18.49
2456026.9289 18.441
2456026.93256 18.535
2456026.95173 18.389
2456026.95541 18.316
2456026.95909 18.358
