2457141.742086 +17.839
2457141.745047 +17.862
2457141.750976 +17.870
2457141.753940 +17.911
2457141.756917 +17.954
2457141.762846 +17.996
2457141.765805 +18.045
2457141.773748 +17.918
2457141.776712 +17.967
2457141.779673 +17.885
2457141.782635 +17.980
2457141.785599 +17.894
2457141.788576 +17.896
2457141.791542 +17.868
2457141.794503 +17.940
2457141.847332 +17.873
2457141.850297 +17.855
2457141.853262 +17.888
2457141.856236 +17.841
2457141.859209 +17.832
2457141.862175 +17.837
2457141.865141 +17.802
2457141.868111 +17.849
2457141.877613 +17.993
2457141.880576 +18.020
2457141.883542 +17.990
2457141.886505 +18.021
2457141.892436 +17.961
2457141.895396 +17.913
2457141.908534 +17.868
2457141.911493 +17.881
2457141.917417 +17.892
2457141.920376 +17.807
2457141.923338 +17.829
2457141.926306 +17.856
2457141.929287 +17.892
2457141.932252 +17.889
2457141.935208 +17.961
2457141.941811 +17.992
2457141.944772 +18.000
2457141.947733 +18.069
2457141.950696 +18.036
2457141.953661 +17.982
2457141.956634 +17.956
2457141.959613 +17.906
2457141.962572 +17.935
2457141.965535 +17.876
2457141.976528 +17.929
2457141.979488 +18.009
2457141.982453 +17.962
2457141.985418 +18.045
2457141.988384 +18.055
2457141.991347 +18.029
2457141.994330 +18.108
