2456016.60398 18.24
2456016.60767 18.205
2456016.61504 18.196
2456016.62611 18.179
2456016.62986 18.154
2456016.6336 18.108
2456016.65756 18.105
2456016.81369 18.02
2456016.81744 17.994
2456016.82116 17.977
2456016.82489 18.038
2456016.82861 18.042
2456016.83234 18.065
2456016.83607 18.115
2456016.8398 18.162
2456016.84354 18.154
2456016.85605 18.148
2456016.85976 18.121
2456016.86351 18.115
2456016.86724 18.067
2456016.87097 18.007
2456016.8747 18.029
2456016.87841 18.02
2456016.88213 18.01
2456016.88585 18.037
2456016.88959 18.031
2456016.89853 18.15
2456016.90228 18.144
2456016.90603 18.2
2456016.90976 18.198
2456016.91726 18.201
2456016.92471 18.16
2456016.92844 18.07
2456016.93218 18.07
2456016.94089 17.962
2456016.94463 17.979
