2457142.737360 +17.932
2457142.743288 +17.877
2457142.746214 +17.856
2457142.752150 +17.861
2457142.755117 +17.846
2457142.807599 +17.874
2457142.822435 +17.829
2457142.825392 +17.807
2457142.828364 +17.812
2457142.831332 +17.905
2457142.840725 +17.970
2457142.843691 +17.958
2457142.846663 +18.004
2457142.855557 +17.928
2457142.898504 +18.003
2457142.905040 +17.984
2457142.910963 +17.979
2457142.916901 +17.994
2457142.919877 +17.973
2457142.922840 +17.886
2457142.925763 +17.861
2457142.928743 +17.835
2457142.931706 +17.868
2457142.938967 +17.856
2457142.941948 +17.848
2457142.944924 +17.849
2457142.950856 +17.892
2457142.975275 +18.056
2457142.978245 +18.025
2457142.981222 +18.018
2457142.984189 +18.026
2457142.990116 +18.056
2457142.993095 +18.013
2457142.996075 +17.969
