2457151.672407 +17.945
2457151.675418 +17.917
2457151.678432 +17.859
2457151.684450 +17.856
2457151.687455 +17.744
2457151.690466 +17.761
2457151.696473 +17.741
2457151.699495 +17.750
2457151.730341 +17.969
2457151.733358 +18.010
2457151.745257 +17.906
2457151.751262 +17.853
2457151.757269 +17.765
2457151.760280 +17.747
2457151.763290 +17.768
2457151.766297 +17.785
2457151.769311 +17.786
2457151.776708 +17.840
2457151.779713 +17.922
2457151.782734 +17.899
2457151.785746 +17.946
2457151.811794 +17.785
2457151.814804 +17.720
2457151.817824 +17.755
2457151.832888 +17.893
2457151.835898 +17.922
2457151.848575 +17.881
2457151.851582 +17.869
2457151.860590 +17.774
2457151.863597 +17.737
2457151.866603 +17.762
2457151.869617 +17.813
2457151.872622 +17.734
2457151.886898 +17.788
2457151.889910 +17.850
2457151.892914 +17.861
2457151.895921 +17.845
2457151.898928 +17.860
2457151.904947 +17.921
2457151.907953 +17.876
2457151.914626 +17.827
2457151.917634 +17.820
2457151.926671 +17.829
2457151.938702 +17.835
2457151.941708 +17.847
2457151.949645 +17.881
2457151.952653 +17.902
2457151.955660 +17.930
2457151.958672 +17.883
2457151.964688 +17.936
2457151.983271 +17.739
