2456010.62032 18.29
2456010.62771 18.159
2456010.63141 18.157
2456010.63512 18.152
2456010.63883 18.129
2456010.64624 18.168
2456010.65633 18.218
2456010.66372 18.278
2456010.6748 18.326
2456010.67849 18.319
2456010.68588 18.261
2456010.69904 18.172
2456010.70273 18.205
2456010.70642 18.137
2456010.71011 18.221
2456010.7138 18.232
2456010.72117 18.362
2456010.74234 18.324
2456010.74603 18.27
2456010.74972 18.194
2456010.75341 18.271
2456010.75711 18.104
2456010.76081 18.109
2456010.76449 18.165
2456010.76816 18.098
2456010.77186 18.192
2456010.77554 18.074
2456010.78588 18.207
2456010.78955 18.238
2456010.79322 18.234
2456010.7969 18.144
2456010.80059 18.163
2456010.80427 18.068
2456010.80796 18.089
2456010.81166 18.049
2456010.81536 18.015
2456010.81902 18.029
2456010.828 18.033
2456010.8317 18.024
2456010.83539 18.053
2456010.84645 18.169
2456010.85755 18.19
2456010.86126 18.14
2456010.87106 18.095
2456010.87475 18.053
2456010.87845 18.053
2456010.88214 18.047
2456010.88583 18.09
2456010.88952 18.093
2456010.89322 18.078
2456010.89692 18.08
2456010.9006 18.179
2456010.90426 18.238
2456010.91465 18.195
2456010.91836 18.163
2456010.92206 18.153
2456010.92575 18.114
2456010.92943 18.102
2456010.93311 18.096
2456010.93679 18.046
2456010.94049 18.122
2456010.94786 18.07
2456010.95762 18.151
2456010.96132 18.195
2456010.96501 18.217
2456010.96872 18.267
2456010.9724 18.306
2456010.9761 18.273
2456010.9798 18.249
2456010.98351 18.214
2456010.99092 18.178
