2456014.60773 18.238
2456014.61141 18.167
2456014.61878 18.205
2456014.62246 18.323
2456014.62614 18.347
2456014.64339 18.213
2456014.66134 18.094
2456014.67238 18.078
2456014.67606 18.168
2456014.67974 18.246
2456014.68342 18.222
2456014.70441 18.176
2456014.7081 18.18
2456014.71177 18.17
2456014.71546 18.158
2456014.72281 18.113
2456014.72649 18.131
2456014.73017 18.085
2456014.74672 18.321
2456014.7504 18.31
2456014.76512 18.161
2456014.7688 18.197
2456014.77248 18.066
2456014.77617 18.032
2456014.80045 18.202
2456014.80413 18.284
2456014.80781 18.329
2456014.81149 18.285
2456014.81517 18.323
2456014.81885 18.256
2456014.82252 18.242
2456014.83195 18.141
2456014.83563 18.141
2456014.83931 18.146
2456014.843 18.111
2456014.84667 18.089
2456014.85035 18.124
2456014.85772 18.251
2456014.86509 18.337
2456014.87463 18.276
2456014.87832 18.267
2456014.88199 18.154
2456014.88568 18.136
2456014.88935 18.143
2456014.89304 18.129
2456014.89671 18.102
2456014.90039 18.067
2456014.90407 18.052
2456014.90775 18.127
2456014.92488 18.28
2456014.92857 18.315
2456014.93595 18.265
2456014.93963 18.218
2456014.94331 18.242
2456014.94698 18.237
2456014.95066 18.162
