2456017.62522 18.222
2456017.6326 18.214
2456017.6363 18.167
2456017.66402 18.084
2456017.66772 18.048
2456017.6751 18.13
2456017.68615 18.148
2456017.68983 18.22
2456017.69351 18.11
2456017.70259 18.107
2456017.70627 18.097
2456017.71363 18.0
2456017.7173 18.077
2456017.72099 18.014
2456017.72466 18.068
2456017.72834 18.028
2456017.73202 18.009
2456017.7357 18.083
2456017.74488 18.208
2456017.74855 18.164
2456017.75223 18.188
2456017.75591 18.181
2456017.76326 18.021
2456017.79133 18.057
2456017.88726 18.002
2456017.89829 18.02
2456017.90197 17.943
2456017.90564 17.935
