2456011.62268 18.3
2456011.63003 18.306
2456011.63371 18.268
2456011.70597 18.175
2456011.70964 18.21
2456011.71332 18.108
2456011.71699 18.065
2456011.72067 18.137
2456011.72435 18.103
2456011.72803 18.109
2456011.73171 18.088
2456011.73539 18.141
2456011.73907 18.139
2456011.74793 18.293
2456011.75161 18.299
2456011.75529 18.225
2456011.75897 18.2
2456011.76633 18.119
2456011.77002 18.116
2456011.7737 18.105
2456011.77738 18.088
2456011.78107 18.127
2456011.79353 18.144
2456011.7972 18.17
2456011.81928 18.263
2456011.82296 18.302
2456011.83126 18.234
2456011.83494 18.135
2456011.83862 18.121
2456011.8423 18.155
2456011.84598 18.182
2456011.85334 18.176
2456011.85702 18.203
2456011.8607 18.25
2456011.86439 18.271
2456011.87628 18.236
2456011.87995 18.248
2456011.88364 18.203
2456011.88734 18.185
2456011.89104 18.11
2456011.89838 18.115
2456011.90206 18.09
2456011.90574 18.073
2456011.91444 18.105
2456011.91811 18.142
2456011.92179 18.156
2456011.92547 18.257
2456011.92915 18.244
2456011.93283 18.301
2456011.93651 18.257
2456011.9402 18.163
2456011.94387 18.187
2456011.94756 18.189
