2456008.68507 18.158
2456008.68876 18.207
2456008.69614 18.169
2456008.70979 18.119
2456008.72456 18.085
2456008.72825 18.053
2456008.73194 18.112
2456008.73564 18.126
2456008.74301 18.187
2456008.7523 18.219
2456008.75599 18.256
2456008.76338 18.202
2456008.76705 18.147
2456008.77075 18.147
2456008.77445 18.139
2456008.77814 18.114
2456008.78184 18.128
2456008.81077 18.311
2456008.81445 18.297
2456008.81813 18.288
2456008.82182 18.236
2456008.82549 18.257
2456008.82917 18.161
2456008.83285 18.159
2456008.84022 18.126
2456008.8439 18.129
2456008.85218 18.101
2456008.85586 18.056
2456008.85955 18.112
2456008.86323 18.134
2456008.86691 18.172
2456008.87059 18.198
2456008.90857 18.035
2456008.91594 18.073
2456008.91962 18.128
2456008.92331 18.221
2456008.92698 18.238
2456008.93568 18.211
2456008.93936 18.214
2456008.94304 18.175
2456008.94672 18.224
2456008.95039 18.178
2456008.95407 18.132
2456008.95774 18.082
2456008.96142 18.142
2456008.9651 18.084
2456008.96879 18.092
2456008.97735 18.144
2456008.98103 18.139
2456008.98471 18.194
2456008.98839 18.272
