2456009.60404 18.257
2456009.60773 18.256
2456009.61141 18.252
2456009.61511 18.172
2456009.61881 18.146
2456009.62249 18.212
2456009.62616 18.165
2456009.62985 18.244
2456009.64283 18.361
2456009.64652 18.341
2456009.65021 18.374
2456009.65391 18.327
2456009.65759 18.308
2456009.66127 18.368
2456009.66497 18.312
2456009.66866 18.279
2456009.67236 18.27
2456009.67606 18.181
2456009.6849 18.149
2456009.71448 18.274
2456009.71817 18.243
2456009.72704 18.056
2456009.73073 18.068
2456009.73442 18.051
2456009.7381 18.067
2456009.74177 18.07
2456009.74546 18.085
2456009.74913 18.089
2456009.76871 18.273
2456009.7724 18.236
2456009.77609 18.245
2456009.77977 18.242
2456009.78344 18.189
2456009.78712 18.16
2456009.79081 18.14
2456009.81402 18.149
2456009.8177 18.19
2456009.82139 18.224
2456009.82507 18.276
2456009.82875 18.256
2456009.83244 18.262
2456009.83613 18.236
2456009.83981 18.205
2456009.8435 18.167
2456009.85183 18.128
2456009.85552 18.107
2456009.8592 18.102
2456009.86288 18.061
2456009.86656 18.091
2456009.87025 18.1
2456009.88133 18.192
2456009.89347 18.209
2456009.89715 18.21
2456009.90082 18.208
2456009.90821 18.217
2456009.91188 18.203
2456009.91556 18.115
2456009.91924 18.105
2456009.92292 18.155
2456009.93523 18.144
2456009.93891 18.195
2456009.9426 18.216
2456009.94627 18.275
2456009.94995 18.179
2456009.95364 18.186
2456009.95733 18.17
2456009.96101 18.132
2456009.96469 18.094
2456009.96837 18.077
2456009.97688 18.108
2456009.98056 18.103
2456009.98425 18.092
