2456664.66832 18.869
2456664.68155 18.647
2456664.69525 18.334
2456664.71105 18.123
2456664.72479 18.266
2456664.73850 18.589
2456664.75225 18.878
2456664.76598 18.571
2456664.77975 18.177
2456664.80723 18.202
2456664.82100 18.485
2456664.83476 18.799
2456664.84852 18.552
2456664.86236 18.225
2456664.87626 18.190
2456664.89226 18.287
2456664.90630 18.545
2456664.92231 18.786
2456664.93615 18.433
2456664.95001 18.149
2456664.96389 18.123
2456664.97777 18.345
2456664.99176 18.613
2456665.01967 18.448
2456665.04765 18.008
2456665.06166 18.368
