2456663.65682 18.487
2456663.68755 18.589
2456663.70216 18.264
2456663.71827 18.170
2456663.73197 18.395
2456663.74773 18.695
2456663.76282 18.860
2456663.77652 18.374
2456663.79023 18.161
2456663.80401 18.139
2456663.81773 18.414
2456663.83144 18.696
2456663.84516 18.652
2456663.85886 18.366
2456663.88638 18.204
2456663.90021 18.307
2456663.91402 18.678
2456663.93006 18.873
2456663.94385 18.335
2456663.95984 18.211
2456663.97365 18.257
2456663.98748 18.486
2456664.00134 18.843
2456664.01525 18.995
2456664.03148 18.360
2456664.04542 18.197
2456664.05937 18.309
