2454377.92015 1.596
2454377.92254 1.575
2454377.93434 1.546
2454377.93673 1.538
2454377.94815 1.546
2454377.95155 1.565
2454377.96295 1.587
2454377.96534 1.571
2454377.97691 1.579
2454377.97935 1.565
2454377.99346 1.519
2454377.99689 1.512
2454378.01223 1.471
2454378.01462 1.495
2454378.03307 1.529
2454378.03545 1.528
2454378.04771 1.545
2454378.05009 1.528
2454378.06354 1.535
2454378.06789 1.533
2454378.08358 1.513
2454378.08596 1.496
2454378.10122 1.551
2454378.10365 1.549
2454378.11738 1.574
2454378.11977 1.557
2454378.13514 1.58
2454378.13756 1.549
2454378.14583 1.505
2454378.14979 1.542
2454378.15954 1.503
2454378.16192 1.497
2454378.17155 1.489
2454378.17394 1.499
2454378.1837 1.546
2454378.18609 1.582
2454378.19633 1.53
2454378.19872 1.56
2454378.20845 1.547
2454378.21086 1.543
2454378.22234 1.531
2454378.22472 1.53
2454378.23576 1.494
2454378.23815 1.481
2454378.24793 1.491
2454378.25031 1.529
2454378.26013 1.572
