2454386.88497 1.133
2454386.88857 1.142
2454386.89917 1.166
2454386.90223 1.132
2454386.91307 1.167
2454386.91613 1.18
2454386.9309 1.201
2454386.93497 1.192
2454386.94929 1.119
2454386.95237 1.124
2454386.98472 1.008
2454386.99992 1.075
2454387.003 1.072
2454387.01777 1.075
2454387.02088 1.082
2454387.03582 1.023
2454387.03889 1.0
2454387.05336 0.992
2454387.05712 0.993
2454387.0717 1.029
2454387.0748 1.048
2454387.08906 1.055
2454387.09311 1.079
2454387.10794 1.058
2454387.11102 1.041
2454387.1263 1.026
2454387.12938 1.016
2454387.14787 1.083
2454387.15095 1.095
2454387.15986 1.046
2454387.16294 1.059
2454387.17159 1.06
2454387.17466 1.067
2454387.18392 1.061
2454387.187 1.015
2454387.19594 1.009
2454387.19904 1.005
2454387.20799 1.006
2454387.21105 0.999
2454387.21978 1.048
2454387.22287 1.077
2454387.23184 1.075
