2454387.91054 1.663
2454387.91362 1.696
2454387.93027 1.738
2454387.93398 1.686
2454387.95079 1.654
2454387.95486 1.633
2454387.97087 1.631
2454387.97395 1.666
2454387.99067 1.679
2454387.99375 1.702
2454388.01147 1.713
2454388.01455 1.687
2454388.03093 1.657
2454388.03464 1.652
2454388.05169 1.722
2454388.05476 1.708
2454388.0771 1.719
2454388.08082 1.722
2454388.10177 1.641
2454388.1049 1.661
2454388.12107 1.663
2454388.12479 1.675
2454388.14115 1.685
2454388.14423 1.714
2454388.15117 1.732
2454388.15425 1.733
2454388.16199 1.701
2454388.16509 1.684
2454388.17255 1.646
2454388.17564 1.673
2454388.18264 1.663
2454388.18572 1.645
2454388.19329 1.684
2454388.19637 1.679
2454388.20267 1.714
2454388.20674 1.725
2454388.21303 1.699
2454388.21704 1.719
2454388.2231 1.73
2454388.22712 1.71
