2454381.91683 1.78
2454381.91991 1.776
2454381.92299 1.788
2454381.92742 1.787
2454381.9305 1.781
2454381.93357 1.783
2454381.93843 1.788
2454381.94152 1.788
2454381.94458 1.811
2454381.94976 1.826
2454381.95284 1.82
2454381.95591 1.843
2454381.96059 1.845
2454381.96367 1.857
2454381.96674 1.857
2454381.97958 1.851
2454381.98431 1.829
2454381.98738 1.833
2454382.00012 1.813
2454382.00322 1.818
2454382.00758 1.813
2454382.02074 1.844
2454382.02382 1.875
2454382.02691 1.869
2454382.04145 1.889
2454382.04453 1.895
2454382.0476 1.881
2454382.06258 1.827
2454382.06707 1.815
2454382.07015 1.804
2454382.08207 1.799
2454382.08515 1.779
2454382.0898 1.798
2454382.10234 1.823
2454382.10543 1.824
2454382.10851 1.831
2454382.12053 1.864
2454382.12526 1.875
2454382.12833 1.881
2454382.14064 1.846
2454382.14372 1.819
2454382.14808 1.814
2454382.16089 1.817
2454382.16398 1.824
2454382.16706 1.842
2454382.17949 1.883
2454382.1842 1.861
2454382.18729 1.842
2454382.20031 1.873
2454382.2034 1.86
2454382.20799 1.875
2454382.22107 1.807
