2454388.88538 0.331
2454388.88846 0.328
2454388.89873 0.353
2454388.90251 0.363
2454388.91738 0.309
2454388.92045 0.305
2454388.93529 0.292
2454388.93942 0.265
2454388.95451 0.367
2454388.9576 0.416
2454388.97343 0.328
2454388.97652 0.359
2454388.99403 0.327
2454388.99711 0.358
2454389.01133 0.254
2454389.01441 0.233
2454389.03057 0.332
2454389.03365 0.338
2454389.04912 0.372
2454389.05324 0.371
2454389.06979 0.336
2454389.07392 0.322
2454389.08872 0.36
2454389.09181 0.33
2454389.10787 0.407
2454389.11119 0.443
2454389.1261 0.491
2454389.13048 0.482
2454389.1463 0.44
2454389.14939 0.402
2454389.15899 0.412
2454389.16216 0.397
2454389.17173 0.419
2454389.17588 0.407
2454389.18434 0.397
2454389.18841 0.424
2454389.20026 0.454
2454389.20335 0.464
2454389.21313 0.442
2454389.21622 0.401
2454389.22527 0.357
