2455426.63927 16.158
2455426.64222 16.201
2455426.6481 16.109
2455426.65104 16.039
2455426.65741 15.967
2455426.66035 15.937
2455426.66622 15.88
2455426.66916 15.886
2455426.6721 15.851
2455426.678 15.845
2455426.69026 16.052
2455426.6932 16.118
2455426.69907 16.21
2455426.70201 16.195
2455426.70495 16.15
2455426.70788 16.065
2455426.71082 16.022
2455426.71376 16.034
2455426.71669 15.986
2455426.72307 15.894
2455426.72601 15.864
2455426.72894 15.855
2455426.73187 15.868
2455426.73481 15.851
2455426.74361 15.985
2455426.74655 16.028
2455426.75587 16.223
2455426.75882 16.24
2455426.76175 16.117
2455426.76469 16.156
2455426.76763 16.071
2455426.77056 16.006
2455426.77349 15.978
2455426.77643 15.942
2455426.77936 15.912
2455426.80335 16.083
2455426.8063 16.128
2455426.80923 16.121
2455426.81218 16.212
2455426.81511 16.183
2455426.85441 15.911
2455426.85735 16.025
2455426.86028 16.018
2455426.86322 16.101
2455426.86615 16.199
2455426.86909 16.234
2455426.87203 16.265
