2456612.57863 16.666
2456612.5816 16.671
2456612.5905 16.476
2456612.60874 16.531
2456612.61172 16.518
2456612.62361 16.658
2456612.62955 16.63
2456612.63252 16.619
2456612.63549 16.675
2456612.6458 16.469
2456612.65174 16.419
2456612.65471 16.486
2456612.65768 16.458
2456612.66065 16.488
2456612.66362 16.462
2456612.66658 16.512
2456612.69104 16.717
2456612.69401 16.705
2456612.69699 16.712
2456612.69995 16.635
2456612.70591 16.593
2456612.71369 16.459
2456612.71667 16.426
2456612.72262 16.51
2456612.7256 16.537
2456612.72856 16.535
2456612.73154 16.517
2456612.73452 16.634
2456612.73749 16.622
2456612.74046 16.613
2456612.74707 16.713
2456612.75003 16.674
2456612.75301 16.645
2456612.75598 16.593
2456612.76192 16.498
2456612.76489 16.485
2456612.76786 16.474
2456612.77083 16.485
2456612.7738 16.47
2456612.78304 16.499
2456612.78601 16.537
2456612.78898 16.557
2456612.79195 16.52
2456612.79492 16.525
2456612.7979 16.598
2456612.80086 16.576
2456612.80383 16.637
2456612.80978 16.633
2456612.81936 16.608
2456612.82233 16.569
2456612.8253 16.481
2456612.82827 16.462
2456612.83124 16.432
2456612.83421 16.49
2456612.83718 16.474
2456612.84015 16.506
2456612.84312 16.521
2456612.86784 16.687
2456612.87081 16.656
2456612.87378 16.61
2456612.87972 16.525
2456612.89214 16.537
2456612.8951 16.544
2456612.89807 16.579
2456612.90401 16.623
2456612.90697 16.558
2456612.90994 16.583
2456612.9331 16.638
2456612.93608 16.585
2456612.945 16.499
2456612.94797 16.488
2456612.95742 16.52
2456612.96336 16.554
2456612.96634 16.558
2456612.96931 16.611
2456612.97228 16.585
2456612.98119 16.641
2456612.99071 16.521
2456612.99368 16.524
2456612.99664 16.431
2456612.99962 16.445
2456613.00259 16.474
2456613.00556 16.487
2456613.00855 16.488
2456613.01151 16.535
2456613.01448 16.573
