2456613.58954 16.71
2456613.61679 16.699
2456613.61976 16.793
2456613.62272 16.758
2456613.6346 16.657
2456613.63757 16.537
2456613.65242 16.644
2456613.65539 16.699
2456613.65836 16.645
2456613.66135 16.693
2456613.66431 16.731
2456613.66728 16.679
2456613.67025 16.815
2456613.67957 16.688
2456613.69147 16.583
2456613.69444 16.573
2456613.69741 16.626
2456613.70038 16.547
2456613.70335 16.589
2456613.70633 16.708
2456613.7143 16.657
2456613.71726 16.695
2456613.72025 16.768
2456613.72618 16.824
2456613.72914 16.761
2456613.73211 16.732
2456613.73804 16.743
2456613.74101 16.722
2456613.74764 16.657
2456613.75061 16.637
2456613.75357 16.587
2456613.75655 16.601
2456613.75951 16.595
2456613.76248 16.599
2456613.76546 16.617
2456613.76843 16.625
2456613.79313 16.637
2456613.79611 16.672
2456613.79907 16.597
2456613.80203 16.601
2456613.80797 16.603
2456613.82945 16.682
2456613.83241 16.717
2456613.83538 16.766
2456613.83836 16.746
2456613.84133 16.723
2456613.85657 16.679
2456613.86547 16.538
2456613.86843 16.537
2456613.8714 16.544
2456613.87438 16.59
2456613.87734 16.613
2456613.88031 16.666
2456613.88976 16.755
2456613.89866 16.703
2456613.90757 16.699
2456613.91053 16.635
2456613.91647 16.615
2456613.92432 16.557
2456613.93026 16.586
2456613.93322 16.67
2456613.9362 16.639
2456613.94807 16.756
2456613.95768 16.713
2456613.96064 16.725
2456613.9636 16.717
2456613.96658 16.708
2456613.97251 16.592
2456613.97548 16.569
2456613.97845 16.575
2456613.98142 16.621
2456613.98439 16.542
2456613.9968 16.581
2456613.99976 16.601
2456614.00272 16.697
2456614.00569 16.65
2456614.00865 16.7
2456614.01162 16.693
