2456671.750824 +14.912
2456671.752307 +14.862
2456671.753784 +14.845
2456671.755274 +14.790
2456671.756757 +14.776
2456671.758233 +14.727
2456671.759717 +14.677
2456671.761200 +14.623
2456671.762682 +14.608
2456671.764159 +14.578
2456671.765650 +14.547
2456671.767134 +14.530
2456671.768619 +14.505
2456671.770102 +14.499
2456671.771587 +14.482
2456671.773069 +14.470
2456671.774550 +14.458
2456671.776028 +14.469
2456671.777520 +14.465
2456671.780489 +14.468
2456671.781973 +14.480
2456671.783455 +14.497
2456671.784940 +14.515
2456671.786424 +14.523
2456671.787906 +14.553
2456671.789390 +14.612
2456671.790874 +14.628
2456671.792357 +14.651
2456671.793835 +14.688
2456671.795326 +14.690
2456671.796808 +14.716
2456671.798285 +14.770
2456671.799777 +14.795
2456671.801254 +14.840
2456671.802745 +14.878
2456671.804228 +14.961
2456671.805712 +15.008
2456671.807196 +15.044
2456671.808679 +15.075
2456671.810163 +15.141
2456671.811649 +15.148
2456671.813130 +15.136
2456671.816098 +15.029
2456671.817582 +14.972
2456671.819068 +14.924
2456671.820549 +14.879
2456671.822033 +14.824
2456671.823510 +14.792
2456671.827740 +14.692
2456671.829222 +14.684
2456671.830706 +14.625
2456671.832187 +14.607
2456671.833673 +14.589
2456671.835151 +14.560
2456671.836641 +14.544
2456671.838125 +14.528
2456671.839602 +14.525
2456671.841083 +14.502
2456671.842566 +14.505
2456671.844049 +14.481
2456671.845533 +14.502
2456671.847017 +14.483
2456671.848502 +14.510
2456671.849985 +14.518
2456671.851471 +14.536
2456671.852952 +14.540
2456671.854435 +14.564
2456671.855917 +14.576
2456671.857393 +14.602
2456671.858887 +14.637
2456671.860370 +14.642
2456671.861852 +14.696
2456671.863328 +14.744
2456671.864809 +14.790
2456671.866291 +14.813
2456671.867767 +14.846
2456671.869251 +14.907
2456671.870732 +14.926
2456671.872217 +14.964
2456671.873693 +15.036
2456671.875184 +15.065
2456671.876667 +15.052
2456671.878144 +15.025
2456671.879628 +15.016
2456671.881108 +15.015
2456671.882593 +14.991
2456671.884075 +14.992
2456671.885559 +14.969
2456671.887041 +14.945
2456671.888517 +14.916
2456671.890010 +14.913
2456671.891487 +14.879
2456671.892975 +14.850
2456671.894452 +14.808
2456671.895933 +14.765
2456671.897416 +14.716
2456671.898893 +14.674
2456671.900383 +14.658
2456671.903199 +14.599
2456671.904687 +14.558
2456671.906164 +14.554
2456671.907647 +14.523
2456671.909128 +14.526
2456671.910610 +14.502
2456671.913570 +14.483
2456671.915054 +14.486
2456671.918017 +14.486
2456671.920977 +14.491
2456671.922459 +14.505
2456671.923941 +14.525
2456671.925425 +14.548
2456671.926901 +14.582
2456671.928393 +14.602
2456671.929869 +14.630
2456671.931359 +14.669
2456671.932843 +14.683
2456671.934321 +14.709
2456671.935811 +14.735
2456671.937288 +14.748
2456671.938778 +14.818
2456671.940262 +14.847
2456671.941744 +14.877
2456671.943229 +14.936
2456671.944706 +14.985
2456671.946194 +15.041
2456671.947671 +15.118
2456671.949151 +15.144
2456671.950628 +15.174
2456671.952109 +15.154
2456671.953591 +15.146
2456671.955068 +15.076
2456671.956560 +15.030
2456671.958037 +14.977
2456671.959520 +14.921
2456671.961001 +14.854
2456671.962483 +14.813
2456671.963967 +14.762
2456671.965444 +14.719
2456671.966932 +14.704
2456671.968410 +14.652
2456671.971375 +14.596
2456671.972859 +14.571
2456671.974343 +14.554
2456671.975824 +14.547
2456671.979748 +14.506
2456671.981237 +14.493
2456671.982715 +14.488
2456671.984202 +14.493
2456671.985679 +14.485
2456671.987162 +14.499
2456671.988643 +14.501
2456671.991612 +14.517
2456671.993090 +14.544
2456671.994580 +14.572
2456671.996066 +14.585
2456671.997547 +14.623
2456671.999032 +14.637
2456672.003473 +14.752
2456672.004954 +14.790
2456672.006438 +14.826
2456672.007922 +14.864
2456672.009405 +14.903
2456672.010882 +14.942
2456672.012373 +14.997
2456672.013857 +15.040
2456672.016822 +15.022
2456672.018299 +15.026
2456672.019784 +14.997
2456672.021264 +14.981
2456672.022747 +14.980
2456672.024231 +14.946
2456672.025708 +14.947
2456672.027198 +14.935
2456672.028675 +14.892
2456672.030167 +14.883
2456672.031648 +14.850
2456672.033125 +14.805
2456672.034618 +14.766
2456672.036094 +14.724
2456672.037586 +14.680
2456672.039071 +14.653
2456672.040551 +14.598
2456672.042035 +14.589
2456672.043512 +14.546
2456672.045003 +14.524
2456672.046487 +14.500
2456672.047964 +14.480
2456672.050928 +14.463
2456672.052413 +14.441
2456672.055982 +14.453
2456672.057470 +14.448
2456672.058946 +14.460
2456672.060430 +14.467
2456672.061911 +14.469
2456672.063392 +14.495
2456672.064869 +14.532
2456672.066349 +14.553
2456672.067833 +14.574
2456672.069310 +14.605
2456672.070800 +14.629
2456672.072277 +14.659
2456672.073769 +14.689
2456672.075251 +14.723
