2454386.91904 1.292
2454386.92164 1.28
2454386.93779 1.097
2454386.93947 1.064
2454386.95586 0.976
2454386.95755 0.994
2454386.98825 1.261
2454386.98994 1.275
2454387.00586 1.146
2454387.00755 1.123
2454387.02443 1.034
2454387.02612 0.991
2454387.04175 0.999
2454387.04343 1.037
2454387.06 1.258
2454387.06169 1.235
2454387.07771 1.124
2454387.0803 1.09
2454387.09594 0.987
2454387.09763 1.002
2454387.11447 1.036
2454387.11615 1.045
2454387.13228 1.272
2454387.15381 1.106
2454387.1555 1.096
2454387.16578 1.01
2454387.16745 1.008
2454387.17754 0.979
2454387.17924 0.992
2454387.18983 1.083
2454387.19151 1.105
2454387.20186 1.247
2454387.20476 1.248
2454387.21394 1.188
2454387.21653 1.166
2454387.22571 1.058
2454387.22859 1.054
2454387.23478 1.011
2454387.23647 0.992
2454387.24028 0.986
2454387.24196 1.009
2454387.24396 0.998
2454387.24572 0.961
