2454388.91146 0.538
2454388.91413 0.508
2454388.93034 0.368
2454388.93205 0.357
2454388.94921 0.32
2454388.95093 0.329
2454388.96756 0.606
2454388.97016 0.628
2454388.98633 0.532
2454388.98801 0.487
2454389.00641 0.364
2454389.00811 0.35
2454389.02485 0.395
2454389.02725 0.397
2454389.04412 0.623
2454389.0649 0.42
2454389.06659 0.421
2454389.08549 0.339
2454389.10351 0.541
2454389.1212 0.617
2454389.12289 0.583
2454389.13884 0.439
2454389.14119 0.409
2454389.15407 0.36
2454389.15576 0.342
2454389.1666 0.394
2454389.16828 0.427
2454389.17935 0.606
2454389.18104 0.588
2454389.19394 0.521
2454389.19603 0.512
2454389.20653 0.443
2454389.20972 0.41
2454389.22071 0.38
2454389.2224 0.362
