2454768.63298 1.206
2454768.63538 1.221
2454768.63774 1.166
2454768.64949 1.153
2454768.65185 1.142
2454768.6542 1.163
2454768.65655 1.138
2454768.6589 1.091
2454768.66125 1.109
2454768.6636 1.108
2454768.66595 1.117
2454768.6683 1.121
2454768.67066 1.16
2454768.67301 1.15
2454768.67536 1.168
2454768.67772 1.164
2454768.68007 1.196
2454768.68242 1.185
2454768.69888 1.209
2454768.70123 1.168
2454768.70358 1.168
2454768.70594 1.156
2454768.70829 1.15
2454768.71064 1.115
2454768.713 1.081
2454768.71535 1.079
2454768.7177 1.077
2454768.72005 1.109
2454768.7224 1.121
2454768.72475 1.161
2454768.7271 1.149
2454768.74827 1.192
2454768.75063 1.236
2454768.75298 1.201
2454768.75533 1.203
2454768.76003 1.206
2454768.76238 1.226
2454768.76474 1.187
2454768.7812 1.152
2454768.78355 1.144
2454768.78591 1.157
2454768.78826 1.113
2454768.80707 1.202
2454768.80942 1.206
2454768.81178 1.247
2454768.81413 1.224
2454768.81648 1.234
2454768.81883 1.228
2454768.82118 1.216
2454768.82353 1.194
2454768.82588 1.19
2454768.82823 1.194
2454768.83058 1.169
2454768.83294 1.182
2454768.83529 1.208
2454768.83764 1.179
2454768.83999 1.156
2454768.84235 1.101
2454768.8447 1.141
2454768.84705 1.111
2454768.8494 1.136
2454768.85176 1.128
2454768.85411 1.143
2454768.85646 1.138
2454768.85882 1.127
2454768.86352 1.144
2454768.86587 1.172
2454768.86822 1.161
2454768.87057 1.177
2454768.87293 1.194
2454768.87527 1.195
2454768.87763 1.197
2454768.87998 1.205
2454768.88233 1.237
2454768.88468 1.21
2454768.88703 1.21
2454768.88938 1.222
2454768.89173 1.201
2454768.89409 1.2
2454768.89644 1.184
2454768.89879 1.203
2454768.90114 1.169
2454768.90349 1.163
2454768.90584 1.156
2454768.9082 1.133
2454768.91055 1.127
2454768.9129 1.1
2454768.91525 1.149
2454768.9176 1.101
2454768.91995 1.114
2454768.9223 1.139
2454768.92465 1.152
2454768.927 1.155
2454768.92935 1.164
2454768.93171 1.165
2454768.94111 1.218
2454768.94347 1.204
2454768.94582 1.209
2454768.94817 1.214
2454768.95052 1.222
2454768.95287 1.182
2454768.95523 1.174
2454768.95758 1.177
2454768.95993 1.146
