2454764.67087 0.206
2454764.67308 0.226
2454764.6766 0.248
2454764.6788 0.267
2454764.681 0.282
2454764.6832 0.302
2454764.68672 0.318
2454764.68892 0.324
2454764.69112 0.336
2454764.69332 0.344
2454764.69685 0.329
2454764.69905 0.35
2454764.70125 0.354
2454764.70346 0.347
2454764.70714 0.343
2454764.70934 0.342
2454764.71154 0.345
2454764.71374 0.328
2454764.71735 0.305
2454764.71955 0.304
2454764.72175 0.309
2454764.72395 0.282
2454764.72747 0.29
2454764.72967 0.276
2454764.73187 0.291
2454764.73407 0.285
2454764.73759 0.282
2454764.73979 0.31
2454764.74199 0.325
2454764.74419 0.314
2454764.74772 0.349
2454764.74992 0.352
2454764.75212 0.345
2454764.75432 0.382
2454764.75787 0.387
2454764.76007 0.44
2454764.76227 0.389
2454764.76447 0.382
2454764.76803 0.39
2454764.77023 0.354
2454764.77243 0.356
2454764.77463 0.326
2454764.77823 0.305
2454764.78043 0.339
2454764.78263 0.288
2454764.78483 0.293
2454764.78843 0.275
2454764.79063 0.296
2454764.79283 0.279
2454764.79503 0.272
2454764.79863 0.302
2454764.80083 0.289
2454764.80303 0.315
2454764.80524 0.316
2454764.80883 0.351
2454764.81103 0.36
2454764.81323 0.357
2454764.81543 0.36
2454764.81895 0.384
2454764.82115 0.418
2454764.82335 0.401
2454764.82554 0.39
2454764.82912 0.38
2454764.83132 0.42
2454764.83352 0.404
2454764.83572 0.383
2454764.83926 0.376
2454764.84146 0.355
2454764.84367 0.302
2454764.84588 0.309
2454764.84942 0.323
2454764.85162 0.307
2454764.85382 0.382
2454764.85602 0.314
2454764.8595 0.351
2454764.8617 0.284
2454764.8639 0.33
2454764.8661 0.321
2454764.8696 0.343
2454764.8718 0.312
2454764.874 0.329
2454764.8762 0.405
2454764.87977 0.357
2454764.88197 0.371
2454764.88418 0.363
2454764.88637 0.405
2454764.8899 0.371
2454764.8921 0.366
2454764.8943 0.369
2454764.8965 0.34
2454764.89995 0.306
2454764.90215 0.286
2454764.90435 0.29
2454764.90655 0.259
2454764.91014 0.255
2454764.91234 0.242
2454764.91454 0.247
2454764.91674 0.246
2454764.92027 0.234
2454764.92247 0.234
2454764.92467 0.253
2454764.92687 0.253
2454764.93036 0.259
2454764.93255 0.263
2454764.93475 0.281
