2454769.63508 1.681
2454769.63813 1.704
2454769.64422 1.697
2454769.64726 1.711
2454769.65031 1.693
2454769.65335 1.691
2454769.6564 1.658
2454769.65944 1.688
2454769.66249 1.668
2454769.66554 1.653
2454769.66858 1.632
2454769.67163 1.639
2454769.67467 1.624
2454769.67772 1.611
2454769.69294 1.661
2454769.69904 1.713
2454769.70208 1.718
2454769.70513 1.727
2454769.70818 1.726
2454769.71122 1.69
2454769.72036 1.657
2454769.7234 1.626
2454769.72645 1.621
2454769.72949 1.614
2454769.73254 1.608
2454769.73558 1.615
2454769.73863 1.58
2454769.74168 1.583
2454769.74472 1.603
2454769.74777 1.643
2454769.75081 1.66
2454769.75386 1.642
2454769.7569 1.676
2454769.75995 1.673
2454769.76908 1.685
2454769.77213 1.669
2454769.77517 1.708
2454769.77822 1.703
2454769.78431 1.685
2454769.79345 1.65
2454769.80563 1.622
2454769.80868 1.648
2454769.81172 1.64
2454769.81476 1.65
2454769.81781 1.681
2454769.82694 1.726
2454769.84828 1.63
2454769.85132 1.656
2454769.85437 1.642
2454769.85741 1.628
2454769.86046 1.629
2454769.8635 1.613
2454769.86655 1.621
2454769.8696 1.621
2454769.87264 1.622
2454769.87568 1.631
2454769.87873 1.622
2454769.88178 1.675
2454769.88482 1.703
2454769.88786 1.705
2454769.89091 1.69
2454769.89396 1.709
2454769.897 1.716
2454769.91223 1.645
2454769.91528 1.69
2454769.91832 1.644
2454769.92136 1.632
2454769.92441 1.633
2454769.92746 1.651
2454769.9305 1.632
2454769.93355 1.635
