2454766.63238 1.275
2454766.63473 1.29
2454766.63708 1.286
2454766.63943 1.3
2454766.64179 1.292
2454766.64414 1.291
2454766.64649 1.292
2454766.64884 1.318
2454766.65119 1.316
2454766.65354 1.358
2454766.65589 1.328
2454766.65824 1.345
2454766.66059 1.34
2454766.66294 1.35
2454766.6653 1.34
2454766.66765 1.322
2454766.67705 1.332
2454766.6794 1.289
2454766.68175 1.282
2454766.68645 1.274
2454766.6888 1.258
2454766.69115 1.259
2454766.6935 1.273
2454766.69586 1.265
2454766.70056 1.291
2454766.70291 1.278
2454766.70526 1.282
2454766.70761 1.292
2454766.71466 1.321
2454766.71701 1.315
2454766.71936 1.338
2454766.72171 1.34
2454766.72406 1.367
2454766.72641 1.358
2454766.72876 1.364
2454766.73111 1.37
2454766.73346 1.373
2454766.73581 1.36
2454766.73816 1.368
2454766.74051 1.342
2454766.74286 1.337
2454766.74521 1.319
2454766.74757 1.313
2454766.74992 1.301
2454766.75227 1.301
2454766.75462 1.291
2454766.75698 1.298
2454766.75933 1.29
2454766.76168 1.262
2454766.76403 1.305
2454766.76638 1.296
2454766.76874 1.298
2454766.77109 1.32
2454766.77344 1.345
2454766.77579 1.324
2454766.77814 1.346
2454766.78049 1.377
2454766.78284 1.378
2454766.78519 1.399
2454766.78754 1.379
2454766.7899 1.396
2454766.79225 1.381
2454766.7946 1.368
2454766.79695 1.363
2454766.7993 1.354
2454766.81811 1.26
2454766.82046 1.272
2454766.82281 1.299
2454766.82516 1.29
2454766.82751 1.269
2454766.82987 1.288
2454766.83222 1.288
2454766.83457 1.267
2454766.83692 1.285
2454766.83927 1.303
2454766.84162 1.33
2454766.84397 1.34
2454766.84632 1.344
2454766.84868 1.362
2454766.85103 1.369
2454766.85338 1.36
2454766.85573 1.355
2454766.85808 1.358
2454766.86044 1.364
2454766.86279 1.367
2454766.86514 1.374
2454766.86984 1.349
2454766.8722 1.31
2454766.87455 1.304
2454766.8816 1.286
2454766.88395 1.303
2454766.8863 1.281
2454766.88865 1.281
2454766.891 1.321
2454766.89335 1.285
2454766.89571 1.315
2454766.89806 1.32
2454766.90041 1.326
2454766.90276 1.329
2454766.90511 1.378
2454766.90746 1.367
2454766.90981 1.388
2454766.91216 1.374
2454766.91451 1.416
2454766.91686 1.403
2454766.91922 1.383
2454766.92157 1.355
2454766.92392 1.343
2454766.92627 1.321
2454766.92862 1.321
2454766.93097 1.307
2454766.93333 1.299
2454766.93568 1.26
2454766.94273 1.307
2454766.94508 1.246
2454766.94743 1.269
2454766.94978 1.251
