2454939.92627 2.271
2454939.92901 2.271
2454939.93175 2.375
2454939.93935 2.418
2454939.94208 2.478
2454939.94485 2.532
2454939.95301 2.733
2454939.95578 2.77
2454939.9585 2.851
2454939.96644 2.678
2454939.96916 2.567
2454939.97186 2.447
2454939.98006 2.343
2454939.98278 2.323
2454939.98551 2.342
2454940.00279 2.56
2454940.0055 2.617
2454940.00828 2.665
2454940.02554 2.784
2454940.02829 2.643
2454940.03101 2.529
2454940.04848 2.319
2454940.0512 2.283
2454940.05392 2.321
2454940.07118 2.679
2454940.07405 2.719
2454940.07692 2.841
2454940.09468 2.517
2454940.09745 2.416
2454940.10023 2.407
2454940.11819 2.514
2454940.121 2.599
2454940.12385 2.632
2454940.14188 2.93
2454940.14465 2.837
2454940.14743 2.717
2454940.16509 2.285
2454940.16788 2.307
2454940.17066 2.313
2454940.18758 2.59
2454940.19022 2.639
2454940.19287 2.68
2454940.20978 2.626
2454940.21248 2.566
2454940.21514 2.459
2454940.23178 2.372
2454940.23444 2.449
2454940.23708 2.45
2454940.25001 2.637
2454940.25265 2.766
2454940.25529 2.813
2454940.26818 2.726
2454940.27086 2.627
2454940.27353 2.468
