2457014.723391 +16.102
2457014.724141 +16.112
2457014.726392 +16.093
2457014.727155 +16.112
2457014.727904 +16.053
2457014.728661 +16.056
2457014.729416 +16.070
2457014.730164 +16.056
2457014.732140 +16.073
2457014.732893 +16.078
2457014.734387 +16.121
2457014.735139 +16.119
2457014.735894 +16.115
2457014.736652 +16.104
2457014.737406 +16.128
2457014.738156 +16.083
2457014.738937 +16.080
2457014.741220 +16.047
2457014.741973 +16.084
2457014.742729 +16.108
2457014.743481 +16.115
2457014.744233 +16.111
2457014.746498 +16.092
2457014.747253 +16.071
2457014.751055 +16.119
2457014.751809 +16.106
2457014.752561 +16.102
2457014.753307 +16.096
2457014.754058 +16.110
2457014.754814 +16.066
2457014.755565 +16.106
2457014.757074 +16.063
2457014.759050 +16.067
2457014.760555 +16.067
2457014.762060 +16.057
2457014.762814 +16.087
2457014.763569 +16.101
2457014.764326 +16.063
2457014.765081 +16.079
2457014.771548 +16.079
2457014.773060 +16.090
2457014.775310 +16.118
2457014.776074 +16.078
2457014.776829 +16.098
2457014.777581 +16.098
2457014.778326 +16.100
2457014.781806 +16.090
2457014.782567 +16.087
2457014.784812 +16.106
2457014.787075 +16.082
2457014.789037 +16.070
2457014.790542 +16.118
2457014.791291 +16.109
2457014.792052 +16.075
2457014.792799 +16.093
2457014.793555 +16.076
2457014.795062 +16.112
2457014.795815 +16.092
2457014.797785 +16.107
2457014.798537 +16.063
2457014.799290 +16.064
2457014.803060 +16.107
2457014.803817 +16.080
2457014.804570 +16.085
2457014.820603 +16.108
2457014.822874 +16.098
2457014.823627 +16.106
2457014.824379 +16.143
2457014.825899 +16.122
2457014.832942 +16.089
2457014.833686 +16.104
2457014.834446 +16.094
2457014.835201 +16.083
2457014.835948 +16.111
2457014.840374 +16.082
2457014.841128 +16.097
2457014.841881 +16.059
2457014.842632 +16.093
2457014.843378 +16.099
2457014.844140 +16.070
2457014.844893 +16.054
2457014.845636 +16.064
2457014.846389 +16.094
2457014.847142 +16.085
2457014.849105 +16.090
2457014.849852 +16.081
2457014.850604 +16.109
2457014.851358 +16.089
2457014.852113 +16.084
2457014.852865 +16.072
2457014.853617 +16.057
2457014.854375 +16.109
2457014.855126 +16.092
2457014.855880 +16.062
2457014.858643 +16.073
2457014.859392 +16.051
2457014.860137 +16.044
2457014.860884 +16.039
2457014.861632 +16.044
2457014.862389 +16.065
2457014.863144 +16.067
2457014.863895 +16.111
2457014.864650 +16.073
2457014.867374 +16.044
2457014.868128 +16.048
2457014.868880 +16.089
2457014.870378 +16.051
2457014.871131 +16.059
2457014.871883 +16.054
2457014.872638 +16.085
2457014.873385 +16.103
2457014.874143 +16.047
2457014.877609 +16.064
2457014.878359 +16.076
2457014.879110 +16.062
2457014.881376 +16.097
2457014.882127 +16.079
2457014.882881 +16.078
2457014.887892 +16.056
2457014.888645 +16.072
2457014.889399 +16.065
2457014.890153 +16.024
2457014.890906 +16.061
2457014.891660 +16.067
2457014.892412 +16.055
2457014.893164 +16.082
2457014.894673 +16.052
2457014.896648 +16.055
2457014.897402 +16.018
2457014.898908 +16.045
2457014.899661 +16.047
2457014.900416 +16.056
2457014.901168 +16.063
2457014.901914 +16.039
2457014.902664 +16.078
2457014.903414 +16.072
2457014.905389 +16.031
2457014.906139 +16.018
2457014.906893 +16.012
2457014.907647 +16.020
2457014.908400 +16.019
2457014.909145 +16.037
2457014.909890 +16.041
2457014.910651 +16.032
2457014.911403 +16.050
2457014.912152 +16.034
2457014.914342 +16.068
2457014.915093 +16.071
2457014.915843 +16.029
2457014.916596 +16.024
2457014.917348 +16.015
2457014.918105 +16.076
2457014.918858 +16.082
2457014.919614 +16.057
2457014.920366 +16.064
2457014.921119 +16.034
2457014.923423 +16.006
2457014.924177 +16.009
2457014.924928 +16.008
2457014.925684 +16.023
2457014.926436 +16.023
2457014.927190 +16.047
2457014.927943 +16.034
2457014.928697 +16.080
2457014.929449 +16.061
2457014.930195 +16.036
2457014.934038 +16.041
2457014.934790 +16.029
2457014.935541 +16.032
2457014.936298 +16.016
2457014.937051 +16.059
2457014.937805 +16.061
2457014.938559 +16.036
2457014.940065 +16.082
2457014.940819 +16.052
2457014.942788 +16.086
2457014.943538 +16.070
2457014.944291 +16.043
2457014.945046 +16.056
2457014.945797 +16.078
2457014.946552 +16.063
2457014.947303 +16.029
2457014.948058 +16.061
2457014.948813 +16.051
2457014.949565 +16.031
2457014.951746 +16.077
2457014.952498 +16.051
2457014.953253 +16.048
2457014.954004 +16.026
2457014.954752 +16.051
2457014.955504 +16.071
2457014.956253 +16.030
2457014.957011 +16.032
2457014.957760 +16.060
2457014.958514 +16.008
2457014.960813 +16.026
2457014.961563 +16.040
2457014.962318 +16.033
2457014.963065 +16.009
2457014.963812 +16.060
2457014.964569 +16.056
2457014.965323 +16.064
2457014.966075 +16.040
2457014.966831 +16.050
2457014.967584 +16.066
2457014.969550 +16.074
2457014.970303 +16.051
2457014.971060 +16.069
2457014.971812 +16.071
2457014.972565 +16.074
2457014.974072 +16.064
2457014.974826 +16.082
2457014.975578 +16.059
2457014.976332 +16.099
2457014.981670 +16.065
2457014.982417 +16.064
2457014.983922 +16.089
2457014.984670 +16.096
2457014.985421 +16.086
2457014.986177 +16.095
2457014.989659 +16.071
2457014.990411 +16.087
2457014.991157 +16.084
2457014.991908 +16.062
2457014.992659 +16.046
2457014.993409 +16.060
2457014.994918 +16.065
2457014.995670 +16.045
2457014.997641 +16.062
2457014.998395 +16.083
2457014.999145 +16.058
2457014.999900 +16.083
2457015.000653 +16.086
2457015.001407 +16.074
2457015.002158 +16.084
2457015.003669 +16.075
2457015.004420 +16.080
2457015.006389 +16.054
2457015.007884 +16.031
2457015.008634 +16.020
2457015.009390 +16.048
2457015.010138 +16.026
2457015.011661 +16.020
2457015.013158 +16.059
2457015.015346 +16.028
2457015.016096 +16.047
2457015.016850 +16.041
2457015.017601 +16.067
2457015.018355 +16.055
2457015.019862 +16.014
2457015.021371 +16.043
2457015.022124 +16.026
2457015.026424 +16.057
2457015.027173 +16.055
2457015.027925 +16.049
2457015.028679 +16.027
2457015.029435 +16.097
2457015.030184 +16.051
2457015.030939 +16.080
2457015.031699 +16.078
2457015.032451 +16.065
2457015.033199 +16.091
2457015.035365 +16.038
2457015.036119 +16.042
2457015.036876 +16.067
2457015.037632 +16.044
2457015.038382 +16.091
2457015.039137 +16.101
2457015.040647 +16.094
2457015.041393 +16.036
2457015.042158 +16.086
2457015.044133 +16.054
2457015.044884 +16.049
2457015.045638 +16.054
2457015.046391 +16.045
2457015.047143 +16.071
2457015.048648 +16.046
2457015.049404 +16.087
2457015.050148 +16.091
2457015.050899 +16.134
2457015.052872 +16.107
2457015.053622 +16.059
2457015.055130 +16.133
2457015.057392 +16.109
2457015.058896 +16.121
2457015.061737 +16.082
2457015.062490 +16.090
2457015.063994 +16.087
2457015.064748 +16.112
2457015.073289 +16.105
2457015.074040 +16.125
2457015.076300 +16.113
