2457015.719883 +15.960
2457015.720634 +15.987
2457015.721388 +15.973
2457015.722142 +15.937
2457015.722898 +15.980
2457015.723651 +15.963
2457015.724402 +15.975
2457015.725159 +15.974
2457015.725912 +15.954
2457015.726667 +15.967
2457015.728641 +15.950
2457015.729391 +15.957
2457015.730145 +15.974
2457015.730897 +15.959
2457015.731650 +15.986
2457015.732405 +15.961
2457015.733158 +15.974
2457015.733911 +15.968
2457015.734666 +15.980
2457015.735418 +15.942
2457015.737738 +15.978
2457015.738491 +15.923
2457015.739245 +15.975
2457015.739997 +15.998
2457015.740749 +15.944
2457015.741495 +15.967
2457015.742242 +15.932
2457015.742995 +15.947
2457015.746839 +15.981
2457015.747592 +15.961
2457015.748346 +15.964
2457015.749097 +15.952
2457015.749853 +15.978
2457015.750606 +15.961
2457015.751364 +15.960
2457015.752111 +15.945
2457015.752863 +15.945
2457015.753611 +15.964
2457015.755810 +15.934
2457015.756570 +15.921
2457015.757324 +15.930
2457015.758077 +15.948
2457015.759580 +15.953
2457015.761091 +15.936
2457015.761843 +15.940
2457015.762596 +15.943
2457015.768057 +15.941
2457015.768810 +15.951
2457015.769560 +15.928
2457015.771816 +15.920
2457015.772570 +15.961
2457015.773330 +15.951
2457015.774084 +15.930
2457015.776058 +15.934
2457015.776810 +15.921
2457015.777562 +15.928
2457015.778314 +15.946
2457015.779070 +15.942
2457015.779822 +15.935
2457015.780577 +15.920
2457015.781329 +15.924
2457015.782084 +15.959
2457015.782836 +15.916
2457015.785031 +15.968
2457015.785779 +15.942
2457015.786529 +15.960
2457015.787281 +15.941
2457015.788033 +15.962
2457015.788788 +15.978
2457015.789538 +15.942
2457015.790298 +15.937
2457015.791048 +15.935
2457015.791795 +15.960
2457015.793771 +15.925
2457015.794523 +15.949
2457015.795278 +15.938
2457015.796032 +15.927
2457015.796784 +15.937
2457015.797540 +15.933
2457015.798293 +15.934
2457015.799059 +15.930
2457015.799814 +15.967
2457015.800568 +15.962
2457015.802865 +15.943
2457015.803617 +15.945
2457015.805140 +15.935
2457015.805902 +15.943
2457015.806655 +15.945
2457015.807408 +15.964
2457015.808158 +15.938
2457015.808910 +15.958
2457015.809669 +15.972
2457015.822384 +15.932
2457015.823138 +15.953
2457015.823885 +15.973
2457015.824636 +15.981
2457015.825389 +15.956
2457015.826138 +15.978
2457015.826892 +15.948
2457015.827649 +15.943
2457015.828402 +15.974
2457015.829154 +15.959
2457015.831135 +15.945
2457015.831885 +15.946
2457015.832638 +15.991
2457015.833394 +15.947
2457015.834144 +15.966
2457015.834898 +15.989
2457015.835652 +15.957
2457015.836404 +15.963
2457015.837160 +15.959
2457015.837911 +15.952
2457015.839883 +15.966
2457015.840635 +15.956
2457015.841390 +15.944
2457015.842142 +15.965
2457015.842897 +15.944
2457015.843648 +15.962
2457015.844402 +15.977
2457015.845156 +15.958
2457015.845910 +15.982
2457015.846660 +15.943
2457015.848841 +15.943
2457015.849592 +15.952
2457015.850350 +15.943
2457015.851103 +15.976
2457015.851860 +15.960
2457015.852615 +15.983
2457015.853362 +15.978
2457015.854116 +15.968
2457015.855630 +15.970
2457015.859243 +15.982
2457015.859998 +15.960
2457015.860752 +15.963
2457015.861508 +15.987
2457015.862260 +15.975
2457015.863013 +15.964
2457015.863767 +15.950
2457015.864520 +15.941
2457015.865264 +15.951
2457015.866017 +15.953
2457015.867988 +15.971
2457015.868741 +15.944
2457015.869487 +15.934
2457015.870237 +15.944
2457015.870986 +15.934
2457015.872496 +15.936
2457015.873246 +15.950
2457015.874002 +15.950
2457015.874753 +15.967
2457015.876732 +15.957
2457015.877484 +15.948
2457015.878237 +15.958
2457015.878989 +15.943
2457015.879745 +15.954
2457015.880498 +15.947
2457015.881252 +15.936
2457015.882004 +15.953
2457015.882756 +15.962
2457015.883513 +15.943
2457015.885483 +15.964
2457015.886237 +15.963
2457015.886988 +15.955
2457015.887743 +15.918
2457015.888497 +15.957
2457015.889250 +15.966
2457015.890001 +15.936
2457015.890757 +15.945
2457015.891509 +15.941
2457015.892263 +15.938
2457015.894234 +15.936
2457015.894986 +15.936
2457015.895739 +15.949
2457015.896493 +15.930
2457015.897246 +15.937
2457015.897999 +15.925
2457015.898752 +15.910
2457015.899505 +15.920
2457015.900257 +15.932
2457015.901010 +15.923
2457015.903170 +15.961
2457015.903918 +15.961
2457015.904671 +15.930
2457015.905417 +15.932
2457015.906165 +15.942
2457015.906920 +15.939
2457015.907673 +15.931
2457015.908422 +15.938
2457015.909183 +15.937
2457015.909929 +15.933
2457015.913554 +15.945
2457015.914300 +15.933
2457015.915050 +15.949
2457015.915805 +15.930
2457015.916558 +15.950
2457015.917311 +15.976
2457015.918066 +15.946
2457015.918819 +15.921
2457015.919573 +15.969
2457015.920327 +15.938
2457015.922299 +15.919
2457015.923051 +15.945
2457015.923803 +15.937
2457015.924558 +15.951
2457015.925310 +15.937
2457015.926064 +15.942
2457015.926819 +15.963
2457015.927579 +15.974
2457015.928329 +15.964
2457015.929079 +15.968
2457015.931046 +15.943
2457015.932550 +15.937
2457015.933305 +15.921
2457015.934058 +15.963
2457015.934810 +15.953
2457015.942800 +15.961
2457015.943548 +15.975
2457015.944301 +15.955
2457015.945058 +15.986
2457015.948537 +15.967
2457015.949291 +15.990
2457015.952306 +15.964
2457015.954564 +15.964
2457015.955317 +15.974
2457015.958583 +15.961
2457015.959338 +15.965
2457015.960086 +15.940
2457015.960839 +15.988
2457015.961587 +15.974
2457015.962338 +15.964
2457015.963086 +15.981
2457015.963841 +15.953
2457015.964595 +15.940
2457015.965348 +15.965
2457015.968077 +15.994
2457015.968828 +15.985
2457015.969573 +15.997
2457015.970326 +15.971
2457015.971075 +15.946
2457015.971831 +16.008
2457015.972577 +16.006
2457015.973337 +15.996
2457015.974091 +15.962
2457015.976072 +15.996
2457015.976821 +15.995
2457015.978322 +15.990
2457015.979072 +15.985
2457015.979820 +15.969
2457015.980568 +15.987
2457015.981320 +15.961
2457015.982073 +16.005
2457015.982826 +15.972
2457015.984808 +15.945
2457015.985560 +15.971
2457015.986313 +15.943
2457015.987065 +15.973
2457015.987820 +15.962
2457015.988573 +15.934
2457015.989328 +15.976
2457015.990081 +15.950
2457015.990832 +15.941
2457015.991584 +15.964
2457015.993557 +15.985
2457015.994310 +15.978
2457015.995056 +15.971
2457015.995803 +15.983
2457015.996556 +15.971
2457015.997307 +15.967
2457015.998814 +15.963
2457015.999565 +15.972
2457016.000319 +15.965
2457016.005284 +16.003
2457016.006035 +15.992
2457016.006786 +15.949
2457016.007541 +15.975
2457016.008294 +15.952
2457016.009041 +15.984
2457016.009788 +15.953
2457016.010533 +15.973
2457016.011292 +15.983
2457016.022766 +15.991
2457016.023518 +15.967
2457016.024271 +15.981
2457016.025025 +15.961
2457016.025779 +15.969
2457016.026531 +15.994
2457016.028039 +15.997
2457016.028791 +15.976
2457016.029546 +15.967
2457016.031740 +15.957
2457016.032494 +15.937
2457016.033243 +15.934
2457016.034000 +15.933
2457016.034754 +15.941
2457016.035504 +15.944
2457016.036258 +15.969
2457016.037004 +15.962
2457016.037755 +15.939
2457016.038505 +15.940
2457016.040802 +15.962
2457016.041553 +15.920
2457016.042300 +15.951
2457016.043054 +15.960
2457016.043825 +15.933
2457016.044577 +15.936
2457016.045329 +15.961
2457016.046083 +15.922
2457016.046835 +15.943
2457016.047582 +15.937
2457016.050846 +15.941
2457016.051601 +15.933
2457016.052354 +15.938
2457016.053098 +15.922
2457016.054603 +15.939
2457016.055350 +15.950
2457016.056110 +15.933
2457016.056861 +15.924
2457016.057613 +15.941
2457016.059588 +15.957
2457016.060343 +15.972
2457016.061097 +15.959
2457016.061850 +15.942
2457016.063358 +15.966
2457016.064854 +15.966
2457016.065607 +15.963
2457016.066362 +15.977
2457016.068342 +15.975
2457016.069091 +15.941
2457016.070590 +15.935
2457016.071340 +15.954
2457016.072094 +15.984
2457016.072845 +15.975
2457016.073597 +15.949
