2457011.731017 +16.312
2457011.731598 +16.362
2457011.732177 +16.344
2457011.732755 +16.356
2457011.733328 +16.312
2457011.733907 +16.309
2457011.735634 +16.304
2457011.737440 +16.264
2457011.738590 +16.297
2457011.739179 +16.279
2457011.739759 +16.278
2457011.740336 +16.265
2457011.740916 +16.248
2457011.741489 +16.235
2457011.742070 +16.227
2457011.742651 +16.242
2457011.744580 +16.235
2457011.745157 +16.286
2457011.745736 +16.244
2457011.746312 +16.231
2457011.746894 +16.284
2457011.747474 +16.262
2457011.748052 +16.249
2457011.748630 +16.289
2457011.752874 +16.231
2457011.753449 +16.227
2457011.754605 +16.226
2457011.755189 +16.270
2457011.755767 +16.248
2457011.756354 +16.264
2457011.759423 +16.234
2457011.761740 +16.255
2457011.762322 +16.277
2457011.802558 +16.276
2457011.803135 +16.331
2457011.803715 +16.293
2457011.804863 +16.297
2457011.806021 +16.284
2457011.806596 +16.336
2457011.807173 +16.291
2457011.807754 +16.301
2457011.809576 +16.265
2457011.810156 +16.323
2457011.810735 +16.312
2457011.811315 +16.293
2457011.811884 +16.293
2457011.812472 +16.316
2457011.813046 +16.307
2457011.813635 +16.362
2457011.814223 +16.360
2457011.814809 +16.356
2457011.817300 +16.318
2457011.817877 +16.362
2457011.818456 +16.337
2457011.819036 +16.336
2457011.819628 +16.328
2457011.820215 +16.291
2457011.820795 +16.337
2457011.821376 +16.300
2457011.821959 +16.278
2457011.823866 +16.363
2457011.824455 +16.298
2457011.825041 +16.298
2457011.825629 +16.299
2457011.826216 +16.304
2457011.826806 +16.338
2457011.827985 +16.345
2457011.828564 +16.323
2457011.829140 +16.310
2457011.831656 +16.299
2457011.833393 +16.344
2457011.833981 +16.345
2457011.834565 +16.301
2457011.835148 +16.274
2457011.835725 +16.322
2457011.836314 +16.297
2457011.838226 +16.296
2457011.838810 +16.351
2457011.839384 +16.286
2457011.839964 +16.309
2457011.840549 +16.310
2457011.841710 +16.348
2457011.842289 +16.315
2457011.842864 +16.350
2457011.843444 +16.347
2457011.849144 +16.307
2457011.849724 +16.297
2457011.850300 +16.304
2457011.850874 +16.327
2457011.851452 +16.348
2457011.852030 +16.320
2457011.852610 +16.354
2457011.853189 +16.344
2457011.854813 +16.332
2457011.855392 +16.298
2457011.855970 +16.344
2457011.856550 +16.326
2457011.857129 +16.378
2457011.857702 +16.365
2457011.858273 +16.373
2457011.858858 +16.362
2457011.859438 +16.333
2457011.860017 +16.271
2457011.861729 +16.314
2457011.862309 +16.258
2457011.862888 +16.314
2457011.863477 +16.314
2457011.864059 +16.295
2457011.864638 +16.292
2457011.865213 +16.301
2457011.865792 +16.253
2457011.866371 +16.260
2457011.868576 +16.344
2457011.869151 +16.319
2457011.869724 +16.335
2457011.870882 +16.242
2457011.871458 +16.263
2457011.872038 +16.317
2457011.872618 +16.293
2457011.873199 +16.326
2457011.873775 +16.306
2457011.875592 +16.328
2457011.876170 +16.250
2457011.876745 +16.273
2457011.877908 +16.291
2457011.878484 +16.268
2457011.879638 +16.249
2457011.880219 +16.335
2457011.880802 +16.232
2457011.882995 +16.319
2457011.883576 +16.280
2457011.884154 +16.311
2457011.884736 +16.284
2457011.885314 +16.284
2457011.885885 +16.264
2457011.886463 +16.260
2457011.887041 +16.253
2457011.887616 +16.222
2457011.889810 +16.283
2457011.890390 +16.258
2457011.890968 +16.255
2457011.891550 +16.241
2457011.892127 +16.242
2457011.892711 +16.232
2457011.893868 +16.263
2457011.897440 +16.251
2457011.898599 +16.279
2457011.899179 +16.296
2457011.899758 +16.272
2457011.900337 +16.233
2457011.900918 +16.241
2457011.901496 +16.290
2457011.902655 +16.305
2457011.904257 +16.212
2457011.904840 +16.227
2457011.906004 +16.220
2457011.906577 +16.269
2457011.907739 +16.230
2457011.908900 +16.260
2457011.909482 +16.242
2457011.911280 +16.221
2457011.911863 +16.231
2457011.923319 +16.285
2457011.925034 +16.242
2457011.927355 +16.251
2457011.927942 +16.288
2457011.930254 +16.240
2457011.932433 +16.304
2457011.933013 +16.325
2457011.934747 +16.236
2457011.935339 +16.332
2457011.935912 +16.310
2457011.936497 +16.235
2457011.937072 +16.298
2457011.939266 +16.270
2457011.941581 +16.316
2457011.943317 +16.286
2457011.957592 +16.348
2457011.958752 +16.355
2457011.959910 +16.354
2457011.961646 +16.351
2457011.963257 +16.361
2457011.964996 +16.323
2457011.965576 +16.362
2457011.966155 +16.343
2457011.967317 +16.348
2457011.967897 +16.330
2457011.968476 +16.312
2457011.970083 +16.373
2457011.972407 +16.374
2457011.972980 +16.340
2457011.973558 +16.313
2457011.974136 +16.315
2457011.974710 +16.337
2457011.975298 +16.314
2457011.976911 +16.310
2457011.977488 +16.326
2457011.978069 +16.305
2457011.978647 +16.339
2457011.979228 +16.323
2457011.979801 +16.275
2457011.980379 +16.336
2457011.980958 +16.283
2457011.981539 +16.279
2457011.982118 +16.292
2457011.983731 +16.368
2457011.984311 +16.358
2457011.984890 +16.332
2457011.986628 +16.326
2457011.987787 +16.341
2457011.988366 +16.337
2457011.990553 +16.307
2457011.991130 +16.328
2457011.991707 +16.289
2457011.993457 +16.347
2457011.994037 +16.307
2457011.994610 +16.297
2457011.998732 +16.351
2457011.999310 +16.282
2457011.999892 +16.262
2457012.000471 +16.330
2457012.001051 +16.290
2457012.001628 +16.294
2457012.002209 +16.289
2457012.002788 +16.257
2457012.003368 +16.280
2457012.005949 +16.287
2457012.006698 +16.309
2457012.007452 +16.280
2457012.008197 +16.276
2457012.008955 +16.288
2457012.009715 +16.328
2457012.010465 +16.302
2457012.011218 +16.299
2457012.011973 +16.261
2457012.012724 +16.302
2457012.014689 +16.340
2457012.015441 +16.323
2457012.016194 +16.264
2457012.016948 +16.331
2457012.017703 +16.361
2457012.019209 +16.361
2457012.019965 +16.303
2457012.020716 +16.335
2457012.021468 +16.352
2457012.023426 +16.315
2457012.024180 +16.340
2457012.024931 +16.291
2457012.025687 +16.362
2457012.026442 +16.326
2457012.027195 +16.319
2457012.027954 +16.305
2457012.029454 +16.337
2457012.030209 +16.307
2457012.033120 +16.336
2457012.033875 +16.352
2457012.034627 +16.300
2457012.035383 +16.287
2457012.036140 +16.298
2457012.036891 +16.280
2457012.037647 +16.286
2457012.038393 +16.298
2457012.039153 +16.312
2457012.043169 +16.357
2457012.043925 +16.306
2457012.044682 +16.298
2457012.045436 +16.342
2457012.047705 +16.305
2457012.049964 +16.289
2457012.051928 +16.320
2457012.052679 +16.299
2457012.053437 +16.344
2457012.054190 +16.315
2457012.054942 +16.301
2457012.055695 +16.310
2457012.056450 +16.294
2457012.057204 +16.336
2457012.057957 +16.281
2457012.058710 +16.344
2457012.062197 +16.338
2457012.063693 +16.296
2457012.065206 +16.366
2457012.065962 +16.359
2457012.066713 +16.354
