2456563.70128 17.083
2456563.70352 17.064
2456563.71244 17.078
2456563.71468 17.05
2456563.71692 17.035
2456563.71915 17.03
2456563.72139 17.077
2456563.72362 17.072
2456563.72585 17.096
2456563.72809 17.165
2456563.73379 17.108
2456563.73603 17.111
2456563.73826 17.12
2456563.7405 17.088
2456563.74941 17.078
2456563.75165 17.12
2456563.75388 17.126
2456563.7561 17.165
2456563.75834 17.148
2456563.76057 17.154
2456563.7628 17.147
2456563.76503 17.148
2456563.77443 17.113
2456563.77665 17.117
2456563.77889 17.134
2456563.78112 17.164
2456563.78336 17.173
2456563.78559 17.119
2456563.78783 17.132
2456563.79005 17.111
2456563.79229 17.066
2456563.79453 17.101
2456563.80122 17.075
2456563.81139 17.026
2456563.81362 17.032
2456563.81586 17.014
2456563.81808 17.064
2456563.82033 17.088
2456563.82255 17.095
2456563.82478 17.09
2456563.82702 17.151
2456563.82925 17.143
2456563.83147 17.185
2456563.83371 17.148
2456563.84351 17.132
2456563.85021 17.058
2456563.85245 17.074
2456563.85467 17.065
2456563.85691 17.104
2456563.85914 17.147
2456563.87252 17.154
2456563.87476 17.162
2456563.88044 17.082
2456563.88267 17.139
2456563.88491 17.13
2456563.88714 17.09
2456563.88937 17.08
2456563.8916 17.067
2456563.89384 17.123
2456563.89606 17.088
2456563.90053 17.05
2456563.90276 17.041
2456563.90499 17.061
2456563.90722 17.058
2456563.90945 17.014
2456563.91169 17.035
2456563.91702 17.045
2456563.91925 17.078
2456563.92149 17.093
2456563.92372 17.058
2456563.92596 17.137
2456563.92818 17.112
2456563.93042 17.129
2456563.93488 17.099
2456563.93934 17.078
2456563.94157 17.119
2456563.94381 17.111
2456563.94826 17.104
2456563.95395 17.123
2456563.95618 17.149
2456563.95843 17.116
2456563.96736 17.152
2456563.96959 17.116
2456563.97629 17.094
2456563.97853 17.087
2456563.98076 17.095
2456563.98299 17.099
2456563.98522 17.159
