2456568.62115 16.855
2456568.63006 16.894
2456568.63601 16.897
2456568.64196 16.893
2456568.65421 16.902
2456568.66015 16.876
2456568.66313 16.931
2456568.66609 16.896
2456568.66907 16.881
2456568.67503 16.934
2456568.678 16.927
2456568.68098 16.917
2456568.69685 16.867
2456568.69982 16.852
2456568.70873 16.836
2456568.71467 16.836
2456568.72417 16.836
2456568.72714 16.881
2456568.73011 16.902
2456568.73307 16.923
2456568.73605 16.893
2456568.73902 16.896
2456568.74199 16.928
2456568.74497 16.878
2456568.74794 16.933
2456568.76232 16.952
2456568.77123 16.974
2456568.7742 16.989
2456568.77717 16.957
2456568.78014 17.028
2456568.78311 17.002
2456568.79253 16.991
2456568.81333 16.915
2456568.8163 16.91
2456568.81927 16.914
2456568.82823 16.899
2456568.8312 16.928
2456568.84309 16.864
2456568.85201 16.864
2456568.86448 16.886
2456568.86745 16.902
2456568.87339 16.869
2456568.88232 16.895
2456568.88528 16.891
