2456565.68219 17.047
2456565.68442 17.042
2456565.69119 17.032
2456565.70682 16.977
2456565.70906 16.993
2456565.71352 16.969
2456565.71575 16.972
2456565.71798 16.997
2456565.72021 17.01
2456565.72244 17.022
2456565.74152 17.038
2456565.75268 17.063
2456565.75715 17.062
2456565.75938 17.044
2456565.76432 17.015
2456565.76655 17.051
2456565.76879 17.047
2456565.77102 17.031
2456565.77324 16.99
2456565.77548 17.015
2456565.77771 17.043
2456565.77996 17.005
2456565.7822 17.008
2456565.7889 17.058
2456565.79336 16.966
2456565.79558 16.939
2456565.80135 16.982
2456565.80358 16.949
2456565.80581 16.943
2456565.80804 16.94
2456565.81027 16.944
2456565.8125 16.96
2456565.81473 16.952
2456565.81696 16.949
2456565.81919 16.948
2456565.82365 16.975
2456565.82588 16.977
2456565.82811 17.006
2456565.83791 17.035
2456565.84014 16.974
2456565.84461 16.955
2456565.84684 16.946
2456565.84907 17.024
2456565.8513 16.964
2456565.85576 17.034
2456565.85799 17.03
2456565.86023 17.03
2456565.86246 17.015
2456565.86469 17.081
2456565.86692 17.056
2456565.86916 17.039
2456565.87524 16.984
2456565.87747 17.005
2456565.87971 17.025
2456565.88417 17.067
2456565.88863 17.05
2456565.89086 17.005
2456565.8931 16.959
2456565.89757 16.951
2456565.8998 16.98
2456565.92939 17.037
2456565.93831 17.025
2456565.94056 16.991
2456565.94886 17.034
2456565.95333 16.996
2456565.95556 17.073
2456565.95779 17.007
2456565.96449 17.064
2456565.96672 17.02
2456565.97118 16.996
