2456564.701 17.108
2456564.70323 17.05
2456564.7077 17.089
2456564.70993 17.047
2456564.71216 17.073
2456564.71438 17.043
2456564.71661 17.06
2456564.71885 17.118
2456564.72108 17.101
2456564.72331 17.106
2456564.72554 17.17
2456564.72777 17.208
2456564.73 17.225
2456564.74938 17.168
2456564.75163 17.18
2456564.75386 17.19
2456564.75609 17.199
2456564.78143 17.16
2456564.78811 17.158
2456564.79035 17.11
2456564.79259 17.121
2456564.80599 17.039
2456564.8121 16.995
2456564.83665 17.112
2456564.83888 17.102
2456564.8411 17.072
2456564.84334 17.066
2456564.8508 17.098
2456564.85526 17.107
2456564.8575 17.115
2456564.86869 17.125
2456564.87092 17.091
2456564.87315 17.127
2456564.91232 17.015
2456564.91455 17.035
2456564.91678 17.004
2456564.94222 17.038
2456564.94445 17.01
2456564.94669 17.009
2456564.94892 17.035
2456564.95116 17.064
2456564.95339 17.075
