2457200.031449 +15.282
2457200.035846 +15.297
2457200.040244 +15.329
2457200.056910 +15.399
2457200.059608 +15.408
2457200.062288 +15.428
2457200.065097 +15.431
2457200.067790 +15.417
2457200.070476 +15.427
2457200.073156 +15.421
2457200.082793 +15.361
2457200.085331 +15.380
2457200.088105 +15.333
2457200.090631 +15.330
2457200.093157 +15.336
2457200.095687 +15.334
2457200.098217 +15.361
2457200.100743 +15.347
2457200.103270 +15.379
2457200.114253 +15.385
2457200.119544 +15.410
2457200.122094 +15.392
2457200.124648 +15.394
2457200.127207 +15.421
2457200.129752 +15.383
2457200.132302 +15.381
2457200.134861 +15.395
2457200.140076 +15.375
2457200.142503 +15.345
2457200.144926 +15.320
2457200.147353 +15.316
2457200.149777 +15.310
2457200.152196 +15.317
2457200.154622 +15.291
2457200.157050 +15.287
2457200.159529 +15.268
2457200.167068 +15.269
2457200.169452 +15.278
2457200.171942 +15.283
2457200.174330 +15.298
2457200.188840 +15.342
2457200.194849 +15.396
2457200.197428 +15.373
2457200.200010 +15.393
2457200.202576 +15.393
2457200.205153 +15.407
2457200.207731 +15.426
2457200.210310 +15.443
2457200.212879 +15.450
2457200.215458 +15.433
2457200.218027 +15.407
2457200.223755 +15.391
2457200.226254 +15.370
2457200.228836 +15.377
2457200.231342 +15.353
2457200.233845 +15.365
2457200.236355 +15.355
2457200.238942 +15.371
2457200.241448 +15.365
2457200.243958 +15.362
2457200.246460 +15.381
2457200.257420 +15.404
2457200.259942 +15.422
2457200.262465 +15.425
2457200.264987 +15.418
2457200.267513 +15.435
2457200.270043 +15.400
2457200.275096 +15.418
2457200.281007 +15.397
2457200.283577 +15.381
2457200.286159 +15.342
2457200.288725 +15.327
2457200.291295 +15.312
2457200.293960 +15.313
2457200.296526 +15.302
2457200.299092 +15.280
2457200.301666 +15.288
2457200.304228 +15.264
2457200.310862 +15.265
2457200.313515 +15.278
2457200.316280 +15.273
2457200.318930 +15.287
2457200.321567 +15.310
2457200.324217 +15.345
