2456622.64114 15.252
2456622.6434 15.25
2456622.64566 15.252
2456622.64791 15.268
2456622.65017 15.245
2456622.65243 15.219
2456622.65469 15.247
2456622.65695 15.223
2456622.65921 15.252
2456622.66148 15.201
2456622.66373 15.204
2456622.666 15.196
2456622.66826 15.188
2456622.67051 15.169
2456622.67277 15.169
2456622.67763 15.145
2456622.67989 15.13
2456622.68215 15.127
2456622.68441 15.124
2456622.68667 15.126
2456622.68893 15.122
2456622.69119 15.125
2456622.69345 15.131
2456622.69571 15.141
2456622.69797 15.144
2456622.70023 15.163
2456622.70249 15.16
2456622.70475 15.169
2456622.70701 15.178
2456622.70927 15.181
2456622.71495 15.191
2456622.71722 15.205
2456622.71948 15.191
2456622.72173 15.211
2456622.72399 15.207
2456622.72625 15.214
2456622.72851 15.222
2456622.73077 15.184
2456622.73303 15.195
2456622.73529 15.159
2456622.73755 15.138
2456622.73981 15.117
2456622.74207 15.091
2456622.74433 15.08
2456622.74659 15.068
2456622.75156 15.047
2456622.75383 15.059
2456622.75609 15.066
2456622.75835 15.049
2456622.76062 15.045
2456622.76288 15.069
2456622.76513 15.081
2456622.76739 15.106
2456622.76965 15.134
2456622.77192 15.141
2456622.77418 15.154
2456622.77644 15.169
2456622.7787 15.194
2456622.78096 15.218
2456622.78322 15.265
2456622.78911 15.238
2456622.79137 15.242
2456622.79363 15.226
2456622.79589 15.227
2456622.79815 15.215
2456622.80041 15.22
2456622.80267 15.208
2456622.80494 15.195
2456622.8072 15.178
2456622.80946 15.174
2456622.81172 15.184
2456622.81398 15.153
2456622.81624 15.146
2456622.8185 15.14
2456622.82076 15.137
2456622.82574 15.131
2456622.828 15.127
2456622.83026 15.127
2456622.83252 15.125
2456622.83478 15.134
2456622.83704 15.125
2456622.8393 15.147
2456622.84157 15.137
2456622.84383 15.15
2456622.84609 15.154
2456622.84835 15.172
2456622.85061 15.193
2456622.85287 15.192
2456622.85513 15.201
2456622.85739 15.205
2456622.86317 15.222
2456622.86543 15.216
2456622.86769 15.21
2456622.86995 15.218
2456622.87221 15.203
2456622.87447 15.199
2456622.87673 15.179
2456622.87899 15.138
2456622.88125 15.111
2456622.88351 15.098
2456622.88577 15.074
2456622.88803 15.053
2456622.89029 15.071
2456622.89255 15.067
2456622.89481 15.066
2456622.89989 15.061
2456622.90215 15.061
2456622.90441 15.072
2456622.90667 15.088
2456622.90893 15.11
2456622.91119 15.131
2456622.91345 15.155
2456622.91571 15.152
2456622.91797 15.177
2456622.92023 15.213
2456622.9225 15.207
2456622.92475 15.242
2456622.92701 15.26
2456622.92927 15.245
2456622.93153 15.26
2456622.9371 15.236
2456622.93935 15.241
2456622.94161 15.225
2456622.94387 15.229
2456622.94613 15.194
2456622.94839 15.19
2456622.95065 15.186
2456622.95291 15.167
2456622.95517 15.162
2456622.95743 15.143
2456622.95969 15.14
2456622.96195 15.123
2456622.96421 15.118
2456622.96647 15.129
2456622.96873 15.122
2456622.97358 15.111
2456622.97584 15.133
2456622.9781 15.128
2456622.98035 15.138
2456622.98262 15.149
2456622.98489 15.168
2456622.98715 15.155
2456622.98941 15.162
2456622.99167 15.199
2456622.99393 15.226
2456622.99619 15.205
2456622.99845 15.201
2456623.00071 15.214
2456623.00297 15.222
2456623.00523 15.219
2456623.01256 15.162
2456623.01482 15.173
2456623.01709 15.159
2456623.01935 15.158
2456623.02161 15.13
2456623.02388 15.113
2456623.02613 15.111
2456623.02839 15.082
2456623.03065 15.085
2456623.03291 15.072
2456623.03518 15.075
2456623.03744 15.072
2456623.0397 15.053
2456623.04418 15.064
2456623.04925 15.097
2456623.05151 15.11
2456623.05378 15.119
2456623.05604 15.143
2456623.0583 15.166
2456623.06056 15.186
2456623.06282 15.209
