2454726.65275 1.073
2454726.65583 1.105
2454726.6589 1.116
2454726.66199 1.095
2454726.66507 1.107
2454726.6863 1.098
2454726.68944 1.054
2454726.69258 1.062
2454726.69573 1.074
2454726.69888 1.041
2454726.70202 1.015
2454726.70518 1.011
2454726.70833 1.032
2454726.71997 1.197
2454726.72312 1.188
2454726.72628 1.222
2454726.72942 1.187
2454726.73257 1.237
2454726.73571 1.218
2454726.73887 1.173
2454726.74202 1.16
2454726.74517 1.167
2454726.75165 1.165
2454726.75481 1.161
2454726.75795 1.119
2454726.7611 1.126
2454726.76426 1.112
2454726.76739 1.099
2454726.77055 1.06
2454726.77371 1.076
2454726.77686 1.06
2454726.78001 1.066
2454726.78494 1.075
2454726.78804 1.082
2454726.79114 1.093
2454726.79423 1.102
2454726.79733 1.095
2454726.80043 1.115
2454726.80353 1.135
2454726.80663 1.135
2454726.80972 1.152
2454726.81282 1.146
2454726.81818 1.125
2454726.82128 1.112
2454726.82437 1.102
2454726.82747 1.076
2454726.83057 1.021
2454726.83987 1.001
2454726.84297 1.002
2454726.84606 1.005
2454726.85057 1.015
2454726.85367 1.014
2454726.85677 1.069
2454726.85987 1.141
2454726.86297 1.142
2454726.86607 1.174
2454726.86917 1.185
2454726.87227 1.224
2454726.87536 1.216
2454726.87847 1.226
2454726.88368 1.192
2454726.88678 1.165
2454726.88989 1.189
2454726.893 1.148
2454726.89609 1.116
2454726.89919 1.119
2454726.90229 1.118
2454726.9054 1.113
2454726.90851 1.087
2454726.91161 1.082
2454726.91611 1.084
2454726.91921 1.081
2454726.9254 1.062
2454726.93159 1.098
2454726.93469 1.128
2454726.94089 1.13
2454726.94956 1.106
2454726.95266 1.118
2454726.95576 1.139
2454726.96506 1.129
2454726.96816 1.125
2454726.97126 1.102
2454726.97436 1.046
2454726.97746 1.05
2454726.98199 1.009
2454726.98509 1.029
2454726.98819 1.051
