2457200.997520 +15.250
2457200.999961 +15.221
2457201.002375 +15.229
2457201.004802 +15.220
2457201.009195 +15.204
2457201.023273 +15.165
2457201.025473 +15.169
2457201.027672 +15.181
2457201.029871 +15.224
2457201.032069 +15.232
2457201.034268 +15.227
2457201.036466 +15.244
2457201.038665 +15.265
2457201.040864 +15.264
2457201.043063 +15.279
2457201.089397 +15.268
2457201.091796 +15.259
2457201.094239 +15.278
2457201.096631 +15.292
2457201.099026 +15.286
2457201.101473 +15.301
2457201.103868 +15.290
2457201.111050 +15.327
2457201.126736 +15.335
2457201.129127 +15.327
2457201.131522 +15.299
2457201.133969 +15.307
2457201.136416 +15.280
2457201.138812 +15.269
2457201.141215 +15.257
2457201.143602 +15.228
2457201.152504 +15.200
2457201.155245 +15.175
2457201.157878 +15.165
2457201.160512 +15.166
2457201.163356 +15.176
2457201.165993 +15.210
2457201.168627 +15.209
2457201.171265 +15.204
2457201.173898 +15.230
2457201.178927 +15.252
2457201.183717 +15.281
2457201.186101 +15.266
2457201.188488 +15.310
2457201.190883 +15.306
2457201.193274 +15.323
2457201.195670 +15.328
2457201.200452 +15.337
2457201.206732 +15.337
2457201.209354 +15.354
2457201.212075 +15.340
2457201.214688 +15.328
2457201.217306 +15.315
2457201.219932 +15.310
2457201.222558 +15.292
2457201.225175 +15.269
2457201.227789 +15.277
2457201.230402 +15.285
2457201.235650 +15.271
2457201.238081 +15.284
2457201.243022 +15.305
2457201.245445 +15.303
2457201.250315 +15.330
2457201.255189 +15.354
2457201.257616 +15.347
2457201.262677 +15.337
2457201.274760 +15.286
2457201.277159 +15.304
2457201.279551 +15.272
2457201.281942 +15.269
2457201.299606 +15.168
2457201.304595 +15.172
2457201.307050 +15.191
2457201.309509 +15.194
2457201.311964 +15.209
2457201.318482 +15.247
2457201.321124 +15.247
