2453316.54342 1.298
2453316.54896 1.315
2453316.55173 1.3
2453316.55728 1.31
2453316.56005 1.348
2453316.56282 1.334
2453316.56558 1.345
2453316.56835 1.322
2453316.57112 1.351
2453316.58126 1.354
2453316.59787 1.368
2453316.60893 1.335
2453316.61723 1.342
2453316.62641 1.343
2453316.62919 1.335
2453316.63476 1.309
2453316.63752 1.31
2453316.64028 1.307
2453316.64305 1.286
2453316.64581 1.3
2453316.64857 1.303
2453316.65405 1.292
2453316.65677 1.312
2453316.65953 1.321
2453316.6623 1.344
2453316.66507 1.335
2453316.67406 1.33
2453316.67682 1.334
2453316.67957 1.342
2453316.6851 1.314
2453316.68787 1.313
2453316.69063 1.304
2453316.69339 1.337
2453316.69615 1.315
2453316.69891 1.315
2453316.70167 1.283
2453316.70443 1.281
2453316.70719 1.256
2453316.71621 1.258
2453316.71899 1.246
2453316.73557 1.268
2453316.73832 1.269
2453316.74108 1.275
2453316.74383 1.304
2453316.7466 1.318
2453316.74935 1.305
2453316.75211 1.314
2453316.75486 1.313
2453316.76109 1.321
2453316.76385 1.324
2453316.76661 1.329
2453316.78315 1.318
2453316.78865 1.306
2453316.7914 1.303
2453316.79415 1.299
2453316.7969 1.312
2453316.80586 1.281
2453316.81137 1.287
2453316.81412 1.271
2453316.81967 1.268
2453316.82243 1.263
2453316.83071 1.272
2453316.83622 1.276
2453316.83897 1.284
2453316.84173 1.281
2453316.84448 1.302
2453316.85618 1.334
2453316.85893 1.321
2453316.86168 1.331
2453316.86442 1.334
2453316.86717 1.315
2453316.86993 1.31
2453316.88094 1.282
2453316.88369 1.272
2453316.88643 1.28
2453316.88919 1.263
2453316.89814 1.281
2453316.90363 1.267
2453316.90639 1.254
2453316.90914 1.259
