2456237.58665 15.471
2456237.58968 15.506
2456237.59271 15.507
2456237.59575 15.521
2456237.59881 15.518
2456237.60182 15.449
2456237.60486 15.472
2456237.6079 15.47
2456237.62239 15.375
2456237.62542 15.409
2456237.62845 15.434
2456237.63149 15.45
2456237.63452 15.446
2456237.63754 15.45
2456237.64057 15.485
2456237.64362 15.504
2456237.64665 15.508
2456237.64968 15.469
2456237.65814 15.502
2456237.66118 15.444
2456237.66422 15.455
2456237.66725 15.445
2456237.67029 15.431
2456237.67334 15.463
2456237.67637 15.452
2456237.6794 15.484
2456237.68244 15.456
2456237.68547 15.492
2456237.69338 15.511
2456237.69642 15.534
2456237.69946 15.519
2456237.7025 15.526
2456237.70555 15.479
2456237.70859 15.487
2456237.71163 15.437
2456237.71466 15.451
2456237.71768 15.406
2456237.72072 15.415
2456237.72955 15.443
2456237.73259 15.417
2456237.73563 15.45
2456237.73867 15.412
2456237.74172 15.468
2456237.74477 15.484
2456237.7478 15.513
2456237.75083 15.505
2456237.75386 15.496
2456237.75689 15.543
2456237.76499 15.441
2456237.76802 15.449
2456237.77107 15.431
2456237.77714 15.423
2456237.78018 15.468
2456237.78322 15.473
2456237.78627 15.489
2456237.78931 15.485
2456237.79234 15.497
2456237.8 15.537
2456237.80306 15.575
2456237.80609 15.565
2456237.80913 15.575
2456237.81217 15.543
2456237.8152 15.517
2456237.81824 15.5
2456237.82127 15.471
2456237.82431 15.483
2456237.82736 15.455
2456237.83535 15.523
2456237.83838 15.493
2456237.84142 15.523
2456237.84446 15.504
2456237.8475 15.554
2456237.85054 15.576
2456237.85357 15.607
2456237.8566 15.589
2456237.85963 15.597
2456237.86266 15.58
2456237.87024 15.53
2456237.87328 15.482
2456237.87631 15.475
2456237.87935 15.471
2456237.88237 15.461
2456237.8854 15.49
2456237.88846 15.495
2456237.89149 15.495
2456237.89453 15.485
2456237.89757 15.513
2456237.92199 15.441
2456237.92504 15.47
2456237.92808 15.439
2456237.93112 15.44
2456237.93416 15.444
2456237.94406 15.432
2456237.95013 15.481
