2453297.60935 2.32
2453297.61252 2.324
2453297.61413 2.332
2453297.6173 2.32
2453297.62123 2.312
2453297.62282 2.335
2453297.6276 2.305
2453297.62918 2.321
2453297.63234 2.322
2453297.63392 2.301
2453297.6355 2.281
2453297.63708 2.29
2453297.63866 2.299
2453297.64025 2.307
2453297.64185 2.302
2453297.64345 2.283
2453297.64749 2.298
2453297.64909 2.318
2453297.65068 2.278
2453297.65388 2.277
2453297.65707 2.284
2453297.65868 2.297
2453297.66028 2.28
2453297.66347 2.261
2453297.66828 2.301
2453297.66986 2.284
2453297.67516 2.266
2453297.67676 2.262
2453297.67836 2.243
2453297.67995 2.254
2453297.68155 2.244
2453297.68474 2.276
2453297.68634 2.257
2453297.68793 2.28
2453297.69112 2.261
2453297.69432 2.254
2453297.69998 2.271
2453297.70638 2.242
2453297.70797 2.263
2453297.71117 2.25
2453297.71277 2.226
2453297.71436 2.245
2453297.71596 2.203
2453297.71915 2.24
2453297.72075 2.236
2453297.72235 2.214
2453297.72638 2.21
2453297.72797 2.195
2453297.72958 2.209
2453297.73118 2.19
2453297.7592 2.212
2453297.7608 2.228
2453297.76399 2.209
2453297.76719 2.229
2453297.76878 2.208
2453297.7905 2.285
2453297.79369 2.268
2453297.7953 2.255
2453297.79848 2.267
2453297.80168 2.25
2453297.8105 2.227
2453297.81369 2.223
2453297.81529 2.221
2453297.82008 2.212
2453297.82805 2.201
2453297.83367 2.223
2453297.83527 2.221
2453297.83846 2.216
2453297.84006 2.213
2453297.84165 2.197
2453297.84325 2.209
2453297.84485 2.234
2453297.84645 2.226
2453297.85124 2.219
2453297.85284 2.231
2453297.85443 2.254
2453297.85847 2.26
2453297.86167 2.261
2453297.86326 2.26
2453297.86485 2.271
2453297.86645 2.289
2453297.87921 2.303
2453297.88081 2.289
2453297.91281 2.188
2453297.91441 2.191
2453297.9208 2.23
2453297.92559 2.222
2453297.92719 2.216
2453297.94397 2.25
2453297.94556 2.258
2453297.95035 2.257
2453297.95833 2.279
2453297.96394 2.282
2453297.96553 2.258
2453297.96874 2.269
2453297.97034 2.28
