2453309.55856 2.07
2453309.56061 2.067
2453309.56266 2.074
2453309.56471 2.083
2453309.56676 2.058
2453309.56881 2.078
2453309.57291 2.113
2453309.59044 2.121
2453309.59255 2.115
2453309.59466 2.145
2453309.59677 2.157
2453309.60732 2.154
2453309.61251 2.151
2453309.61463 2.131
2453309.62092 2.13
2453309.62299 2.136
2453309.62506 2.164
2453309.63775 2.131
2453309.63986 2.099
2453309.64722 2.111
2453309.65144 2.127
2453309.65565 2.1
2453309.65777 2.117
2453309.65988 2.077
2453309.66199 2.078
2453309.66411 2.042
2453309.66833 2.046
2453309.67044 2.06
2453309.67255 2.023
2453309.68408 2.046
2453309.68619 2.057
2453309.6883 2.132
2453309.69252 2.079
2453309.69463 2.061
2453309.69674 2.095
2453309.70098 2.17
2453309.7031 2.189
2453309.70521 2.183
2453309.70732 2.148
2453309.70943 2.166
2453309.71154 2.235
2453309.73158 2.214
2453309.7337 2.255
2453309.73583 2.247
2453309.73793 2.219
2453309.74002 2.197
2453309.74214 2.178
2453309.74426 2.155
2453309.74638 2.203
2453309.7516 2.121
2453309.75582 2.11
2453309.75792 2.08
2453309.76003 2.12
2453309.76214 2.09
2453309.76426 2.118
2453309.76636 2.092
2453309.77898 2.076
2453309.78109 2.079
2453309.79473 2.074
2453309.79678 2.098
2453309.80297 2.107
2453309.80503 2.119
2453309.8333 2.129
2453309.83541 2.102
2453309.83752 2.078
2453309.84172 2.119
2453309.84803 2.065
2453309.85014 2.043
2453309.85534 2.007
2453309.85745 2.057
2453309.85955 2.018
2453309.86165 2.007
2453309.86376 2.008
2453309.86588 2.007
2453309.86799 1.957
2453309.87009 1.99
2453309.8722 1.952
2453309.87431 1.935
2453309.87639 1.95
2453309.87849 1.98
2453309.88059 1.993
2453309.88269 2.008
2453309.88479 2.014
2453309.8942 2.048
2453309.8963 2.095
2453309.8984 2.119
2453309.90051 2.093
2453309.90261 2.12
2453309.9047 2.12
2453309.90679 2.097
2453309.9173 2.116
2453309.92461 2.066
2453309.92671 2.049
2453309.92882 2.059
2453309.94145 2.051
