2454680.98861 -0.221
2454680.99612 -0.242
2454680.99994 -0.248
2454681.00381 -0.238
2454681.00759 -0.215
2454681.0113 -0.191
2454681.01504 -0.198
2454681.01883 -0.201
2454681.02267 -0.197
2454681.02642 -0.212
2454681.03024 -0.206
2454681.03395 -0.203
2454681.03765 -0.203
2454681.04135 -0.202
2454681.04504 -0.203
2454681.04874 -0.208
2454681.05244 -0.204
2454681.05614 -0.191
2454681.05989 -0.212
2454681.06363 -0.202
2454681.06733 -0.188
2454681.07106 -0.182
2454681.07492 -0.164
2454681.07862 -0.166
2454681.0824 -0.154
2454681.08614 -0.158
2454681.08989 -0.138
2454681.09368 -0.124
2454681.09738 -0.114
2454681.10108 -0.099
2454681.10477 -0.1
2454681.10847 -0.108
2454681.11221 -0.15
2454681.11599 -0.185
2454681.11972 -0.216
2454681.12344 -0.22
2454681.13085 -0.232
2454681.13454 -0.244
2454681.1618 -0.214
2454681.16548 -0.202
2454681.16918 -0.202
2454681.17287 -0.205
2454681.17892 -0.212
2454681.18261 -0.216
2454681.18633 -0.218
2454681.19009 -0.207
2454681.19378 -0.215
2454681.19747 -0.211
2454681.20115 -0.212
2454681.20484 -0.198
2454681.20852 -0.186
2454681.21219 -0.168
2454681.21588 -0.154
2454681.21957 -0.155
2454681.22324 -0.146
2454681.22693 -0.123
2454681.23061 -0.122
2454681.23437 -0.106
2454681.23806 -0.094
2454681.24175 -0.099
2454681.24543 -0.093
2454681.24912 -0.131
2454681.25281 -0.169
2454681.2565 -0.196
2454681.26018 -0.206
2454681.2639 -0.21
2454681.26759 -0.225
2454681.27138 -0.232
2454681.27507 -0.238
2454681.27875 -0.244
2454681.28243 -0.209
2454681.28611 -0.19
2454681.28979 -0.187
2454681.29351 -0.193
2454681.29719 -0.206
2454681.30087 -0.208
2454681.30459 -0.206
2454681.30828 -0.195
2454681.31197 -0.206
2454681.31565 -0.195
2454681.31933 -0.21
2454681.32302 -0.202
