2454702.93438 -0.532
2454702.93626 -0.519
2454702.93853 -0.486
2454702.94109 -0.491
2454702.9428 -0.487
2454702.94485 -0.467
2454702.94767 -0.489
2454702.94983 -0.499
2454702.95159 -0.494
2454702.95449 -0.472
2454702.95625 -0.494
2454702.95854 -0.487
2454702.97169 -0.485
2454702.97373 -0.504
2454702.97557 -0.509
2454702.98921 -0.483
2454702.99097 -0.502
2454702.99329 -0.509
2454703.00689 -0.463
2454703.00862 -0.446
2454703.0106 -0.458
2454703.02405 -0.429
2454703.02583 -0.418
2454703.02774 -0.417
2454703.04153 -0.448
2454703.04323 -0.457
2454703.04549 -0.468
2454703.0583 -0.505
2454703.06026 -0.505
2454703.0621 -0.522
2454703.07552 -0.49
2454703.07728 -0.48
2454703.07958 -0.478
2454703.09271 -0.488
2454703.09448 -0.494
2454703.09676 -0.474
2454703.11024 -0.475
2454703.11212 -0.487
2454703.11405 -0.485
2454703.13203 -0.483
2454703.13401 -0.485
2454703.13576 -0.479
2454703.14955 -0.424
2454703.18639 -0.482
2454703.18816 -0.49
2454703.20578 -0.526
2454703.20754 -0.508
2454703.22299 -0.463
2454703.22498 -0.466
2454703.22675 -0.484
2454703.24051 -0.462
2454703.24228 -0.458
2454703.24449 -0.46
2454703.25792 -0.481
2454703.25992 -0.473
2454703.26173 -0.459
