2453996.60082 0.8
2453996.60402 0.781
2453996.60721 0.782
2453996.61041 0.748
2453996.61361 0.745
2453996.61998 0.718
2453996.62322 0.731
2453996.63393 0.743
2453996.63712 0.749
2453996.64035 0.744
2453996.64996 0.748
2453996.65959 0.755
2453996.6628 0.752
2453996.67372 0.757
2453996.68332 0.736
2453996.68652 0.733
2453996.69296 0.71
2453996.6962 0.711
2453996.69939 0.726
2453996.76382 0.731
2453996.76706 0.727
2453996.77026 0.731
2453996.77353 0.75
2453996.77677 0.751
2453996.77999 0.753
2453996.79396 0.756
2453996.79722 0.745
2453996.80051 0.777
2453996.8038 0.769
2453996.80703 0.776
2453996.81026 0.781
2453996.81351 0.764
2453996.83393 0.745
2453996.84691 0.746
2453996.85012 0.78
2453996.85336 0.803
2453996.85664 0.819
2453996.86308 0.841
2453996.87325 0.833
2453996.87646 0.789
2453996.88302 0.762
2453996.88625 0.765
2453996.88948 0.774
2453996.89276 0.793
2453996.92334 0.756
2453996.9329 0.736
2453996.93603 0.728
2453996.93921 0.72
2453996.94234 0.72
2453996.9607 0.736
