2453997.64965 0.382
2453997.65944 0.364
2453997.6627 0.364
2453997.66597 0.363
2453997.67491 0.379
2453997.67804 0.377
2453997.68118 0.399
2453997.70334 0.395
2453997.71242 0.399
2453997.7156 0.409
2453997.72193 0.39
2453997.72507 0.401
2453997.72821 0.432
2453997.7314 0.452
2453997.75961 0.474
2453997.76292 0.475
2453997.76622 0.439
2453997.76941 0.444
2453997.7726 0.433
2453997.77575 0.443
2453997.78737 0.389
2453997.79054 0.396
2453997.79367 0.367
2453997.79686 0.343
2453997.8 0.342
2453997.80317 0.358
2453997.8063 0.369
2453997.80959 0.378
2453997.84211 0.393
2453997.8454 0.384
2453997.84868 0.392
2453997.85196 0.41
2453997.85524 0.439
2453997.86509 0.43
2453997.90453 0.473
2453997.90781 0.463
2453997.9111 0.466
2453997.9144 0.453
2453997.91771 0.44
2453997.92096 0.431
2453997.93409 0.407
2453997.94356 0.385
2453997.94687 0.376
2453997.95014 0.389
2453997.95342 0.409
2453997.95668 0.419
