2453994.61673 0.403
2453994.6199 0.391
2453994.62308 0.398
2453994.62624 0.35
2453994.62941 0.338
2453994.63259 0.368
2453994.63577 0.397
2453994.63894 0.408
2453994.66141 0.494
2453994.66457 0.487
2453994.66775 0.511
2453994.67092 0.506
2453994.68634 0.449
2453994.68951 0.459
2453994.69269 0.394
2453994.69585 0.406
2453994.69902 0.364
2453994.7022 0.366
2453994.70538 0.391
2453994.70855 0.373
2453994.71172 0.376
2453994.71489 0.383
2453994.72433 0.391
2453994.73071 0.394
2453994.73711 0.388
2453994.74351 0.393
2453994.7468 0.391
2453994.74999 0.377
2453994.75333 0.393
2453994.77214 0.403
2453994.77547 0.391
2453994.77875 0.395
2453994.78194 0.414
2453994.78519 0.443
2453994.78838 0.478
2453994.80085 0.467
2453994.80408 0.466
2453994.80741 0.481
2453994.8107 0.439
2453994.81391 0.433
2453994.81713 0.424
2453994.82042 0.4
2453994.82362 0.396
2453994.82695 0.39
2453994.8302 0.389
2453994.87892 0.364
2453994.88222 0.369
2453994.88541 0.368
2453994.88864 0.392
2453994.89194 0.394
2453994.89513 0.405
2453994.90167 0.407
2453994.90486 0.415
2453994.90809 0.434
2453994.91827 0.382
2453994.92147 0.353
2453994.9248 0.34
2453994.92805 0.375
2453994.93125 0.416
2453994.93458 0.388
2453994.93791 0.398
2453994.94114 0.453
