2456336.63528 16.171
2456336.6389 16.174
2456336.64253 16.177
2456336.64616 16.233
2456336.64978 16.253
2456336.66791 16.266
2456336.6792 16.196
2456336.68282 16.169
2456336.68645 16.159
2456336.69009 16.171
2456336.69376 16.201
2456336.701 16.173
2456336.70463 16.156
2456336.70825 16.132
2456336.71187 16.128
2456336.72255 16.221
2456336.72619 16.202
2456336.72981 16.182
2456336.73344 16.185
2456336.73706 16.188
2456336.74069 16.17
2456336.74431 16.206
2456336.74794 16.215
2456336.75156 16.182
2456336.75519 16.196
2456336.76459 16.203
2456336.76821 16.221
2456336.77184 16.215
2456336.77546 16.192
2456336.77908 16.17
2456336.78271 16.177
2456336.78633 16.182
2456336.78996 16.187
2456336.84907 16.144
2456336.85269 16.136
2456336.86356 16.171
2456336.8672 16.19
2456336.87083 16.201
2456336.87445 16.193
2456336.89208 16.209
2456336.89571 16.178
2456336.89933 16.19
2456336.90295 16.19
2456336.90658 16.177
2456336.91022 16.174
2456336.91384 16.22
2456336.91748 16.202
2456336.92111 16.171
2456336.92473 16.169
2456336.93413 16.153
2456336.93775 16.188
2456336.94138 16.229
2456336.945 16.234
2456336.94863 16.236
2456336.95225 16.235
2456336.95587 16.234
2456336.95951 16.228
2456336.96314 16.237
2456336.96677 16.197
2456336.97579 16.179
2456336.97941 16.166
2456336.98305 16.135
2456336.98667 16.198
2456336.9903 16.208
2456336.99392 16.175
2456336.99755 16.151
2456337.00481 16.142
2456337.01801 16.193
2456337.02163 16.196
2456337.02526 16.201
2456337.02888 16.174
2456337.03613 16.161
