2455878.25573 13.983
2455878.2594 13.964
2455878.26472 14.077
2455878.26747 14.023
2455878.27022 13.966
2455878.27295 14.076
2455878.27569 14.077
2455878.27838 14.12
2455878.28112 14.146
2455878.28387 14.13
2455878.28662 14.019
2455878.28935 14.001
2455878.2921 13.955
2455878.29484 13.914
2455878.29751 13.954
2455878.3002 13.988
2455878.30288 13.954
2455878.30557 13.979
2455878.30825 13.923
2455878.31094 13.973
2455878.31361 14.006
2455878.3163 13.956
2455878.32159 14.033
2455878.32427 14.03
2455878.32696 14.045
2455878.32964 14.103
2455878.33233 14.121
2455878.33501 14.112
2455878.34038 14.122
2455878.34307 14.263
2455878.34575 14.204
2455878.34844 14.051
2455878.35113 14.077
2455878.35382 13.973
2455878.35652 13.983
2455878.3592 14.007
2455878.36189 13.935
2455878.36458 13.978
2455878.36728 13.954
2455878.36995 13.91
2455878.37265 13.915
2455878.37534 13.891
2455878.37803 13.935
2455878.38475 14.045
2455878.38743 14.064
2455878.39013 14.079
2455878.39281 14.07
2455878.3955 14.085
2455878.39819 14.085
2455878.40095 14.2
2455878.40366 14.208
2455878.40634 14.159
2455878.40904 14.192
2455878.41174 14.098
2455878.41778 14.011
2455878.42053 14.072
2455878.42323 14.092
2455878.42593 14.094
2455878.43406 14.019
2455878.43681 14.073
2455878.43951 14.173
2455878.4422 14.145
2455878.44494 14.118
2455878.45236 14.28
2455878.45506 14.285
2455878.45774 14.325
2455878.4605 14.334
2455878.46318 14.307
2455878.46587 14.408
2455878.46855 14.308
2455878.47124 14.279
2455878.47392 14.166
2455878.47662 14.142
2455878.48201 14.004
2455878.48477 14.096
2455878.48746 13.938
2455878.49021 13.994
2455878.49296 13.933
2455878.49571 13.946
2455878.49839 13.939
2455878.50109 14.086
2455878.50383 13.971
2455878.50659 14.009
2455878.50928 13.956
2455878.51198 14.039
2455878.52199 14.108
2455878.5259 14.112
2455878.52865 14.098
2455878.53139 14.077
2455878.53413 13.979
2455878.53689 14.003
2455878.53962 14.045
2455878.54236 13.972
2455878.5451 13.979
2455878.54785 13.927
