2455857.26591 13.317
2455857.26879 13.312
2455857.27159 13.31
2455857.27433 13.343
2455857.27714 13.302
2455857.27994 13.309
2455857.28275 13.3
2455857.28555 13.308
2455857.28836 13.299
2455857.29116 13.31
2455857.29397 13.334
2455857.29678 13.346
2455857.29953 13.365
2455857.30233 13.41
2455857.30514 13.415
2455857.30794 13.442
2455857.31075 13.48
2455857.31355 13.464
2455857.31635 13.482
2455857.31917 13.416
2455857.32196 13.382
2455857.32477 13.383
2455857.32757 13.387
2455857.33037 13.347
2455857.33317 13.379
2455857.33597 13.388
2455857.33877 13.383
2455857.34157 13.374
2455857.34438 13.405
2455857.34718 13.374
2455857.34998 13.396
2455857.35279 13.392
2455857.35559 13.396
2455857.3584 13.452
2455857.36122 13.494
2455857.36402 13.515
2455857.36682 13.562
2455857.36963 13.586
2455857.37243 13.591
2455857.37523 13.632
2455857.37804 13.582
2455857.38084 13.527
2455857.38366 13.512
2455857.38647 13.474
2455857.38927 13.435
2455857.39208 13.427
2455857.39488 13.41
2455857.3977 13.366
2455857.40051 13.35
2455857.40331 13.312
2455857.40611 13.309
2455857.40892 13.279
2455857.41172 13.313
2455857.41453 13.311
2455857.41734 13.328
2455857.42014 13.34
2455857.42294 13.384
2455857.42576 13.389
2455857.42856 13.404
2455857.43138 13.43
2455857.43419 13.436
2455857.43699 13.44
2455857.43982 13.423
2455857.44262 13.35
2455857.44543 13.351
2455857.44824 13.304
2455857.45105 13.297
2455857.45387 13.277
2455857.45668 13.282
2455857.45949 13.283
2455857.46229 13.268
2455857.46511 13.24
2455857.46793 13.248
2455857.47073 13.263
2455857.47353 13.266
2455857.48016 13.334
2455857.48299 13.367
2455857.4858 13.4
2455857.49142 13.427
2455857.49424 13.435
2455857.49706 13.458
2455857.49987 13.438
2455857.50267 13.409
2455857.50543 13.36
2455857.50818 13.352
2455857.511 13.329
2455857.51381 13.305
2455857.51662 13.321
2455857.51942 13.312
2455857.52302 13.293
2455857.52583 13.271
2455857.52859 13.304
2455857.53141 13.308
2455857.53422 13.285
2455857.53704 13.327
2455857.53985 13.329
2455857.54266 13.347
2455857.54548 13.385
2455857.54823 13.399
2455857.55104 13.408
2455857.5538 13.427
2455857.55656 13.47
2455857.55939 13.433
2455857.56215 13.396
2455857.56492 13.344
2455857.57002 13.31
2455857.57284 13.293
2455857.57559 13.32
