2455856.31101 13.238
2455856.31446 13.219
2455856.31826 13.203
2455856.32365 13.256
2455856.32679 13.261
2455856.32949 13.245
2455856.33218 13.288
2455856.33487 13.337
2455856.33756 13.311
2455856.34024 13.341
2455856.34294 13.349
2455856.34562 13.348
2455856.34832 13.304
2455856.35102 13.273
2455856.35372 13.238
2455856.3564 13.21
2455856.35909 13.21
2455856.36178 13.2
2455856.36446 13.203
2455856.36715 13.172
2455856.36985 13.153
2455856.37255 13.182
2455856.37523 13.172
2455856.37793 13.174
2455856.38061 13.179
2455856.38336 13.239
2455856.38604 13.236
2455856.38873 13.264
2455856.39147 13.303
2455856.39417 13.337
2455856.39686 13.347
2455856.39956 13.371
2455856.40226 13.394
2455856.40494 13.332
2455856.40764 13.336
2455856.41032 13.306
2455856.41302 13.26
2455856.4157 13.246
2455856.42108 13.236
2455856.42377 13.213
2455856.42647 13.208
2455856.42916 13.209
2455856.43185 13.194
2455856.43455 13.169
2455856.43725 13.205
2455856.43994 13.213
2455856.44263 13.228
2455856.44804 13.248
2455856.45073 13.286
2455856.45341 13.314
2455856.45611 13.317
2455856.45881 13.361
2455856.4615 13.355
2455856.4642 13.362
2455856.46696 13.322
2455856.46964 13.295
2455856.47233 13.257
2455856.47507 13.232
2455856.47777 13.218
2455856.48051 13.207
2455856.4859 13.19
2455856.4886 13.177
2455856.4913 13.164
2455856.49399 13.162
2455856.49757 13.139
2455856.50025 13.17
2455856.50296 13.174
2455856.50833 13.223
2455856.51104 13.244
2455856.51373 13.306
2455856.51642 13.331
2455856.51912 13.362
2455856.52182 13.344
2455856.52722 13.369
2455856.52992 13.304
2455856.53726 13.22
2455856.53995 13.217
2455856.54265 13.226
2455856.54535 13.231
2455856.54804 13.199
2455856.55388 13.198
2455856.55659 13.163
2455856.55934 13.199
2455856.56204 13.18
2455856.57106 13.258
2455856.57382 13.317
2455856.57655 13.329
2455856.57929 13.341
2455856.58204 13.346
2455856.58478 13.326
2455856.58753 13.342
2455856.59029 13.306
2455856.59304 13.251
2455856.5958 13.235
2455856.59853 13.218
