2456176.63495 15.369
2456176.63722 15.344
2456176.6395 15.363
2456176.64177 15.34
2456176.64405 15.327
2456176.64633 15.314
2456176.6486 15.289
2456176.65088 15.3
2456176.65317 15.294
2456176.65543 15.273
2456176.65771 15.291
2456176.65998 15.298
2456176.66226 15.286
2456176.66453 15.271
2456176.66681 15.27
2456176.67341 15.279
2456176.67568 15.285
2456176.67796 15.285
2456176.68025 15.291
2456176.68252 15.311
2456176.6848 15.318
2456176.68707 15.331
2456176.68935 15.338
2456176.69163 15.361
2456176.69391 15.36
2456176.70075 15.399
2456176.70302 15.383
2456176.7053 15.381
2456176.71196 15.358
2456176.71424 15.321
2456176.71654 15.306
2456176.71881 15.278
2456176.72109 15.274
2456176.72337 15.268
2456176.72565 15.252
2456176.7302 15.286
2456176.73249 15.283
2456176.73477 15.311
2456176.73704 15.279
2456176.73932 15.295
2456176.7416 15.297
2456176.74388 15.284
2456176.75031 15.316
2456176.75259 15.341
2456176.75487 15.354
2456176.75715 15.386
2456176.75943 15.362
2456176.76171 15.368
2456176.76398 15.341
2456176.76627 15.35
2456176.76855 15.352
2456176.77083 15.322
2456176.77311 15.309
2456176.77539 15.302
2456176.77767 15.308
2456176.77994 15.297
2456176.78223 15.306
2456176.78839 15.3
2456176.79067 15.284
2456176.79295 15.299
2456176.79522 15.28
2456176.79751 15.288
2456176.7998 15.277
2456176.80208 15.285
2456176.80435 15.29
2456176.80664 15.308
2456176.80892 15.305
2456176.81119 15.306
2456176.81346 15.337
2456176.81574 15.343
2456176.81801 15.359
2456176.82028 15.383
2456176.82633 15.414
2456176.82861 15.417
2456176.83088 15.406
2456176.83318 15.405
2456176.83772 15.363
2456176.84 15.342
2456176.85139 15.249
2456176.85367 15.254
2456176.85595 15.278
2456176.85823 15.268
2456176.86484 15.302
2456176.86711 15.305
2456176.86939 15.309
2456176.87166 15.308
2456176.87394 15.33
2456176.87624 15.313
2456176.87852 15.332
2456176.8808 15.344
2456176.88308 15.352
2456176.88537 15.384
2456176.88765 15.384
2456176.88993 15.376
2456176.89222 15.368
2456176.8945 15.342
2456176.89678 15.342
2456176.90278 15.317
2456176.90506 15.331
2456176.90734 15.317
2456176.90961 15.303
2456176.91188 15.306
2456176.91416 15.274
2456176.91643 15.297
2456176.91871 15.306
2456176.92098 15.277
2456176.92326 15.269
2456176.92557 15.286
2456176.92785 15.289
2456176.93013 15.305
2456176.9324 15.304
2456176.93468 15.315
2456176.95667 15.423
2456176.95894 15.396
2456176.96122 15.394
2456176.9635 15.367
2456176.96577 15.374
2456176.96805 15.331
2456176.97033 15.311
2456176.97261 15.304
2456176.97888 15.245
2456176.98116 15.242
