2456171.67704 15.357
2456171.69301 15.432
2456171.70069 15.476
2456171.70753 15.434
2456171.71665 15.398
2456171.72121 15.335
2456171.72349 15.34
2456171.74766 15.389
2456171.75221 15.415
2456171.75449 15.392
2456171.75677 15.443
2456171.75904 15.433
2456171.76132 15.483
2456171.76359 15.402
2456171.77909 15.393
2456171.78138 15.425
2456171.78366 15.38
2456171.78595 15.351
2456171.79506 15.331
2456171.79734 15.29
2456171.80417 15.345
2456171.82167 15.422
2456171.82395 15.427
2456171.82625 15.467
2456171.84222 15.416
2456171.84677 15.406
2456171.85316 15.369
2456171.86 15.363
2456171.86455 15.348
2456171.86683 15.338
2456171.87596 15.335
2456171.88278 15.405
2456171.88506 15.417
2456171.89051 15.39
2456171.89279 15.455
2456171.89507 15.48
2456171.89735 15.498
2456171.89963 15.453
2456171.90193 15.412
2456171.9042 15.453
2456171.90648 15.472
2456171.91332 15.353
2456171.91559 15.361
2456171.91787 15.297
2456171.92015 15.307
2456171.92242 15.324
2456171.92855 15.326
2456171.9331 15.332
2456171.93538 15.333
2456171.94223 15.416
2456171.94678 15.424
2456171.94906 15.334
2456171.95134 15.421
2456171.95361 15.403
2456171.95589 15.452
2456171.95819 15.411
2456171.96931 15.3
2456171.9716 15.33
2456171.97386 15.329
2456171.97614 15.293
