2456613.5765 16.088
2456613.5781 16.043
2456613.57969 16.119
2456613.58128 16.121
2456613.58286 16.154
2456613.58444 16.159
2456613.58603 16.2
2456613.58761 16.251
2456613.5892 16.257
2456613.59079 16.345
2456613.59237 16.278
2456613.59396 16.264
2456613.59554 16.243
2456613.59713 16.258
2456613.59872 16.21
2456613.60251 16.198
2456613.60411 16.252
2456613.60565 16.109
2456613.60724 16.197
2456613.60882 16.14
2456613.61042 16.089
2456613.612 16.065
2456613.6136 16.043
2456613.61519 16.081
2456613.61679 16.112
2456613.61837 16.086
2456613.61996 16.042
2456613.62154 16.014
2456613.62313 16.026
2456613.62472 16.007
2456613.63065 15.99
2456613.63225 16.007
2456613.63383 16.038
2456613.63542 16.039
2456613.63701 16.009
2456613.63859 16.069
2456613.64018 16.062
2456613.64173 16.121
2456613.64331 16.126
2456613.6449 16.043
2456613.64648 16.132
2456613.64807 16.092
2456613.64965 16.095
2456613.65124 16.147
2456613.65284 16.038
2456613.65641 16.128
2456613.658 16.146
2456613.65959 16.104
2456613.66118 16.11
2456613.66276 16.121
2456613.66435 16.03
2456613.66594 16.08
2456613.66752 16.048
2456613.66911 16.022
2456613.6707 16.013
2456613.67229 15.965
2456613.67387 15.993
2456613.67546 15.931
2456613.67705 15.94
2456613.67864 15.935
2456613.68335 15.94
2456613.68494 15.927
2456613.68653 15.975
2456613.68812 15.927
2456613.68971 15.886
2456613.69129 15.973
2456613.69288 15.984
2456613.69447 16.024
2456613.69606 15.985
2456613.69764 16.06
2456613.69923 16.107
2456613.70081 16.06
2456613.7024 16.051
2456613.70399 16.111
2456613.70558 16.11
2456613.70947 16.215
2456613.71106 16.196
2456613.71263 16.316
2456613.71422 16.322
2456613.71581 16.327
2456613.71739 16.29
2456613.71897 16.285
2456613.72056 16.252
2456613.72215 16.257
2456613.7237 16.226
2456613.72529 16.178
2456613.72687 16.137
2456613.72845 16.173
2456613.73004 16.148
2456613.73162 16.046
2456613.73976 16.059
2456613.74135 16.087
2456613.74293 16.039
2456613.74451 15.962
2456613.7461 16.02
2456613.74768 15.983
2456613.74927 16.002
2456613.75086 15.999
2456613.75244 16.016
2456613.75403 15.989
2456613.7556 15.998
2456613.75718 16.01
2456613.75877 16.03
2456613.76035 16.073
2456613.76195 16.048
2456613.76583 16.046
2456613.76741 16.033
2456613.769 16.058
2456613.77059 16.138
2456613.77218 16.143
2456613.77376 16.056
2456613.77535 16.106
2456613.77693 16.121
2456613.77852 16.148
2456613.7801 16.088
2456613.78168 16.159
2456613.78327 16.117
2456613.78485 16.017
2456613.78644 16.043
2456613.78802 16.072
2456613.79387 15.959
2456613.79546 15.969
2456613.79704 16.039
2456613.79863 15.955
2456613.80022 15.96
2456613.8018 16.015
2456613.80339 15.9
2456613.80497 15.987
2456613.80657 15.917
2456613.80815 15.926
2456613.80974 15.967
2456613.81133 15.937
2456613.81293 15.906
2456613.81451 15.962
2456613.8161 15.891
2456613.81998 16.063
2456613.82157 16.036
2456613.82316 16.02
2456613.82474 16.106
2456613.82632 16.111
2456613.8279 16.128
2456613.8295 16.12
2456613.83108 16.216
2456613.83266 16.181
2456613.83426 16.234
2456613.83584 16.267
2456613.83743 16.393
2456613.83901 16.289
2456613.8406 16.331
2456613.84219 16.222
