2454153.64206 1.112
2454153.64527 1.15
2454153.64848 1.194
2454153.67092 1.174
2454153.67414 1.16
2454153.67735 1.123
2454153.68056 1.11
2454153.68378 1.095
2454153.68698 1.099
2454153.69338 1.153
2454153.6966 1.144
2454153.69982 1.142
2454153.70523 1.174
2454153.71302 1.247
2454153.71943 1.29
2454153.72264 1.259
2454153.72585 1.195
2454153.72905 1.175
2454153.73228 1.112
2454153.73873 1.075
2454153.74194 1.059
2454153.74516 1.043
2454153.82083 1.136
2454153.82405 1.155
2454153.84644 1.205
2454153.84965 1.136
2454153.85288 1.124
2454153.85607 1.078
2454153.86607 1.019
2454153.86928 1.0
2454153.87249 1.011
2454153.8757 1.016
2454153.87892 1.043
2454153.88214 1.113
2454153.88535 1.135
2454153.88855 1.178
2454153.89178 1.253
2454153.89976 1.251
2454153.90297 1.268
2454153.90617 1.277
2454153.90937 1.214
2454153.91259 1.19
2454153.91579 1.191
2454153.91901 1.141
2454153.92221 1.134
2454153.9254 1.109
2454153.92861 1.088
2454153.93182 1.112
2454153.95107 1.171
2454153.95427 1.189
2454153.95749 1.223
2454153.96853 1.191
2454153.97173 1.121
2454153.97493 1.094
2454153.98133 1.03
2454153.98455 1.016
2454153.99097 1.016
2454153.99418 1.024
2454153.99739 1.048
2454154.0006 1.042
