2454731.70126 1.158
2454731.70435 1.189
2454731.70744 1.216
2454731.71052 1.244
2454731.71361 1.34
2454731.71669 1.343
2454731.71977 1.363
2454731.72286 1.37
2454731.72594 1.307
2454731.73137 1.231
2454731.73444 1.222
2454731.73753 1.203
2454731.74062 1.237
2454731.74369 1.184
2454731.74677 1.155
2454731.74985 1.137
2454731.75292 1.151
2454731.756 1.159
2454731.75908 1.158
2454731.76983 1.177
2454731.77292 1.232
2454731.79736 1.138
2454731.80045 1.121
2454731.80353 1.159
2454731.80662 1.096
2454731.80969 1.082
2454731.81277 1.089
2454731.81584 1.089
2454731.81893 1.119
2454731.82201 1.15
2454731.82508 1.171
2454731.82944 1.215
2454731.83253 1.266
2454731.83563 1.323
2454731.83871 1.335
2454731.84179 1.352
2454731.84488 1.348
2454731.84796 1.308
2454731.85103 1.28
2454731.85412 1.243
2454731.8572 1.222
2454731.8646 1.16
2454731.86768 1.171
2454731.87076 1.133
2454731.87384 1.103
2454731.87692 1.156
2454731.88 1.126
2454731.88615 1.151
2454731.88923 1.18
2454731.89231 1.179
2454731.8969 1.223
2454731.89998 1.204
2454731.90306 1.224
2454731.90614 1.201
2454731.90922 1.237
2454731.91231 1.212
2454731.91538 1.16
2454731.91846 1.177
2454731.92154 1.126
2454731.92462 1.116
2454731.93001 1.112
2454731.93309 1.094
2454731.93616 1.105
2454731.93924 1.144
2454731.94232 1.162
2454731.9454 1.135
2454731.94848 1.187
2454731.95156 1.295
2454731.95464 1.347
2454731.95772 1.366
2454731.96236 1.349
2454731.97161 1.304
2454731.97469 1.199
2454731.97777 1.218
2454731.98085 1.185
2454731.98393 1.197
2454731.99009 1.155
