2455586.93659 0.363
2455586.93851 0.366
2455586.94045 0.368
2455586.94314 0.381
2455586.94508 0.377
2455586.947 0.421
2455586.94969 0.436
2455586.95163 0.46
2455586.95357 0.469
2455586.95651 0.501
2455586.95845 0.51
2455586.96039 0.515
2455586.96314 0.5
2455586.96506 0.488
2455586.96699 0.454
2455586.978 0.389
2455586.97992 0.381
2455586.98185 0.375
2455586.99333 0.435
2455586.99527 0.426
2455586.99721 0.436
2455587.00788 0.531
2455587.0098 0.534
2455587.01174 0.56
2455587.02256 0.552
2455587.02449 0.513
2455587.02642 0.494
2455587.03711 0.469
2455587.05157 0.411
2455587.05346 0.41
2455587.05536 0.406
2455587.06613 0.431
2455587.06802 0.437
2455587.06991 0.459
2455587.0806 0.493
2455587.08249 0.479
2455587.08438 0.461
2455587.09484 0.403
2455587.09673 0.39
2455587.09861 0.385
2455587.10944 0.397
2455587.11132 0.402
2455587.11321 0.403
2455587.12369 0.456
2455587.12558 0.474
2455587.12747 0.505
2455587.13798 0.557
2455587.13986 0.498
2455587.14175 0.488
2455587.15219 0.378
2455587.15407 0.393
2455587.15595 0.382
2455587.1664 0.382
2455587.16829 0.386
2455587.17017 0.359
2455587.18456 0.411
2455587.20993 0.406
2455587.21183 0.406
2455587.21372 0.393
2455587.22413 0.466
2455587.22792 0.447
