2455588.9301 1.262
2455588.93204 1.27
2455588.93397 1.269
2455588.9367 1.253
2455588.93866 1.23
2455588.94061 1.251
2455588.94333 1.238
2455588.9453 1.248
2455588.94727 1.254
2455588.94992 1.253
2455588.95179 1.268
2455588.95367 1.273
2455588.95629 1.296
2455588.95816 1.324
2455588.96004 1.332
2455588.96941 1.444
2455588.97129 1.409
2455588.97852 1.308
2455588.98041 1.318
2455588.98228 1.281
2455588.98939 1.271
2455588.99126 1.269
2455588.99314 1.274
2455589.00085 1.292
2455589.0028 1.325
2455589.00468 1.309
2455589.02308 1.481
2455589.02495 1.486
2455589.02683 1.456
2455589.03448 1.393
2455589.03635 1.346
2455589.03826 1.314
2455589.04573 1.287
2455589.0476 1.277
2455589.04949 1.267
2455589.05669 1.274
2455589.05857 1.271
2455589.06044 1.253
2455589.0677 1.312
2455589.06957 1.332
2455589.07145 1.347
2455589.13399 1.421
2455589.15951 1.351
2455589.16151 1.325
2455589.16338 1.33
2455589.18193 1.321
2455589.18381 1.307
2455589.18568 1.334
2455589.20444 1.456
2455589.20634 1.44
2455589.20823 1.427
2455589.22738 1.338
2455589.22926 1.321
2455589.23113 1.324
2455589.24995 1.382
