2455580.74691 13.42
2455580.7484 13.441
2455580.74989 13.42
2455580.75138 13.458
2455580.75287 13.483
2455580.75435 13.495
2455580.75585 13.52
2455580.75734 13.526
2455580.75883 13.49
2455580.76032 13.451
2455580.76284 13.489
2455580.76433 13.459
2455580.76582 13.452
2455580.76731 13.433
2455580.7688 13.392
2455580.77029 13.417
2455580.77178 13.394
2455580.77327 13.39
2455580.77476 13.377
2455580.77625 13.385
2455580.77807 13.385
2455580.77956 13.348
2455580.78105 13.378
2455580.78254 13.369
2455580.78403 13.358
2455580.78552 13.351
2455580.78701 13.352
2455580.7885 13.362
2455580.78999 13.339
2455580.79148 13.321
2455580.79376 13.376
2455580.79525 13.363
2455580.79674 13.363
2455580.79823 13.354
2455580.79972 13.359
2455580.8012 13.362
2455580.80269 13.37
2455580.80419 13.356
2455580.80567 13.381
2455580.80716 13.385
2455580.80898 13.393
2455580.81047 13.408
2455580.81196 13.409
2455580.81345 13.479
2455580.81494 13.479
2455580.81792 13.487
2455580.81941 13.483
2455580.8209 13.476
2455580.82239 13.492
2455580.82478 13.463
2455580.82627 13.461
2455580.82776 13.435
2455580.82925 13.363
2455580.83074 13.38
2455580.83223 13.386
2455580.83372 13.371
2455580.83521 13.365
2455580.8367 13.376
2455580.83819 13.354
2455580.84 13.362
2455580.84148 13.334
2455580.84297 13.366
2455580.84447 13.349
2455580.84744 13.375
2455580.84894 13.366
2455580.85043 13.384
2455580.85191 13.373
2455580.8534 13.381
2455580.85569 13.41
2455580.85718 13.423
2455580.85867 13.426
2455580.86016 13.408
2455580.86165 13.436
2455580.86314 13.458
2455580.86463 13.452
2455580.86612 13.487
2455580.86761 13.477
2455580.8691 13.497
2455580.87092 13.533
2455580.8739 13.576
2455580.87539 13.578
2455580.87688 13.585
2455580.87837 13.549
2455580.87986 13.553
2455580.88135 13.532
2455580.88284 13.52
2455580.88433 13.482
2455580.88661 13.488
2455580.88811 13.461
2455580.88959 13.476
2455580.89108 13.453
2455580.89257 13.444
2455580.89406 13.444
2455580.89555 13.441
2455580.89704 13.447
2455580.89853 13.434
2455580.90002 13.418
2455580.90185 13.393
2455580.90334 13.393
2455580.90482 13.385
2455580.90632 13.37
2455580.9078 13.388
2455580.90929 13.398
2455580.91078 13.426
2455580.91228 13.415
2455580.91376 13.413
2455580.91525 13.415
2455580.91753 13.403
2455580.91902 13.406
2455580.92051 13.393
2455580.922 13.419
2455580.92349 13.426
2455580.92498 13.441
2455580.92647 13.415
2455580.92796 13.456
2455580.92945 13.489
2455580.93094 13.493
2455580.93276 13.519
2455580.93425 13.508
2455580.93574 13.525
2455580.93723 13.529
2455580.93872 13.502
2455580.94022 13.507
2455580.9417 13.494
2455580.9432 13.464
2455580.94469 13.456
2455580.94618 13.435
2455580.94847 13.404
2455580.94996 13.405
2455580.95144 13.381
2455580.95293 13.382
2455580.95442 13.35
2455580.95591 13.346
2455580.9574 13.349
2455580.95889 13.343
2455580.96039 13.385
2455580.96188 13.35
2455580.96369 13.384
2455580.96518 13.349
2455580.96667 13.372
2455580.96816 13.37
2455580.96966 13.406
2455580.97114 13.388
2455580.97263 13.382
2455580.97561 13.378
2455580.9771 13.421
2455580.97938 13.401
2455580.98087 13.404
2455580.98236 13.424
2455580.98385 13.408
2455580.98534 13.444
2455580.98683 13.46
2455580.98832 13.47
2455580.98982 13.503
2455580.99131 13.485
2455580.99279 13.475
2455580.99461 13.525
2455580.9961 13.528
2455580.99759 13.494
2455580.99908 13.476
2455581.00057 13.433
2455581.00206 13.448
2455581.00355 13.422
2455581.00654 13.392
