2455592.92294 1.014
2455592.92487 1.023
2455592.92679 0.966
2455592.92953 0.929
2455592.93146 0.887
2455592.93339 0.869
2455592.93618 0.851
2455592.93814 0.819
2455592.94674 0.765
2455592.9542 0.794
2455592.95615 0.764
2455592.95809 0.783
2455592.96575 0.798
2455592.96764 0.78
2455592.96951 0.792
2455592.97692 0.877
2455592.97881 0.898
2455592.98068 0.912
2455592.98804 0.91
2455592.98994 0.9
2455592.99184 0.861
2455592.99907 0.865
2455593.00104 0.885
2455593.00302 0.853
2455593.01036 0.869
2455593.01223 0.871
2455593.01412 0.865
2455593.02138 0.863
2455593.02328 0.869
2455593.02515 0.861
2455593.03233 0.948
2455593.03423 0.952
2455593.0361 0.988
2455593.04348 1.035
2455593.04536 1.015
2455593.04725 0.966
2455593.0545 0.893
2455593.05639 0.855
2455593.05829 0.845
2455593.0656 0.827
2455593.06749 0.845
2455593.06936 0.797
2455593.07651 0.816
2455593.07838 0.834
2455593.08027 0.814
2455593.09925 0.991
2455593.10116 0.992
2455593.10303 0.977
2455593.12171 0.88
2455593.1236 0.87
2455593.12549 0.867
2455593.14456 0.899
2455593.14645 0.904
2455593.14833 0.938
2455593.16708 0.972
2455593.16896 0.918
2455593.17085 0.882
2455593.18987 0.81
2455593.19175 0.792
2455593.19363 0.794
2455593.21203 0.931
2455593.21391 0.92
2455593.2158 0.943
2455593.23439 0.876
2455593.23627 0.856
2455593.23816 0.858
2455593.25667 0.929
2455593.25857 0.869
2455593.26045 0.875
