2455590.92923 0.897
2455590.93118 0.902
2455590.93315 0.872
2455590.93593 0.864
2455590.93791 0.857
2455590.93987 0.879
2455590.94259 0.856
2455590.94454 0.838
2455590.94647 0.851
2455590.94938 0.862
2455590.95132 0.854
2455590.95324 0.845
2455590.96066 0.855
2455590.96262 0.915
2455590.96454 0.907
2455590.97203 0.991
2455590.97395 1.023
2455590.97588 1.03
2455590.98328 0.97
2455590.98521 0.954
2455590.98714 0.925
2455590.9948 0.907
2455590.99673 0.885
2455590.99868 0.889
2455591.00611 0.922
2455591.00804 0.916
2455591.00998 0.918
2455591.01751 0.937
2455591.01943 0.934
2455591.02135 0.942
2455591.02868 1.019
2455591.0306 1.019
2455591.03255 1.04
2455591.04007 0.969
2455591.042 0.933
2455591.04392 0.912
2455591.0513 0.87
2455591.05324 0.862
2455591.05517 0.859
2455591.06279 0.856
2455591.06476 0.864
2455591.06673 0.853
2455591.0746 0.86
2455591.07648 0.875
2455591.07837 0.896
2455591.0967 1.02
2455591.09858 0.999
2455591.10046 0.97
2455591.11931 0.884
2455591.12119 0.9
2455591.12307 0.892
2455591.14191 0.978
2455591.14379 0.973
2455591.14567 1.007
2455591.16471 0.94
2455591.1666 0.893
2455591.16847 0.879
2455591.18727 0.869
2455591.18914 0.86
2455591.19104 0.867
2455591.20973 1.002
2455591.21162 1.014
2455591.2135 1.004
2455591.23241 0.885
2455591.23429 0.877
2455591.23617 0.888
