2455584.93741 0.381
2455584.93936 0.403
2455584.94212 0.388
2455584.9441 0.432
2455584.94876 0.47
2455584.95072 0.47
2455584.9527 0.461
2455584.95543 0.447
2455584.95732 0.435
2455584.95919 0.401
2455584.96191 0.385
2455584.96387 0.368
2455584.96574 0.365
2455584.97065 0.341
2455584.97262 0.349
2455584.97535 0.362
2455584.9773 0.37
2455584.97926 0.368
2455584.982 0.374
2455584.98395 0.362
2455584.98591 0.372
2455584.98863 0.36
2455584.9906 0.364
2455584.99255 0.388
2455584.99528 0.402
2455584.99722 0.41
2455584.99918 0.45
2455585.00214 0.545
2455585.00409 0.517
2455585.00596 0.532
2455585.00854 0.555
2455585.01048 0.537
2455585.01235 0.499
2455585.01494 0.461
2455585.01682 0.441
2455585.01869 0.433
2455585.02127 0.398
2455585.02315 0.399
2455585.02502 0.382
2455585.02762 0.356
2455585.02949 0.353
2455585.03137 0.358
2455585.03434 0.333
2455585.03622 0.342
2455585.03809 0.345
2455585.04076 0.316
2455585.04264 0.33
2455585.04451 0.343
2455585.04713 0.349
2455585.04901 0.345
2455585.0509 0.36
2455585.0535 0.368
2455585.05538 0.394
2455585.05726 0.408
2455585.06023 0.413
2455585.06211 0.413
2455585.06398 0.415
2455585.06662 0.457
2455585.0685 0.45
2455585.07037 0.465
2455585.07296 0.43
2455585.07484 0.447
2455585.07671 0.424
2455585.07929 0.398
2455585.08119 0.38
2455585.08307 0.365
2455585.08591 0.354
2455585.08779 0.336
2455585.08966 0.338
2455585.09227 0.35
2455585.09414 0.359
2455585.09602 0.372
2455585.09863 0.375
2455585.10051 0.376
2455585.10238 0.386
2455585.105 0.368
2455585.10688 0.375
2455585.10875 0.381
2455585.1114 0.395
2455585.11328 0.409
2455585.11515 0.443
2455585.11795 0.463
2455585.11983 0.485
2455585.1217 0.519
2455585.12429 0.554
2455585.12617 0.573
2455585.12804 0.551
2455585.13102 0.498
2455585.13289 0.472
2455585.13477 0.45
2455585.13736 0.355
2455585.14563 0.389
2455585.1475 0.371
2455585.15389 0.337
2455585.16532 0.38
2455585.1672 0.377
2455585.16907 0.374
2455585.17169 0.416
2455585.18362 0.543
2455585.1864 0.537
2455585.18828 0.529
2455585.19035 0.532
2455585.19295 0.524
2455585.19483 0.504
